Parameter Female_0 Female_1 Female_2 Female_3 Female_4 Female_5
Size 24.585435968 28.5852716934 31.057381043 22.0422427038 29.213277903 29.7107699059
Profit 3.2225153809 3.85770669943 4.56717114702 3.00669061183 4.00808937451 4.14043355672
E values
no_rival 0.0752094070089 0.0900339638403 0.106591960961 0.0701723316251 0.0935437040525 0.0966324488026
brother 0.0235300150768 0.0281680259271 0.0333483609061 0.0219541156722 0.0292660832499 0.0302324279324
nonkin 0.0425828141544 0.0509763299868 0.0603513023763 0.0397308724428 0.0529635097975 0.0547123261876
many_rivals 0.0 0.0 0.0 0.0 0.0 0.0
Observed values
no_rival 263 273 286 176 245 287
brother 39 51 48 32 85 28
nonkin 133 120 190 112 132 147
many_rivals 0 0 0 0 0 0
Q values
no_rival 0.130797627035 0.121885339552 0.104925320641 0.127904427616 0.107113929237 0.117646259549
brother 0.0627388039695 0.0583563527851 0.0608900423284 0.0577572073153 0.0713995961832 0.0546555546704
nonkin 0.0924336371323 0.101260426811 0.108532605314 0.100074983793 0.102890456792 0.104354465883
many_rivals 1 1 1 1 1 1
O' values
no_rival 2010.73984263 2239.80998045 2725.74816309 1376.0274236 2287.2842192 2439.51657368
brother 621.624856269 873.940840474 788.306234723 554.043408389 1190.48292349 512.299256112
nonkin 1438.87013566 1185.06314637 1750.62599345 1119.16081077 1282.91781488 1408.660365
many_rivals 0 0 0 0 0 0
