Parameter Female_0 Female_1 Female_2 Female_3 Female_4 Female_5
Size 19.4484369806 26.1132691683 30.5081711398 19.9584273024 28.8939302063 32.4147951525
Profit 2.87058272911 3.4112118631 4.3800464511 2.89239262088 3.92940901995 5.121327314
E values
no_rival 0.0675814952145 0.0803094075165 0.103118466252 0.0680949606797 0.0925092087347 0.120570277893
brother 0.0211435465928 0.0251256012356 0.0322616433516 0.0213041893983 0.0289424310447 0.0377216171416
nonkin 0.0382639667755 0.0454703834417 0.0583846444071 0.0385546857872 0.0523777888935 0.0682656856402
many_rivals 0.0 0.0 0.0 0.0 0.0 0.0
Observed values
no_rival 230 228 227 230 333 232
brother 26 42 58 43 69 82
nonkin 95 141 173 98 189 197
many_rivals 0 0 0 0 0 0
Q values
no_rival 0.135567513476 0.122599141636 0.0965688000931 0.139396697756 0.117760164663 0.102096733245
brother 0.0509958416747 0.0613430861081 0.0639275672342 0.0584663845112 0.0670694938619 0.0563277695097
nonkin 0.100741603079 0.0967657193235 0.10950705086 0.0866458855398 0.0959785904514 0.117139742261
many_rivals 1 1 1 1 1 1
O' values
no_rival 1696.57164982 1859.71938268 2350.65569605 1649.96735003 2827.78137201 2272.35478186
brother 509.845492223 684.673736923 907.276821399 735.465350894 1028.7836694 1455.76508201
nonkin 943.006633765 1457.12759628 1579.80694979 1131.04043417 1969.18916095 1681.75203563
many_rivals 0 0 0 0 0 0
