Parameter Female_0 Female_1 Female_2 Female_3 Female_4 Female_5
Size 20.0794194124 29.4179021473 30.9146411637 21.0627797248 28.9877257506 33.0631303235
Profit 2.89787990147 4.06103539217 4.51667105763 2.94740613502 3.95203208989 5.44003915263
E values
no_rival 0.0647575334115 0.0907500117448 0.100931883607 0.0658642724182 0.0883141671863 0.121565947922
brother 0.0202600419031 0.0283920486745 0.0315775491054 0.0206062962688 0.0276299703459 0.0380331224669
nonkin 0.0366650678422 0.0513817491498 0.0571466231797 0.0372916924004 0.0500025983192 0.068829424054
many_rivals 0.0 0.0 0.0 0.0 0.0 0.0
Observed values
no_rival 230 227 255 256 269 265
brother 34 79 71 32 51 109
nonkin 95 149 167 95 97 179
many_rivals 0 0 0 0 0 0
Q values
no_rival 0.147360085311 0.109158073988 0.104665155069 0.148905425521 0.119119442022 0.0911765332481
brother 0.0465013064896 0.0624832225174 0.0708457861938 0.0546614175336 0.0564406289093 0.0636003144693
nonkin 0.0920669643299 0.102136416432 0.102873932773 0.0861271547481 0.104547562616 0.109682030741
many_rivals 1 1 1 1 1 1
O' values
no_rival 1560.80257089 2079.55299784 2436.34091815 1719.21203747 2258.23757595 2906.44961548
brother 731.162252562 1264.33939892 1002.1767534 585.422066311 903.604388994 1713.82800399
nonkin 1031.85763418 1458.83324679 1623.34612372 1103.02029921 927.807378506 1631.99020652
many_rivals 0 0 0 0 0 0
