Parameter Female_0 Female_1 Female_2 Female_3 Female_4 Female_5
Size 24.3882110942 29.1598188803 31.7854371448 19.4927336484 27.0506939243 32.9235932149
Profit 3.20186020697 3.99458808443 4.84684615694 2.87239556005 3.55674842897 5.36813921064
E values
no_rival 0.0714738631476 0.0891696150431 0.108194236015 0.0641193537175 0.0793958930216 0.119830855346
brother 0.0223613128243 0.0278976057624 0.0338496486795 0.0200603810041 0.0248397990908 0.0374902814035
nonkin 0.0404677865755 0.0504869443413 0.0612584944891 0.0363037368813 0.0449531606699 0.0678470319882
many_rivals 0.0 0.0 0.0 0.0 0.0 0.0
Observed values
no_rival 272 230 253 188 289 266
brother 38 41 69 10 78 38
nonkin 100 186 209 80 152 202
many_rivals 0 0 0 0 0 0
Q values
no_rival 0.136950506645 0.114168695128 0.0983526747715 0.137474605474 0.117042099103 0.0950555433206
brother 0.0610944265354 0.0548555601688 0.0591965735148 0.0586445795449 0.0595974698497 0.0637721521797
nonkin 0.0896832358214 0.1022193213 0.115721993077 0.0934810341532 0.104803592347 0.108657955785
many_rivals 1 1 1 1 1 1
O' values
no_rival 1986.11897586 2014.56274632 2572.37538875 1367.52529205 2469.19700018 2798.36389029
brother 621.987997187 747.41739714 1165.60800572 170.518743209 1308.7803928 595.871374906
nonkin 1115.0355926 1819.61685555 1806.05254405 855.788564222 1450.33196473 1859.04472932
many_rivals 0 0 0 0 0 0
