Parameter Female_0 Female_1 Female_2 Female_3 Female_4 Female_5
Size 23.8989680692 26.6959504508 34.085498771 23.4418021309 25.5774125954 31.4022418031
Profit 3.1537986415 3.49864897894 6.02828143413 3.11269938613 3.33880411333 4.69489901707
E values
no_rival 0.0704407323154 0.0781430345451 0.134642888495 0.0695227721109 0.0745728670519 0.104861521772
brother 0.0220380875122 0.0244478297878 0.0421243740946 0.0217508944826 0.0233308671859 0.0328069757015
nonkin 0.0398828382297 0.0442438047291 0.0762334570371 0.0393630983415 0.0422224115961 0.0593715450119
many_rivals 0.0 0.0 0.0 0.0 0.0 0.0
Observed values
no_rival 304 296 263 249 241 240
brother 29 43 82 30 35 48
nonkin 86 85 244 109 143 183
many_rivals 0 0 0 0 0 0
Q values
no_rival 0.148969614785 0.131244564736 0.0886365272111 0.13666602736 0.124096181145 0.102859555791
brother 0.0561313838103 0.0570252859554 0.0652242853908 0.0602984985928 0.0524133983332 0.0589962565551
nonkin 0.0805026170843 0.0965768210485 0.112692758538 0.0864575701915 0.104222741281 0.11228220547
many_rivals 1 1 1 1 1 1
O' values
no_rival 2040.68460833 2255.33149197 2967.17401138 1821.95974238 1942.04203366 2333.27859677
brother 516.64502158 754.051457692 1257.20043552 497.524825661 667.768187392 813.610944199
nonkin 1068.28825093 880.128369077 2165.17905112 1260.73401969 1372.06139699 1629.82192267
many_rivals 0 0 0 0 0 0
