Parameter Female_0 Female_1 Female_2 Female_3 Female_4 Female_5
Size 21.4831338677 25.559201721 34.5200211909 21.9659801725 29.0645328916 34.4424173872
Profit 2.97152353998 3.33646877792 6.31448466528 3.00167417395 3.97085592567 6.26164665016
E values
no_rival 0.0611601467861 0.0686714802891 0.129965253114 0.0617807096638 0.0817284897839 0.128877736654
brother 0.0191345635235 0.0214845593233 0.0406609290891 0.0193287128254 0.0255695753138 0.0403206886895
nonkin 0.0346282635088 0.0388811054249 0.0735850266604 0.0349796200045 0.0462738536307 0.072969285716
many_rivals 0.0 0.0 0.0 0.0 0.0 0.0
Observed values
no_rival 233 271 252 265 307 265
brother 32 26 65 21 57 78
nonkin 92 54 244 92 95 237
many_rivals 0 0 0 0 0 0
Q values
no_rival 0.130008055117 0.132749971106 0.0789773203825 0.138299718292 0.119020307884 0.0946186585035
brother 0.060506124446 0.0631446141021 0.056980393523 0.0568443239154 0.0598187314694 0.0573247385107
nonkin 0.0899867458083 0.0778872524691 0.112420051398 0.0900047938499 0.0908144196218 0.107753505982
many_rivals 1 1 1 1 1 1
O' values
no_rival 1792.19664344 2041.43170611 3190.78944157 1916.12827034 2579.391748 2800.71609756
brother 528.872081843 411.753248788 1140.74326239 369.430024909 952.878782278 1360.66909377
nonkin 1022.37278583 693.30985865 2170.43131511 1022.16777646 1046.08938091 2199.46439645
many_rivals 0 0 0 0 0 0
