Parameter Female_0 Female_1 Female_2 Female_3 Female_4 Female_5
Size 23.9687561025 27.330492183 34.2198811117 22.0987076601 28.4919808929 31.7108010516
Profit 3.16038802222 3.60537588561 6.11431904674 3.01045123712 3.83683825554 4.81638953341
E values
no_rival 0.0685268770106 0.078175574693 0.132577134951 0.0652757889923 0.0831943867014 0.104434053942
brother 0.0214393187415 0.0244580102984 0.0414780824407 0.0204221833441 0.0260281958234 0.0326732381163
nonkin 0.0387992324946 0.0442622286354 0.0750638480379 0.0369584989695 0.0471038298064 0.0591295170015
many_rivals 0.0 0.0 0.0 0.0 0.0 0.0
Observed values
no_rival 230 276 302 241 308 313
brother 24 12 58 31 43 39
nonkin 121 76 272 76 100 176
many_rivals 0 0 0 0 0 0
Q values
no_rival 0.129294649518 0.129272402589 0.0982918505566 0.144627800026 0.127851403527 0.106644314385
brother 0.0579593260326 0.0507088659186 0.0481349252461 0.0667828062932 0.0670119848076 0.0570017208004
nonkin 0.0946573042008 0.0998644227333 0.117219296725 0.0803586523351 0.0900451285832 0.105394198871
many_rivals 1 1 1 1 1 1
O' values
no_rival 1778.88258221 2135.02645942 3072.48259433 1666.3463038 2409.04668625 2934.9900349
brother 414.083489972 236.645008375 1204.94629842 464.191334876 641.676263186 684.189870979
nonkin 1278.29543659 761.031786094 2320.43705772 945.76001204 1110.55424734 1669.9211331
many_rivals 0 0 0 0 0 0
