Parameter Female_0 Female_1 Female_2 Female_3 Female_4 Female_5
Size 23.323902216 28.348640193 33.0401866362 24.6786760869 26.6842220092 30.0833538898
Profit 3.10265878549 3.80547626508 5.4280873809 3.2325491727 3.49679325931 4.24794708439
E values
no_rival 0.0708252277392 0.0868686316365 0.123908412597 0.0737902705916 0.0798222415258 0.0969690322
brother 0.0221583807505 0.0271777200938 0.0387659859651 0.0230860240573 0.0249731864838 0.0303377314141
nonkin 0.0401005356936 0.0491841505463 0.0701557041283 0.0417793133062 0.0451945549295 0.0549028963413
many_rivals 0.0 0.0 0.0 0.0 0.0 0.0
Observed values
no_rival 298 291 262 282 238 271
brother 36 68 60 46 33 56
nonkin 116 149 214 89 99 141
many_rivals 0 0 0 0 0 0
Q values
no_rival 0.136068215262 0.121004211461 0.106101303526 0.141188942829 0.11787222137 0.112701341465
brother 0.0660349634554 0.0677539300584 0.0580102288274 0.0484715358354 0.055474354794 0.0562487794023
nonkin 0.087926537251 0.0978367618318 0.104240620591 0.102090347139 0.105667155542 0.1144633601
many_rivals 1 1 1 1 1 1
O' values
no_rival 2190.07796513 2404.8749749 2469.33818242 1997.32354638 2019.13561341 2404.58539781
brother 545.16574427 1003.63181798 1034.30035035 949.010573054 594.869469371 995.577159097
nonkin 1319.283161 1522.94492592 2052.94249772 871.776837815 936.904182689 1231.83523424
many_rivals 0 0 0 0 0 0
