Parameter Female_0 Female_1 Female_2 Female_3 Female_4 Female_5
Size 22.6813678027 27.2223457716 30.4116055143 23.7775957935 29.1496564999 34.2665977231
Profit 3.05167099352 3.58627787667 4.3490891071 3.1425418607 3.992036792 6.14474003792
E values
no_rival 0.0669259888338 0.0786504159978 0.0953795771684 0.0689188716364 0.0875490871502 0.134759875503
brother 0.0209384648665 0.0246065691491 0.0298404545129 0.0215619581802 0.0273906074058 0.04216097465
nonkin 0.0378928256178 0.0445310790338 0.054002962797 0.0390211759318 0.0495694176536 0.0762996939113
many_rivals 0.0 0.0 0.0 0.0 0.0 0.0
Observed values
no_rival 198 228 310 298 339 285
brother 40 50 47 35 57 65
nonkin 66 107 129 94 136 222
many_rivals 0 0 0 0 0 0
Q values
no_rival 0.12465707846 0.11920946186 0.118736004866 0.133598996667 0.123935671497 0.0861284248156
brother 0.0608066772103 0.0592919502692 0.0616694050496 0.0608154177342 0.0589054751293 0.0634503917549
nonkin 0.0942082923777 0.101260981682 0.0974554419963 0.0887065852754 0.10060126006 0.106843164513
many_rivals 1 1 1 1 1 1
O' values
no_rival 1588.35745587 1912.59985946 2610.83401241 2230.55567359 2735.28997669 3309.01210152
brother 657.822493106 843.284792843 762.128318932 575.511955751 967.651986082 1024.42235898
nonkin 700.575271394 1056.67551532 1323.68185252 1059.67330056 1351.8717352 2077.81191255
many_rivals 0 0 0 0 0 0
