Parameter Female_0 Female_1 Female_2 Female_3 Female_4 Female_5
Size 23.6191754006 28.5446244374 29.6620269443 20.2263713844 28.966504004 33.3402582108
Profit 3.12822881063 3.84856937158 4.12691509375 2.9047139525 3.94687865259 5.58853104269
E values
no_rival 0.0707103413969 0.0869928865911 0.0932846006031 0.0656580217353 0.0892150650964 0.126322900867
brother 0.0221224374094 0.0272165944989 0.0291850201447 0.0205417686801 0.027911825266 0.0395213827654
nonkin 0.0400354881955 0.049254502459 0.0528168080155 0.0371749153263 0.0505126777069 0.0715227632421
many_rivals 0.0 0.0 0.0 0.0 0.0 0.0
Observed values
no_rival 277 254 194 268 240 211
brother 32 74 36 45 49 79
nonkin 123 122 159 113 168 219
many_rivals 0 0 0 0 0 0
Q values
no_rival 0.138961459781 0.119324858045 0.0995208747829 0.157693322693 0.114186966821 0.0876665362258
brother 0.0485639324422 0.0543003737449 0.0613354834022 0.0542861941403 0.0664928773058 0.0674752234754
nonkin 0.100855875231 0.105901101242 0.112885751576 0.0763556002881 0.099394380556 0.104660976443
many_rivals 1 1 1 1 1 1
O' values
no_rival 1993.35844943 2128.64280051 1949.33977845 1699.50125613 2101.81605381 2406.84768766
brother 658.925222707 1362.78988332 586.935946423 828.940041066 736.921035537 1170.80012382
nonkin 1219.56207031 1152.01823748 1408.50371088 1479.91764289 1690.23640029 2092.47044546
many_rivals 0 0 0 0 0 0
