Parameter Female_0 Female_1 Female_2 Female_3 Female_4 Female_5
Size 20.2376838714 29.2332052491 34.6317969032 21.5376404435 26.91170425 30.4944421094
Profit 2.90524788266 4.01315679622 6.39195185428 2.97479218814 3.5335238413 4.37561093185
E values
no_rival 0.0639045957206 0.0882744512634 0.14059905234 0.0654343105352 0.0777243187734 0.096247087658
brother 0.0199931918172 0.0276175448223 0.0439878195149 0.020471778394 0.0243168303714 0.0301118638447
nonkin 0.0361821430511 0.0499801115608 0.0796057774441 0.0370482522819 0.0440067320463 0.0544941385611
many_rivals 0.0 0.0 0.0 0.0 0.0 0.0
Observed values
no_rival 340 273 183 199 270 286
brother 25 53 58 25 51 32
nonkin 131 141 140 103 139 158
many_rivals 0 0 0 0 0 0
Q values
no_rival 0.159261418981 0.119038267704 0.0759012595806 0.131934328218 0.12361730533 0.105730608223
brother 0.0476000696411 0.0594123805864 0.0622129990083 0.0515833225394 0.0670534493281 0.0615762335099
nonkin 0.0815564615062 0.0934633032141 0.104329446524 0.10012155825 0.087792279972 0.104979897737
many_rivals 1 1 1 1 1 1
O' values
no_rival 2134.85477007 2293.38014796 2411.02718204 1508.32617021 2184.16021349 2704.98774959
brother 525.209315627 892.069960452 932.281049371 484.652767004 760.587270469 519.681022628
nonkin 1606.24918714 1508.61348948 1341.90302608 1028.74947015 1583.28272195 1505.05004678
many_rivals 0 0 0 0 0 0
