Parameter Female_0 Female_1 Female_2 Female_3 Female_4 Female_5
Size 23.5891931097 27.5086607758 34.2024536747 23.0650826064 27.8538972506 31.2268381214
Profit 3.1255674267 3.63769543779 6.10303862384 3.08137962339 3.70347563462 4.62890310089
E values
no_rival 0.0685079201484 0.0797330258971 0.13376978501 0.067539387371 0.0811748327299 0.101458865133
brother 0.0214333878976 0.0249452744822 0.0418512149384 0.0211303727329 0.0253963581679 0.0317424205456
nonkin 0.0387884993088 0.0451440419327 0.0757391145751 0.0382401257356 0.0459603785433 0.0574449948498
many_rivals 0.0 0.0 0.0 0.0 0.0 0.0
Observed values
no_rival 239 262 315 290 236 253
brother 35 38 104 39 57 59
nonkin 90 86 246 93 105 162
many_rivals 0 0 0 0 0 0
Q values
no_rival 0.129036378255 0.130974302756 0.101383685726 0.135903301521 0.121533694027 0.106809988849
brother 0.064081598306 0.0510756474312 0.0600560438455 0.0596307288303 0.0649115346263 0.0595077627535
nonkin 0.0892599616804 0.0938740523093 0.107865143811 0.0890669709119 0.092457665412 0.10068765399
many_rivals 1 1 1 1 1 1
O' values
no_rival 1852.19085682 2000.39240131 3107.00876325 2133.87016176 1941.84832354 2368.69231733
brother 546.178636695 743.994484871 1731.71579979 654.025210911 878.118200844 991.467285444
nonkin 1008.29082049 916.121099328 2280.62552284 1044.15810988 1135.6548917 1608.9360868
many_rivals 0 0 0 0 0 0
