Parameter Female_0 Female_1 Female_2 Female_3 Female_4 Female_5
Size 23.7244953446 26.4095745821 30.6174433648 21.6725506964 27.3713009656 30.3146155633
Profit 3.13769691516 3.4544828298 4.41575932165 2.98302746444 3.61268360397 4.31855429059
E values
no_rival 0.0761707849381 0.0838610853169 0.107197050168 0.0724160266597 0.0877015700649 0.104837299142
brother 0.0238307917757 0.0262367791522 0.0335376691157 0.0226560781007 0.0274383132105 0.0327993974096
nonkin 0.0431271367241 0.0474813078956 0.0606938978349 0.0410012301344 0.0496557519551 0.0593578304013
many_rivals 0.0 0.0 0.0 0.0 0.0 0.0
Observed values
no_rival 252 282 267 212 264 211
brother 33 37 67 34 62 61
nonkin 122 106 180 90 182 157
many_rivals 0 0 0 0 0 0
Q values
no_rival 0.123755551743 0.122641477161 0.103409489919 0.135406555153 0.113640026036 0.105344584943
brother 0.0557508826576 0.0685656031543 0.0685373242459 0.054792406349 0.0636606686834 0.0666160710265
nonkin 0.10396512538 0.0930217908726 0.10713700838 0.0994195487355 0.101750552234 0.10393113511
many_rivals 1 1 1 1 1 1
O' values
no_rival 2036.27228396 2299.38522046 2581.96805931 1565.65536846 2323.12512772 2002.95060363
brother 591.918879611 539.629176991 977.569532181 620.523942377 973.913741125 915.694952585
nonkin 1173.4704263 1139.51794526 1680.09171361 905.254561549 1788.68808084 1510.6156575
many_rivals 0 0 0 0 0 0
