Parameter Female_0 Female_1 Female_2 Female_3 Female_4 Female_5
Size 23.9716874117 29.4526265154 34.0442394601 19.4567211688 27.6680190217 30.3512271885
Profit 3.16066668563 4.07022336979 6.00229697104 2.87092061514 3.6675309257 4.33001539989
E values
no_rival 0.0697900509678 0.0898737907796 0.132535522786 0.0633922257498 0.0809820192032 0.0956102068034
brother 0.0218345153458 0.0281179141833 0.0414650636589 0.0198328917481 0.0253360345279 0.0299126093005
nonkin 0.0395144289575 0.0508856416015 0.0750402876464 0.0358920442973 0.0458512094526 0.05413354299
many_rivals 0.0 0.0 0.0 0.0 0.0 0.0
Observed values
no_rival 233 218 261 253 258 298
brother 40 37 72 22 51 62
nonkin 85 145 185 108 112 197
many_rivals 0 0 0 0 0 0
Q values
no_rival 0.134088305109 0.111583027078 0.0932945515348 0.141649846235 0.118941355298 0.110056706276
brother 0.0634857902068 0.063052859619 0.0572665264884 0.0517719649488 0.0621170729954 0.0610632900892
nonkin 0.0841398372982 0.0993351525125 0.104958251449 0.0967506119384 0.0990096568256 0.096122135281
many_rivals 1 1 1 1 1 1
O' values
no_rival 1737.6608632 1953.70215085 2797.59102441 1786.09442033 2169.13620459 2707.69506087
brother 630.062252823 586.809229963 1257.2789798 424.940409771 821.030314867 1015.33998429
nonkin 1010.22301361 1459.70481076 1762.60558314 1116.27200941 1131.20278962 2049.47590297
many_rivals 0 0 0 0 0 0
