Parameter Female_0 Female_1 Female_2 Female_3 Female_4 Female_5
Size 21.3788195143 25.1441782071 33.3048137493 23.8083043471 28.5997804116 31.9977541751
Profit 2.96536030764 3.28535016246 5.5691063984 3.14536581522 3.86098508102 4.93585111546
E values
no_rival 0.0664134126462 0.0735800352706 0.124727966566 0.0704448890312 0.0864721884708 0.110545324305
brother 0.0207781002805 0.0230202498348 0.0390223916198 0.0220393879823 0.027053688885 0.0345852101622
nonkin 0.0376026101062 0.0416602801699 0.07061972739 0.0398851917206 0.0489596883903 0.0625896571685
many_rivals 0.0 0.0 0.0 0.0 0.0 0.0
Observed values
no_rival 290 284 241 260 268 225
brother 38 24 85 16 44 51
nonkin 98 111 237 127 139 185
many_rivals 0 0 0 0 0 0
Q values
no_rival 0.135029488761 0.127165372316 0.0905205616379 0.141061019099 0.116670577022 0.100562819598
brother 0.0610468333293 0.0638444161146 0.058008933334 0.0510434943393 0.0596293016052 0.0626389932722
nonkin 0.0877141775547 0.0943065913266 0.110211829845 0.0985598072171 0.0997757618316 0.101997018592
many_rivals 1 1 1 1 1 1
O' values
no_rival 2147.6790193 2233.31237763 2662.3785319 1843.17398003 2297.06586562 2237.40743248
brother 622.472910184 375.913845886 1465.29155278 313.458163613 737.892257925 814.189330572
nonkin 1117.26522134 1177.01210953 2150.40436525 1288.55771522 1393.12391555 1813.77850601
many_rivals 0 0 0 0 0 0
