Parameter Female_0 Female_1 Female_2 Female_3 Female_4 Female_5
Size 19.3043056619 25.6902929552 29.9449535352 22.0555378206 28.9494024701 32.7140999118
Profit 2.86478720797 3.35345880515 4.20713157061 3.0075725039 3.9427406373 5.2636604231
E values
no_rival 0.0673426274113 0.0788298433567 0.0988971512585 0.0706990850766 0.0926821067124 0.123733002475
brother 0.0210688144119 0.0246627047926 0.0309409627427 0.0221189157571 0.028996523906 0.0387111071542
nonkin 0.038128722214 0.0446326690101 0.0559945780711 0.0400291149795 0.0524756819995 0.0700563886711
many_rivals 0.0 0.0 0.0 0.0 0.0 0.0
Observed values
no_rival 271 245 321 232 232 267
brother 33 26 48 35 45 61
nonkin 97 118 195 83 139 238
many_rivals 0 0 0 0 0 0
Q values
no_rival 0.138655727962 0.124426574998 0.110962653121 0.136623351436 0.111609808874 0.0931514929299
brother 0.0505088619714 0.0623103990291 0.0554789674428 0.0711642754256 0.0611488772879 0.0583864565371
nonkin 0.102783761624 0.0979843650941 0.114554712479 0.0752149247508 0.103965487381 0.113210069714
many_rivals 1 1 1 1 1 1
O' values
no_rival 1954.4811021 1969.03274083 2892.86522062 1698.09917237 2078.67034574 2866.29866685
brother 653.350693561 417.265824086 865.192742627 491.819804117 735.908850594 1044.76283744
nonkin 943.72883875 1204.27376232 1702.24337157 1103.50439457 1336.98214187 2102.28648918
many_rivals 0 0 0 0 0 0
