Parameter Female_0 Female_1 Female_2 Female_3 Female_4 Female_5
Size 20.6756512548 27.0533539133 32.8166576273 24.5870584713 26.2731624295 30.0718420347
Profit 2.92681358854 3.55719882491 5.31429598944 3.22268848842 3.434263368 4.24451164476
E values
no_rival 0.068617554031 0.0833965933203 0.124590781463 0.0755541802679 0.0805144383411 0.0995102688672
brother 0.0214676879541 0.0260914581862 0.0389794718884 0.0236378808386 0.0251897471794 0.0311327827178
nonkin 0.0388505729168 0.047218317172 0.0705420545564 0.0427780213259 0.0455864698443 0.0563417191299
many_rivals 0.0 0.0 0.0 0.0 0.0 0.0
Observed values
no_rival 260 249 294 222 221 311
brother 34 44 61 31 27 56
nonkin 163 136 235 100 125 160
many_rivals 0 0 0 0 0 0
Q values
no_rival 0.146713890285 0.119924997078 0.0974046208581 0.125787139247 0.123636082418 0.121548022723
brother 0.055393705577 0.0638633229669 0.0574065378863 0.0589611518597 0.0585448117817 0.0523106619107
nonkin 0.0930865217867 0.0967990054807 0.110803107222 0.102695781847 0.102047169466 0.103483278241
many_rivals 1 1 1 1 1 1
O' values
no_rival 1772.15667511 2076.29773663 3018.33729663 1764.88630976 1787.50406579 2558.65947493
brother 613.788148776 688.971352505 1062.59673978 525.769918365 461.185187523 1070.5274595
nonkin 1751.05908859 1404.97311232 2120.87915123 973.749828882 1224.92373531 1546.14351922
many_rivals 0 0 0 0 0 0
