Parameter Female_0 Female_1 Female_2 Female_3 Female_4 Female_5
Size 19.7045925609 26.9807462697 34.448971174 22.0255344431 28.3066168138 32.0662193501
Profit 2.88127691072 3.54498489897 6.26607928683 3.00558542872 3.79644031732 4.96531526357
E values
no_rival 0.0626896512997 0.0771303397992 0.136334804908 0.0653943054821 0.0826014045327 0.108033310269
brother 0.0196130843056 0.0241309981096 0.0426537070634 0.0204592624131 0.0258426754221 0.0337993014507
nonkin 0.0354942536694 0.0436704270909 0.0771914031907 0.0370256018209 0.0467680892323 0.0611673799412
many_rivals 0.0 0.0 0.0 0.0 0.0 0.0
Observed values
no_rival 229 233 360 269 245 249
brother 45 32 100 21 52 82
nonkin 51 111 195 130 144 172
many_rivals 0 0 0 0 0 0
Q values
no_rival 0.137388414705 0.12121072495 0.0943433667017 0.136267111869 0.113071869328 0.100650959553
brother 0.0613088267771 0.0605025940704 0.0569889001523 0.048846549513 0.0625448309865 0.0623075559162
nonkin 0.082871375384 0.0918425131727 0.10168524768 0.0997573662389 0.103390002895 0.0977878736086
many_rivals 1 1 1 1 1 1
O' values
no_rival 1666.80720853 1922.27214297 3815.84856027 1974.06400055 2166.76350587 2473.89593807
brother 733.988927298 528.90294196 1754.72767035 429.917777394 831.403637676 1316.05226355
nonkin 615.411530987 1208.59062068 1917.68230348 1303.16191076 1392.784563 1758.90929675
many_rivals 0 0 0 0 0 0
