Parameter Female_0 Female_1 Female_2 Female_3 Female_4 Female_5
Size 20.5954855418 29.4951951279 32.1223044862 21.6066936366 29.1965690018 31.7616703928
Profit 2.92273278227 4.08156875496 4.98973476997 2.97898137573 4.00385494147 4.83710145509
E values
no_rival 0.065315897333 0.0912130343812 0.111508313702 0.0665729152094 0.0894763215712 0.108097334093
brother 0.0204347316396 0.0285369099365 0.034886491025 0.0208280022524 0.0279935619668 0.0338193319443
nonkin 0.036981207911 0.0516439079363 0.0631348921352 0.0376929188624 0.0506605985104 0.0612036295901
many_rivals 0.0 0.0 0.0 0.0 0.0 0.0
Observed values
no_rival 284 417 265 218 311 237
brother 18 58 54 26 32 50
nonkin 129 156 136 40 193 140
many_rivals 0 0 0 0 0 0
Q values
no_rival 0.143310404747 0.124486618623 0.112310699406 0.13477015215 0.112001552261 0.101162005039
brother 0.0597337103486 0.0540435854171 0.0615984080184 0.0658742752569 0.048139601402 0.0637176759075
nonkin 0.0888083937144 0.102534895577 0.0954378274765 0.0864411163414 0.113252287301 0.104185741009
many_rivals 1 1 1 1 1 1
O' values
no_rival 1981.71235718 3349.75762547 2359.52586354 1617.5688498 2776.74723004 2342.77681535
brother 301.337383781 1073.20784793 876.646032539 394.691249332 664.733381001 784.711609265
nonkin 1452.56540069 1521.43325569 1425.0114823 462.742751285 1704.15984171 1343.75394026
many_rivals 0 0 0 0 0 0
