Parameter Female_0 Female_1 Female_2 Female_3 Female_4 Female_5
Size 20.8335464635 28.9149840383 34.2907666064 20.1806901241 27.6669620253 33.9229258687
Profit 2.93503262344 3.93445257201 6.16058315997 2.90256934638 3.66733008364 5.92704860636
E values
no_rival 0.0611891667442 0.0820249398773 0.128435012002 0.060512376695 0.0764560060429 0.123566314929
brother 0.0191436427076 0.02566232269 0.0401821778548 0.0189319021728 0.0239200260506 0.0386589572887
nonkin 0.0346446943189 0.0464417007091 0.0727186194452 0.034261502561 0.0432886260615 0.0699620118497
many_rivals 0.0 0.0 0.0 0.0 0.0 0.0
Observed values
no_rival 187 314 319 300 266 217
brother 20 63 81 35 44 76
nonkin 98 137 254 87 117 159
many_rivals 0 0 0 0 0 0
Q values
no_rival 0.141356843754 0.126498092546 0.091634650879 0.140460586027 0.118026465277 0.0950709625376
brother 0.0565422994067 0.0622944385141 0.055923873708 0.064390295141 0.0647893719839 0.0578875147645
nonkin 0.0883649230499 0.0876051678268 0.111404609095 0.0792083269528 0.101316003914 0.103120153098
many_rivals 1 1 1 1 1 1
O' values
no_rival 1322.89314783 2482.25086783 3481.21586038 2135.83047377 2253.73181664 2282.50555383
brother 353.717486021 1011.32623558 1448.39752022 543.560173523 679.123730524 1312.89104929
nonkin 1109.03734896 1563.83468463 2279.97748086 1098.3693678 1154.8027506 1541.89065108
many_rivals 0 0 0 0 0 0
