Parameter Female_0 Female_1 Female_2 Female_3 Female_4 Female_5
Size 19.6163764837 25.9520096003 30.9503460703 22.9661974259 27.5264096639 33.0231656984
Profit 2.87753592998 3.38865220911 4.52917678894 3.07351816581 3.64097453326 5.41925400118
E values
no_rival 0.0667875004298 0.0786504899955 0.105122022487 0.0713362407334 0.0845068816244 0.12578068102
brother 0.0208951373845 0.0246065923 0.0328884759552 0.0223182562759 0.026438822985 0.039351743864
nonkin 0.0378144148683 0.0445311209305 0.0595190379118 0.0403898661408 0.0478469513069 0.0712157637868
many_rivals 0.0 0.0 0.0 0.0 0.0 0.0
Observed values
no_rival 211 284 332 237 226 253
brother 28 58 82 20 52 64
nonkin 103 96 186 96 102 223
many_rivals 0 0 0 0 0 0
Q values
no_rival 0.136681338279 0.130330160122 0.113475372328 0.123856656934 0.107965637714 0.0965450284301
brother 0.0624492230292 0.0625242742149 0.0610345759851 0.0601834746928 0.0568352917539 0.0578170473389
nonkin 0.0881457195166 0.0944388048824 0.0976154013895 0.100617077046 0.105089889705 0.109365526661
many_rivals 1 1 1 1 1 1
O' values
no_rival 1543.73671386 2179.08118683 2925.7449717 1913.50231685 2093.25860326 2620.53887304
brother 448.364265267 927.639716387 1343.50077274 332.317136923 914.924484335 1106.93995881
nonkin 1168.51958966 1016.53128838 1905.43702482 954.112391437 970.597650125 2039.03375048
many_rivals 0 0 0 0 0 0
