Parameter Female_0 Female_1 Female_2 Female_3 Female_4 Female_5
Size 23.5160232471 25.2963442862 34.1316482253 23.364342994 27.336577835 33.2777597487
Profit 3.11913489095 3.30363277303 6.05758455341 3.1060778506 3.60646211593 5.55436652294
E values
no_rival 0.0670762418355 0.0710438241907 0.13026689151 0.0667954533392 0.0775560960063 0.119445309409
brother 0.0209854730207 0.0222267708363 0.0407552996778 0.0208976255317 0.0242642001965 0.0373696595016
nonkin 0.0379778973649 0.0402243028185 0.073755811304 0.0378189177261 0.0439114859978 0.067628739734
many_rivals 0.0 0.0 0.0 0.0 0.0 0.0
Observed values
no_rival 263 242 272 197 259 245
brother 42 20 101 25 41 46
nonkin 96 113 254 102 189 192
many_rivals 0 0 0 0 0 0
Q values
no_rival 0.145047607572 0.127648973446 0.0953346392545 0.125912550231 0.124329266074 0.0925347799035
brother 0.0560263921633 0.0647193572856 0.0586297934703 0.0561606855529 0.0553389278582 0.056183805819
nonkin 0.0864004635668 0.0934648244262 0.109889062228 0.0975458519696 0.104486074718 0.113835539662
many_rivals 1 1 1 1 1 1
O' values
no_rival 1813.19777969 1895.82409844 2853.10776992 1564.57795222 2083.17806562 2647.65313383
brother 749.646700033 309.026554633 1722.67364461 445.151261133 740.888947199 818.741260572
nonkin 1111.10514964 1209.01099097 2311.42203647 1045.66209573 1808.85348129 1686.64373684
many_rivals 0 0 0 0 0 0
