Parameter Female_0 Female_1 Female_2 Female_3 Female_4 Female_5
Size 19.3270415749 25.6939274519 32.8639964828 22.1755930198 25.6826050097 30.2743339029
Profit 2.86569105737 3.35393582186 5.33799862687 3.01563625537 3.35245085488 4.30603477117
E values
no_rival 0.0685989444121 0.0802865530161 0.127781070515 0.07218833423 0.08025100586 0.103077908257
brother 0.0214618657488 0.0251184509766 0.0399775857213 0.0225848422472 0.0251073296934 0.0322489543772
nonkin 0.0388400363367 0.0454574434522 0.0723483643149 0.0408723129577 0.0454373170079 0.0583616808759
many_rivals 0.0 0.0 0.0 0.0 0.0 0.0
Observed values
no_rival 272 259 259 291 275 268
brother 26 42 97 44 45 47
nonkin 50 142 207 111 132 164
many_rivals 0 0 0 0 0 0
Q values
no_rival 0.135135196638 0.121492557088 0.0901084353821 0.132247919098 0.127134455084 0.104082065701
brother 0.065985714719 0.0639606810061 0.0672685526776 0.0582125811315 0.0503225916405 0.0609367892231
nonkin 0.0804106450962 0.0949136365734 0.101282928366 0.0927485751651 0.0948400681944 0.103971919312
many_rivals 1 1 1 1 1 1
O' values
no_rival 2012.79908393 2131.81783484 2874.31469542 2200.41269446 2163.0642914 2574.89124755
brother 394.02467808 656.653421123 1441.98137375 755.850353047 894.230573843 771.291047645
nonkin 621.808218802 1496.09692692 2043.7797696 1196.78388377 1391.81679762 1577.34897158
many_rivals 0 0 0 0 0 0
