Parameter Female_0 Female_1 Female_2 Female_3 Female_4 Female_5
Size 21.8264486995 28.6616357413 33.956817173 23.1406330949 29.2507099506 32.0242695012
Profit 2.99267944795 3.87506226806 5.94789886711 3.08748484584 4.01762378368 4.94721723858
E values
no_rival 0.0640444634935 0.0829277870478 0.12728726831 0.0660733345937 0.0859786569927 0.105872305852
brother 0.0200369508486 0.0259447874558 0.0398230947636 0.020671703461 0.0268992826267 0.0331232096089
nonkin 0.0362613347854 0.0469528837486 0.0720687784446 0.0374100613136 0.0486802558027 0.0599438408504
many_rivals 0.0 0.0 0.0 0.0 0.0 0.0
Observed values
no_rival 269 270 310 290 231 259
brother 36 48 82 18 44 36
nonkin 69 148 207 106 112 205
many_rivals 0 0 0 0 0 0
Q values
no_rival 0.144808993508 0.11821816644 0.0955066227611 0.146765307098 0.12008211225 0.112081105992
brother 0.0575508833057 0.0631246411941 0.0602669298919 0.0648368553522 0.0622581749259 0.0570143390676
nonkin 0.0856158015 0.0985854474106 0.103477142666 0.0788962735369 0.0951555153402 0.106808319674
many_rivals 1 1 1 1 1 1
O' values
no_rival 1857.61943014 2283.91293937 3245.84820443 1975.94380943 1923.68368336 2310.82659033
brother 625.533405087 760.400361761 1360.61352631 277.619879962 706.734497958 631.420105692
nonkin 805.925994864 1501.23576945 2000.44178518 1343.53620581 1177.02058151 1919.32614076
many_rivals 0 0 0 0 0 0
