Parameter Female_0 Female_1 Female_2 Female_3 Female_4 Female_5
Size 21.2117754099 28.3936021864 29.6245717378 23.8099740157 26.1101610733 31.162661611
Profit 2.95573822044 3.81522316424 4.11661073464 3.14551982381 3.41077057997 4.60529326673
E values
no_rival 0.0713404205177 0.0920851593094 0.0993595234132 0.0759210357081 0.0823231928262 0.111154484516
brother 0.0223195639632 0.0288097629415 0.031085620495 0.0237526552316 0.0257556341076 0.0347757920256
nonkin 0.0403922326929 0.0521376963494 0.0562563685613 0.0429857312076 0.0466105685463 0.0629345575879
many_rivals 0.0 0.0 0.0 0.0 0.0 0.0
Observed values
no_rival 276 207 290 259 279 277
brother 53 32 67 42 42 64
nonkin 69 158 182 104 129 156
many_rivals 0 0 0 0 0 0
Q values
no_rival 0.143077057116 0.117832945664 0.10448795059 0.136866704691 0.124262935801 0.0987003291379
brother 0.0616371108805 0.0577668766167 0.0610991198055 0.0555201778925 0.0618406522962 0.0717526454738
nonkin 0.0884322770449 0.105589830428 0.105652478221 0.0912472139934 0.0978207297664 0.100017556174
many_rivals 1 1 1 1 1 1
O' values
no_rival 1929.03045089 1756.72430859 2775.43964028 1892.35212892 2245.23908277 2806.47493701
brother 859.871581308 553.950669903 1096.57880855 756.481726002 679.164893003 891.953175767
nonkin 780.258094734 1496.35622446 1722.6287832 1139.76082609 1318.73888396 1559.72617176
many_rivals 0 0 0 0 0 0
