Parameter Female_0 Female_1 Female_2 Female_3 Female_4 Female_5
Size 22.0105385578 25.3906264499 30.7870947065 20.9912649383 28.5638530039 33.056296808
Profit 3.00459645319 3.31522494439 4.47267446113 2.94348875183 3.85288320027 5.4364740814
E values
no_rival 0.069445118963 0.0766246629921 0.103376747885 0.068032739079 0.0890515369908 0.125653010381
brother 0.0217265999188 0.0239727920637 0.0323424493432 0.0212847227483 0.0278606638629 0.0393118008277
nonkin 0.0393191319057 0.0433841179395 0.0585308808848 0.0385194565391 0.0504200897288 0.0711434779474
many_rivals 0.0 0.0 0.0 0.0 0.0 0.0
Observed values
no_rival 279 225 217 322 231 338
brother 52 40 38 42 40 95
nonkin 109 119 122 107 106 203
many_rivals 0 0 0 0 0 0
Q values
no_rival 0.147930759103 0.117553410812 0.100579651413 0.141264828412 0.115930105584 0.0936995406697
brother 0.0575324903142 0.0540544928447 0.064716195038 0.0538272793234 0.0633260724078 0.0643848454726
nonkin 0.0789875092101 0.105484445907 0.100664205942 0.0872596508178 0.105152165087 0.103996984764
many_rivals 1 1 1 1 1 1
O' values
no_rival 1886.01749691 1914.02357827 2157.49405523 2279.4067258 1992.57991561 3607.2748872
brother 903.837113882 739.993993004 587.179143917 780.273506815 631.651363793 1475.5024929
nonkin 1379.96502346 1128.12840772 1211.95015505 1226.22539739 1008.06293349 1951.97966999
many_rivals 0 0 0 0 0 0
