Parameter Female_0 Female_1 Female_2 Female_3 Female_4 Female_5
Size 22.254923571 28.1962216932 29.8366417404 20.3158308072 25.4574675166 32.9340988149
Profit 3.02106502266 3.77303902632 4.17591936782 2.90896735005 3.32356807971 5.37348730681
E values
no_rival 0.0712153891828 0.0889416284143 0.0984387031542 0.0685729172989 0.0783462760638 0.126668902176
brother 0.0222804466597 0.0278262778657 0.0307975326688 0.0214537229061 0.0245114159293 0.0396296327349
nonkin 0.0403214412014 0.0503578605919 0.0557350093389 0.0388253000455 0.0443588780446 0.0717186657232
many_rivals 0.0 0.0 0.0 0.0 0.0 0.0
Observed values
no_rival 266 289 260 252 233 241
brother 45 68 42 19 31 63
nonkin 88 149 184 107 94 187
many_rivals 0 0 0 0 0 0
Q values
no_rival 0.14189231291 0.120187185975 0.107617229327 0.130282246242 0.122732764469 0.0940702516917
brother 0.0616174739951 0.0535563174492 0.0573854383816 0.0604254606404 0.0535647525563 0.0666605701479
nonkin 0.0832734467554 0.0989124759207 0.103074746647 0.0881545932561 0.100886302576 0.100879761551
many_rivals 1 1 1 1 1 1
O' values
no_rival 1874.66110421 2404.58246572 2415.97002289 1934.26201396 1898.43356832 2561.91511839
brother 730.312313737 1269.69148064 731.892988613 314.43699061 578.738788486 945.086426057
nonkin 1056.75942847 1506.38226991 1785.11231883 1213.77679878 931.741947124 1853.69193111
many_rivals 0 0 0 0 0 0
