Parameter Female_0 Female_1 Female_2 Female_3 Female_4 Female_5
Size 20.7495700416 25.6114874237 32.6673280617 20.4757422312 25.9969249084 30.3639309246
Profit 2.93063108565 3.34319527392 5.24088886148 2.91675028414 3.39486739254 4.33401065205
E values
no_rival 0.070379524207 0.0802873121296 0.125860694749 0.0700461747758 0.0815282254403 0.104081884988
brother 0.0220189379434 0.0251186884729 0.0393767769592 0.0219146462404 0.0255069206112 0.0325630585375
nonkin 0.0398481828108 0.0454578732546 0.07126106676 0.0396594436963 0.046160465962 0.0589301224616
many_rivals 0.0 0.0 0.0 0.0 0.0 0.0
Observed values
no_rival 229 354 184 285 343 199
brother 38 50 84 37 38 48
nonkin 117 124 184 117 134 169
many_rivals 0 0 0 0 0 0
Q values
no_rival 0.134555375699 0.127214687181 0.0824577364789 0.151375125189 0.130531200827 0.105773670098
brother 0.0492483300654 0.0619643607644 0.0739594504795 0.047393272403 0.0590102259748 0.0549142557744
nonkin 0.100491715022 0.0887131743755 0.0984115244774 0.0913717081789 0.0966970578167 0.103623309792
many_rivals 1 1 1 1 1 1
O' values
no_rival 1701.9015317 2782.69756302 2231.44616694 1882.73997887 2627.72423626 1881.37558066
brother 771.599766926 806.91544919 1135.75749219 780.701524162 643.95618509 874.089966678
nonkin 1164.27508451 1397.76308167 1869.69972244 1280.48388644 1385.77122226 1630.90718043
many_rivals 0 0 0 0 0 0
