Parameter Female_0 Female_1 Female_2 Female_3 Female_4 Female_5
Size 21.4218281401 29.1310202986 33.8300603493 21.6862683971 26.6140895515 29.8476625659
Profit 2.96788681621 3.98737072475 5.87059043812 2.98387654392 3.4857813009 4.1790663787
E values
no_rival 0.0672839240066 0.0903962871377 0.133090102613 0.0676464215312 0.079024928738 0.0947421522638
brother 0.0210504484647 0.0282813823939 0.0416385695035 0.0211638594403 0.024723739205 0.0296410297572
nonkin 0.0380954849333 0.0511814738145 0.0753542851984 0.0383007274067 0.0447431244022 0.0536420591902
many_rivals 0.0 0.0 0.0 0.0 0.0 0.0
Observed values
no_rival 215 336 249 288 274 271
brother 56 34 88 39 30 18
nonkin 52 147 215 81 128 143
many_rivals 0 0 0 0 0 0
Q values
no_rival 0.128716628819 0.118272833439 0.0843214043575 0.139113403565 0.128734120812 0.120947838821
brother 0.0591881641755 0.0533050399065 0.0711793765489 0.0533196597329 0.0497177649478 0.062086824594
nonkin 0.0960695992471 0.104429906084 0.101301327299 0.0882049621519 0.104641739358 0.0903952925819
many_rivals 1 1 1 1 1 1
O' values
no_rival 1670.33585304 2840.88907173 2952.98687086 2070.25342361 2128.41784503 2240.63532381
brother 946.135106235 637.838374376 1236.31316073 731.437525959 603.406046741 289.916582427
nonkin 541.274247083 1407.64274825 2122.38087825 918.315682291 1223.22125745 1581.94078381
many_rivals 0 0 0 0 0 0
