Parameter Female_0 Female_1 Female_2 Female_3 Female_4 Female_5
Size 24.4956972771 26.282213076 32.9802252871 23.1308923061 26.9833700418 34.105180216
Profit 3.21302247507 3.43558894241 5.39709389916 3.08669283432 3.54542337838 6.04074741935
E values
no_rival 0.0691754674859 0.0739672607411 0.116197909114 0.0664556259585 0.076331965163 0.130055587827
brother 0.0216422367576 0.0231413971955 0.0363536778455 0.0207913071374 0.0238812186209 0.0406891912077
nonkin 0.0391664579358 0.041879523359 0.0657900941613 0.0376265108614 0.0432183953556 0.073636173272
many_rivals 0.0 0.0 0.0 0.0 0.0 0.0
Observed values
no_rival 226 208 261 311 326 272
brother 56 25 66 25 31 98
nonkin 76 86 220 87 115 163
many_rivals 0 0 0 0 0 0
Q values
no_rival 0.13220584068 0.121372790686 0.0962467037789 0.139144728295 0.135706329381 0.0910384063561
brother 0.0604451046832 0.053489394979 0.0649068603818 0.0513872292201 0.0556393114745 0.0691242270833
nonkin 0.087847319078 0.0985951243643 0.107373680806 0.0894696948767 0.0889188602634 0.0977402412623
many_rivals 1 1 1 1 1 1
O' values
no_rival 1709.45548879 1713.7284133 2711.78118058 2235.0828796 2402.24609632 2987.75001548
brother 926.460468444 467.382366351 1016.8416653 486.502198687 557.160021906 1417.73737133
nonkin 865.137386066 872.254085123 2048.9192356 972.396297091 1293.31392305 1667.68567271
many_rivals 0 0 0 0 0 0
