Parameter Female_0 Female_1 Female_2 Female_3 Female_4 Female_5
Size 22.9749218136 25.6667428523 34.5757502382 19.426667266 26.8598859008 31.0235005708
Profit 3.0742059204 3.35037578216 6.3529054638 2.86969730595 3.52501877645 4.55506204943
E values
no_rival 0.0689520101967 0.075146282024 0.142490650809 0.0643650435348 0.0790633864194 0.102166443306
brother 0.0215723259101 0.023510265794 0.0445796250121 0.0201372475203 0.0247357710752 0.0319637934528
nonkin 0.0390399386532 0.0425470734192 0.0806767815816 0.0364428439989 0.0447648987568 0.0578456185356
many_rivals 0.0 0.0 0.0 0.0 0.0 0.0
Observed values
no_rival 176 293 295 286 290 237
brother 37 26 101 66 46 51
nonkin 81 123 222 94 117 123
many_rivals 0 0 0 0 0 0
Q values
no_rival 0.14086417569 0.120904158049 0.0831191367576 0.140533173745 0.126891585037 0.109971815772
brother 0.0555147502678 0.0563570513643 0.0634567143758 0.0549534251615 0.0583009016173 0.0561564454972
nonkin 0.0864673351189 0.0957865716153 0.102473175428 0.0889960175753 0.0932696294995 0.0970687725387
many_rivals 1 1 1 1 1 1
O' values
no_rival 1249.430518 2423.40714106 3549.12251869 2035.10667537 2285.41553734 2155.09763421
brother 666.48953335 461.344221718 1591.63614116 1201.01703954 789.010096309 908.177138856
nonkin 936.769936169 1284.10483772 2166.42061761 1056.22703758 1254.42762695 1267.14283887
many_rivals 0 0 0 0 0 0
