Parameter Female_0 Female_1 Female_2 Female_3 Female_4 Female_5
Size 24.3536244826 25.9704873295 32.3461817857 22.8307559992 25.4226022367 31.9966923919
Profit 3.19831597099 3.39120274705 5.08980757698 3.0629840545 3.31920314674 4.93539714341
E values
no_rival 0.0740139415164 0.0784776376278 0.117785961034 0.0708821532118 0.0768114563453 0.114212666555
brother 0.0231560017428 0.0245525137082 0.036850515769 0.0221761904538 0.0240312322322 0.0357325748584
nonkin 0.0419059535472 0.0444332536485 0.0666892332777 0.040132766327 0.0434898784681 0.0646660696769
many_rivals 0.0 0.0 0.0 0.0 0.0 0.0
Observed values
no_rival 253 322 271 170 291 212
brother 26 29 63 31 38 42
nonkin 113 131 238 129 107 203
many_rivals 0 0 0 0 0 0
Q values
no_rival 0.131029655554 0.131233879652 0.0997600361071 0.126290311252 0.134132930531 0.087577375791
brother 0.0583604461195 0.0594583467261 0.0607387361043 0.0588941130537 0.0608764457126 0.0643230769462
nonkin 0.0917011230854 0.0943657720891 0.11300373545 0.0976018770736 0.0946779949464 0.106186496254
many_rivals 1 1 1 1 1 1
O' values
no_rival 1930.86060504 2453.63469292 2716.51866394 1346.10484616 2169.48961637 2420.71651594
brother 445.507218138 487.7364003 1037.2293538 526.368399024 624.21515506 652.95383856
nonkin 1232.2640792 1388.21520875 2106.12506793 1321.69589221 1130.14645125 1911.73084301
many_rivals 0 0 0 0 0 0
