Parameter Female_0 Female_1 Female_2 Female_3 Female_4 Female_5
Size 20.8140939636 25.688847641 30.7356772298 22.7945913035 25.9062066379 32.8555912485
Profit 2.93400687072 3.35326920226 4.45523336904 3.06021621735 3.38236781603 5.33377475306
E values
no_rival 0.0693387854861 0.0792471265876 0.105289620808 0.0723214652131 0.079934808187 0.126052010008
brother 0.0216933324272 0.0247932560242 0.032940910766 0.0226264936066 0.0250084040894 0.0394366318513
nonkin 0.0392589269544 0.0448689306026 0.0596139304052 0.040947690389 0.0452582890474 0.0713693875467
many_rivals 0.0 0.0 0.0 0.0 0.0 0.0
Observed values
no_rival 308 271 264 324 260 268
brother 22 43 72 44 39 49
nonkin 125 90 162 114 90 217
many_rivals 0 0 0 0 0 0
Q values
no_rival 0.140240331856 0.117451963826 0.0989214107006 0.148009754412 0.1284275699 0.0971813446412
brother 0.0547479559128 0.0682060220558 0.0692534873679 0.0516866698337 0.0614177916605 0.0519574983601
nonkin 0.0938636484918 0.090194428081 0.101973002021 0.0952033165438 0.0900542962534 0.113203864431
many_rivals 1 1 1 1 1 1
O' values
no_rival 2196.22982864 2307.32625639 2668.78523193 2189.0449132 2024.48742277 2757.73093066
brother 401.841486741 630.442865658 1039.65883505 851.283322016 634.995152798 943.078507368
nonkin 1331.71895626 997.844344877 1588.65578918 1197.4372757 999.397072037 1916.89569161
many_rivals 0 0 0 0 0 0
