Parameter Female_0 Female_1 Female_2 Female_3 Female_4 Female_5
Size 23.2799032497 26.2748945737 33.4932483632 24.7821274091 27.2763040028 33.3139975703
Profit 3.09896819329 3.43451688719 5.67386984748 3.24388882523 3.59575822022 5.57412704025
E values
no_rival 0.0669839599456 0.0742368192426 0.122640261821 0.0701164082961 0.0777220382961 0.120484328689
brother 0.0209566017086 0.0232257312682 0.0383692323134 0.0219366194995 0.0243161169013 0.0376947270735
nonkin 0.0379256482816 0.042032144687 0.0694376898405 0.0396992092132 0.0440054408629 0.0682170220602
many_rivals 0.0 0.0 0.0 0.0 0.0 0.0
Observed values
no_rival 298 226 285 253 330 223
brother 48 47 50 35 27 68
nonkin 143 113 218 91 113 167
many_rivals 0 0 0 0 0 0
Q values
no_rival 0.143228888938 0.111408797803 0.0916485093458 0.125067670979 0.14078425516 0.0911527852464
brother 0.0532353874205 0.0694176545035 0.0503792173733 0.0607565850454 0.0502717913287 0.0615654842544
nonkin 0.0857840406732 0.0907777592757 0.109013817243 0.0951016048761 0.0855443485545 0.101375449521
many_rivals 1 1 1 1 1 1
O' values
no_rival 2080.58585255 2028.56510847 3109.70687941 2022.90486437 2344.01211716 2446.44197538
brother 901.655878276 677.061193384 992.472741875 576.069243752 537.080523418 1104.51498634
nonkin 1666.97673457 1244.79829533 1999.74650474 956.871339012 1320.95225353 1647.34164721
many_rivals 0 0 0 0 0 0
