Parameter Female_0 Female_1 Female_2 Female_3 Female_4 Female_5
Size 24.027125327 26.3018287185 29.8327311601 24.1589923459 26.3614650602 30.4516336387
Profit 3.16596577498 3.43846961037 4.17480425722 3.17879374702 3.44729283103 4.36185355064
E values
no_rival 0.0774044118751 0.0840668335849 0.102069412998 0.0777180418073 0.0842825517116 0.106642564313
brother 0.0242167442993 0.0263011495554 0.0319334365505 0.0243148665598 0.0263686391285 0.0333641926711
nonkin 0.0438256039596 0.0475978005075 0.0577906809452 0.0440031780909 0.0477199379536 0.0603799534886
many_rivals 0.0 0.0 0.0 0.0 0.0 0.0
Observed values
no_rival 282 299 329 280 252 205
brother 32 38 48 54 24 72
nonkin 155 91 176 105 125 135
many_rivals 0 0 0 0 0 0
Q values
no_rival 0.119762895963 0.126091876294 0.11476321238 0.134741936796 0.122388193733 0.0992854530167
brother 0.050512476541 0.0722190097637 0.058092006678 0.0658828492181 0.0594995702334 0.0581794462057
nonkin 0.111478261259 0.086465524861 0.100136031959 0.0840875898703 0.105381697444 0.112865667015
many_rivals 1 1 1 1 1 1
O' values
no_rival 2354.65248007 2371.28678539 2866.77231473 2078.04642458 2059.02213534 2064.75363481
brother 633.506851996 526.17725062 826.275467916 819.636683004 403.364258025 1237.55045288
nonkin 1390.40561137 1052.44257924 1757.60908993 1248.69793702 1186.16422995 1196.11218867
many_rivals 0 0 0 0 0 0
