Parameter Female_0 Female_1 Female_2 Female_3 Female_4 Female_5
Size 23.1112972762 25.6165244804 33.3853375465 21.9472365601 26.9930267182 31.3592239183
Profit 3.08510395727 3.34384677117 5.61342293364 3.00045217791 3.54703903967 4.67851223545
E values
no_rival 0.0705611048638 0.0764789536875 0.128387675019 0.0686249875845 0.0811262755166 0.107004819619
brother 0.0220757472677 0.0239272054507 0.0401673680065 0.0214700136157 0.0253811665581 0.0334775278659
nonkin 0.0399509919628 0.0433016187883 0.072691817719 0.0388547817205 0.0459328859347 0.0605850588199
many_rivals 0.0 0.0 0.0 0.0 0.0 0.0
Observed values
no_rival 266 212 232 260 303 330
brother 31 41 78 36 32 37
nonkin 99 113 172 73 133 201
many_rivals 0 0 0 0 0 0
Q values
no_rival 0.130727899537 0.132737163935 0.0936756672698 0.130378938621 0.136086727595 0.11569127182
brother 0.0606497199019 0.0554453777007 0.0673451615683 0.070343202768 0.0505298362544 0.0497223099857
nonkin 0.0907007792437 0.0929105791556 0.100663755483 0.085781118653 0.0957055682793 0.114059719713
many_rivals 1 1 1 1 1 1
O' values
no_rival 2034.76075836 1597.14125054 2476.63034341 1994.1871191 2226.52131736 2852.41915668
brother 511.131791707 739.466511011 1158.21238206 511.776526849 633.289208358 744.132764762
nonkin 1091.50109652 1216.22317961 1708.6586843 851.003124537 1389.67880753 1762.2347355
many_rivals 0 0 0 0 0 0
