Parameter Female_0 Female_1 Female_2 Female_3 Female_4 Female_5
Size 21.705853486 26.8568981652 31.759429796 23.6633542184 28.9622058791 31.7853290237
Profit 2.98509258219 3.52453090505 4.83618501463 3.1321776901 3.94583739868 4.84680172746
E values
no_rival 0.0682670938427 0.0806036916517 0.110600353974 0.0716308330194 0.0902386926258 0.110843151177
brother 0.0213580429796 0.0252176709702 0.0346024267442 0.0224104224184 0.0282320773749 0.0346783882773
nonkin 0.0386521458628 0.0456370041763 0.0626208144163 0.0405566613472 0.0510922453778 0.0627582837649
many_rivals 0.0 0.0 0.0 0.0 0.0 0.0
Observed values
no_rival 271 325 283 275 223 230
brother 29 39 76 35 38 82
nonkin 82 149 248 64 144 174
many_rivals 0 0 0 0 0 0
Q values
no_rival 0.138147691659 0.123561463278 0.102129659184 0.146283488943 0.106965748933 0.103928850991
brother 0.0553692130707 0.0538107190323 0.0699797138804 0.052667465474 0.0585048626406 0.0635131024947
nonkin 0.0967614449173 0.101781704977 0.0975274116075 0.0854733678678 0.109764420479 0.100162800483
many_rivals 1 1 1 1 1 1
O' values
no_rival 1961.66868042 2630.26991894 2770.98741208 1879.91141028 2084.77949459 2213.05246625
brother 523.756766472 724.762662558 1086.02901878 664.546882691 649.518660243 1291.07218478
nonkin 847.444972221 1463.91731239 2542.87482783 748.771244149 1311.90051723 1737.17187579
many_rivals 0 0 0 0 0 0
