Parameter Female_0 Female_1 Female_2 Female_3 Female_4 Female_5
Size 23.7847407789 27.4075537965 33.0311032535 21.9039239818 26.5017092456 33.9532043384
Profit 3.14319746335 3.61922249717 5.42336986099 2.99764475746 3.46843458968 5.94566990798
E values
no_rival 0.0680051291387 0.0783042415156 0.11733814756 0.0648560013235 0.075041846696 0.128638450057
brother 0.0212760847023 0.0244982650006 0.0367104128455 0.0202908485741 0.0234775921573 0.0402458254848
nonkin 0.0385038240671 0.0443350785037 0.0664356857667 0.0367208193893 0.0424879431808 0.0728338040377
many_rivals 0.0 0.0 0.0 0.0 0.0 0.0
Observed values
no_rival 239 247 296 219 252 291
brother 24 36 74 33 29 70
nonkin 121 125 187 63 108 263
many_rivals 0 0 0 0 0 0
Q values
no_rival 0.1214960471 0.121202799652 0.0852425543401 0.149808900234 0.118221581287 0.101196042388
brother 0.0552321579233 0.0592224911975 0.0630677825113 0.0551953582545 0.0628337445902 0.0589830877617
nonkin 0.103782543006 0.0988259335706 0.104230421012 0.0824335345605 0.0889507791938 0.103166225118
many_rivals 1 1 1 1 1 1
O' values
no_rival 1967.14218861 2037.90672088 3472.44404267 1461.86241043 2131.59050368 2875.60652704
brother 434.529464399 607.877164099 1173.34076217 597.876362136 461.535440696 1186.78086646
nonkin 1165.89935547 1264.85018136 1794.10193477 764.252076972 1214.1546255 2549.28393182
many_rivals 0 0 0 0 0 0
