Parameter Female_0 Female_1 Female_2 Female_3 Female_4 Female_5
Size 19.8973120721 27.648404086 31.5099499752 22.959531218 27.8016975677 31.3175353387
Profit 2.88966781431 3.66381032139 4.73651211409 3.0729934171 3.69325468377 4.66275731122
E values
no_rival 0.0676893674403 0.085823360681 0.110950991421 0.0719836998293 0.08651308365 0.109223313268
brother 0.0211772954974 0.0268506966227 0.034712127176 0.0225208203286 0.0270664833507 0.0341716057891
nonkin 0.038325042951 0.048592328584 0.0628193418327 0.0407564510064 0.0489828428318 0.0618411477394
many_rivals 0.0 0.0 0.0 0.0 0.0 0.0
Observed values
no_rival 275 291 202 329 318 216
brother 18 47 53 30 57 44
nonkin 70 112 158 108 148 148
many_rivals 0 0 0 0 0 0
Q values
no_rival 0.154102338971 0.131552539312 0.0866618653739 0.129708372278 0.118036809095 0.0999101769987
brother 0.0484107650584 0.0656464415942 0.0594698712021 0.0582129195902 0.0537848325858 0.067779511427
nonkin 0.0871442458622 0.0885654206981 0.122615589898 0.0903736983212 0.107906381239 0.0971795615844
many_rivals 1 1 1 1 1 1
O' values
no_rival 1784.5283974 2212.04395995 2330.89836145 2536.45924485 2694.07486053 2161.94192112
brother 371.818127193 715.956552383 891.207580051 515.349517104 1059.77832894 649.163723279
nonkin 803.26588758 1264.60190803 1288.58002585 1195.03795912 1371.55929335 1522.95397908
many_rivals 0 0 0 0 0 0
