Parameter Female_0 Female_1 Female_2 Female_3 Female_4 Female_5
Size 22.1559070527 28.245627736 31.2196764832 19.1660361075 28.0409940973 30.5612320569
Profit 3.01430154697 3.78345220146 4.62625432241 2.85937252079 3.74094216365 4.39729678925
E values
no_rival 0.0715453447745 0.0898013645859 0.109805523885 0.0678680582054 0.0887923761805 0.104371148659
brother 0.0223836765661 0.0280952549244 0.0343537562025 0.0212332006901 0.0277795828118 0.0326535575695
nonkin 0.0405082587579 0.0508446346149 0.0621707895682 0.0384262158753 0.0502733554696 0.0590939006594
many_rivals 0.0 0.0 0.0 0.0 0.0 0.0
Observed values
no_rival 272 195 259 309 263 283
brother 49 50 66 29 42 73
nonkin 114 98 177 118 144 151
many_rivals 0 0 0 0 0 0
Q values
no_rival 0.143606116145 0.113362330719 0.103746782991 0.145257990212 0.114708283819 0.0973454663355
brother 0.0566112976704 0.0644309190049 0.0609438271424 0.0526160589505 0.0556845352816 0.0712116567233
nonkin 0.0908077117386 0.101256829551 0.105441179909 0.0952241593953 0.104615080604 0.0994907795741
many_rivals 1 1 1 1 1 1
O' values
no_rival 1894.06974648 1720.14811942 2496.46295079 2127.24958916 2292.77251167 2907.17185559
brother 865.551612776 776.024939147 1082.96447884 551.162526773 754.248909282 1025.11306939
nonkin 1255.3999855 967.835951757 1678.66103313 1239.18132488 1376.47458826 1517.72858396
many_rivals 0 0 0 0 0 0
