Parameter Female_0 Female_1 Female_2 Female_3 Female_4 Female_5
Size 24.182549311 27.2184962646 32.3161358651 23.0752899304 28.7946585939 30.5595136388
Profit 3.1811189032 3.58560518136 5.07613204845 3.08219943641 3.90589416354 4.39673543349
E values
no_rival 0.0728845765666 0.0821520110787 0.116302391141 0.0706181716724 0.0894903494292 0.100736316402
brother 0.0228026686246 0.0257020781861 0.0363863660925 0.0220936011894 0.0279979507224 0.0315163639495
nonkin 0.0412665184062 0.0465136471526 0.0658492508403 0.0399833026192 0.0506685409433 0.0570358949836
many_rivals 0.0 0.0 0.0 0.0 0.0 0.0
Observed values
no_rival 287 262 291 245 208 289
brother 26 33 65 39 40 52
nonkin 129 104 256 109 118 209
many_rivals 0 0 0 0 0 0
Q values
no_rival 0.136904758477 0.119809094723 0.093346691719 0.137602758628 0.115024549033 0.102279043428
brother 0.0596746644366 0.0693488597617 0.0561697067099 0.0569946780775 0.0585737382279 0.0570114752658
nonkin 0.0910302515888 0.0938874406214 0.115961060305 0.0952894590076 0.0995337474874 0.106687806533
many_rivals 1 1 1 1 1 1
O' values
no_rival 2096.34787858 2186.81228337 3117.41096167 1780.4875603 1808.30963258 2825.60327428
brother 435.695788916 475.854976035 1157.20739536 684.274415007 682.899900367 912.097077957
nonkin 1417.11132012 1107.70939448 2207.63762703 1143.88308146 1185.527552 1958.98675577
many_rivals 0 0 0 0 0 0
