Parameter Female_0 Female_1 Female_2 Female_3 Female_4 Female_5
Size 24.6481525478 27.0125919773 32.0910534663 21.6874301073 25.5107369033 34.4407341612
Profit 3.22924514912 3.55032148117 4.97609641421 2.98394855013 3.33029239253 6.26050908262
E values
no_rival 0.0706339017864 0.0776568663051 0.108843116323 0.0652684819804 0.0728441276249 0.13693732227
brother 0.0220985225129 0.0242957271922 0.0340526573728 0.0204198972724 0.0227900137687 0.0428422106455
nonkin 0.0399922088524 0.0439685411333 0.0616258840309 0.0369543618125 0.0412436166199 0.0775325424962
many_rivals 0.0 0.0 0.0 0.0 0.0 0.0
Observed values
no_rival 283 210 319 209 318 240
brother 30 52 44 24 41 88
nonkin 103 95 212 122 111 190
many_rivals 0 0 0 0 0 0
Q values
no_rival 0.123945299009 0.117356693746 0.10912076909 0.137142637414 0.13603730614 0.086147338254
brother 0.048425852651 0.0595942213806 0.0510098039579 0.0557763456592 0.0551452019595 0.0604543215389
nonkin 0.104558053227 0.0937051702287 0.106814818306 0.0833068518306 0.0903532156041 0.0950263697785
many_rivals 1 1 1 1 1 1
O' values
no_rival 2283.26529737 1789.41646443 2923.36649257 1523.96077501 2337.59406903 2785.92472924
brother 619.503805461 872.567822775 862.57928057 430.289932342 743.491700875 1455.64448926
nonkin 985.098677921 1013.81812517 1984.74334705 1464.46537493 1228.51189366 1999.44500082
many_rivals 0 0 0 0 0 0
