Parameter Female_0 Female_1 Female_2 Female_3 Female_4 Female_5
Size 23.6789484114 26.909099343 32.3055584867 21.5650765437 27.491213427 31.2353462032
Profit 3.13357938275 3.53309431844 5.07133599685 2.97645014473 3.63448265926 4.63205449176
E values
no_rival 0.0725660525089 0.0818178435954 0.117439767527 0.0689273227548 0.084165750179 0.107267079725
brother 0.0227030151879 0.0255975305472 0.0367422056686 0.0215646021971 0.026332096601 0.0335595785627
nonkin 0.04108617327 0.0463244448653 0.0664932219762 0.0390259608705 0.0476538060939 0.0607335478694
many_rivals 0.0 0.0 0.0 0.0 0.0 0.0
Observed values
no_rival 241 198 288 280 242 263
brother 29 36 57 40 33 77
nonkin 114 124 171 134 118 151
many_rivals 0 0 0 0 0 0
Q values
no_rival 0.142646319486 0.11357394281 0.101461397596 0.139194058065 0.117003954423 0.111814078368
brother 0.0544670652884 0.0540183304602 0.0592764157397 0.0618460361641 0.0554731847264 0.0685944181298
nonkin 0.0890386245125 0.109806204392 0.110210006028 0.0861031261776 0.107766328822 0.096827703844
many_rivals 1 1 1 1 1 1
O' values
no_rival 1689.4932927 1743.35763205 2838.51796668 2011.58011982 2068.30616276 2352.11883726
brother 532.431843839 666.440441482 961.596602775 646.767399836 594.882016649 1122.54031887
nonkin 1280.34322884 1129.26223692 1551.58325602 1556.27334278 1094.96167578 1559.47103985
many_rivals 0 0 0 0 0 0
