Parameter Female_0 Female_1 Female_2 Female_3 Female_4 Female_5
Size 23.6309866994 26.8734355668 31.1689928409 19.9334045519 25.4631495895 30.4328230192
Profit 3.12928135348 3.52723474979 4.60760985874 2.89127321571 3.3242821479 4.35584317043
E values
no_rival 0.0762680508657 0.0859671243726 0.112298442799 0.0704672248267 0.0810206853613 0.106162288065
brother 0.0238612223938 0.0268956745312 0.035133690814 0.0220463759593 0.0253481316221 0.033213933444
nonkin 0.0431822077196 0.0486737261485 0.0635822553283 0.0398978380246 0.0458731018447 0.0601080258795
many_rivals 0.0 0.0 0.0 0.0 0.0 0.0
Observed values
no_rival 298 274 241 224 288 277
brother 8 50 30 41 33 63
nonkin 126 147 167 72 116 227
many_rivals 0 0 0 0 0 0
Q values
no_rival 0.137012691486 0.122818840277 0.108203729091 0.14013500485 0.129809781086 0.111854956526
brother 0.048347350105 0.0698564593466 0.055298481761 0.0660195462913 0.0546999605236 0.053381328371
nonkin 0.0987493879018 0.0897586123975 0.108496034392 0.0802720655196 0.0963449879442 0.110767781321
many_rivals 1 1 1 1 1 1
O' values
no_rival 2174.98099459 2230.92808385 2227.27998402 1598.45857386 2218.63096594 2476.42132815
brother 165.469254936 715.753424488 542.510373606 621.028200028 603.291111806 1180.18794066
nonkin 1275.95727606 1637.72585241 1539.2267647 896.949636639 1204.00658587 2049.33237168
many_rivals 0 0 0 0 0 0
