Parameter Female_0 Female_1 Female_2 Female_3 Female_4 Female_5
Size 21.7398877298 29.2293821873 31.6899890762 20.9393337562 27.4647146393 31.7355789874
Profit 2.98721640942 4.0121831444 4.80797246849 2.94067681291 3.6296231753 4.82645344748
E values
no_rival 0.0685114477479 0.0920189360855 0.11027026817 0.0674440677199 0.0832449693749 0.110694127192
brother 0.0214344915424 0.0287890443437 0.0344991560996 0.0211005510269 0.0260440211186 0.0346317646333
nonkin 0.0387904966004 0.0521002014222 0.0624339231351 0.0381861567024 0.0471324692104 0.0626739078749
many_rivals 0.0 0.0 0.0 0.0 0.0 0.0
Observed values
no_rival 270 264 348 276 207 271
brother 29 45 68 30 51 65
nonkin 75 122 192 84 121 147
many_rivals 0 0 0 0 0 0
Q values
no_rival 0.137576151111 0.113694259424 0.0984722351024 0.138413737398 0.125324087383 0.105789044033
brother 0.0653008927875 0.0544952290164 0.0633167561946 0.051624000391 0.0539441111062 0.0660533499758
nonkin 0.0875431994413 0.101673015932 0.103666406556 0.100462491295 0.0993288463888 0.0995809774548
many_rivals 1 1 1 1 1 1
O' values
no_rival 1962.54945221 2322.01697199 3533.99107513 1994.02172926 1651.71759335 2561.70194633
brother 444.098063014 825.760361269 1073.96531482 581.125053711 945.422937817 984.053042333
nonkin 856.719887766 1199.92506254 1852.09467926 836.132957858 1218.17583108 1476.18555026
many_rivals 0 0 0 0 0 0
