Parameter Female_0 Female_1 Female_2 Female_3 Female_4 Female_5
Size 20.2316862579 25.2252636535 32.4820345764 24.0953418003 27.2497308705 33.257170623
Profit 2.90496466459 3.29502762804 5.15261139125 3.17256228299 3.59107740418 5.54319886227
E values
no_rival 0.0653428413968 0.0741167251781 0.115900297522 0.0713620501502 0.0807759227248 0.124685979318
brother 0.0204431613594 0.0231881586392 0.0362605670829 0.02232633101 0.0252715551837 0.0390092554894
nonkin 0.0369964633705 0.0419641486286 0.0656215894542 0.0404044791745 0.0457345196875 0.07059595463
many_rivals 0.0 0.0 0.0 0.0 0.0 0.0
Observed values
no_rival 220 295 265 256 305 272
brother 15 34 77 47 40 60
nonkin 135 106 262 78 143 158
many_rivals 0 0 0 0 0 0
Q values
no_rival 0.128450763061 0.126325243558 0.0928534866821 0.134841543906 0.114970267783 0.0910747331118
brother 0.0570801980988 0.0617706577696 0.0548068258324 0.0636362027899 0.0703963052758 0.0644927687489
nonkin 0.101147625746 0.0855140195714 0.113901030102 0.0880162980901 0.0912111447891 0.10770503602
many_rivals 1 1 1 1 1 1
O' values
no_rival 1712.71851376 2335.24188587 2853.95852616 1898.52468745 2652.8597861 2986.55829895
brother 262.788155956 550.423149561 1404.93449184 738.57329538 568.211638996 930.336860457
nonkin 1334.68283615 1239.56282878 2300.24258574 886.199507279 1567.79086953 1466.96947365
many_rivals 0 0 0 0 0 0
