Parameter Female_0 Female_1 Female_2 Female_3 Female_4 Female_5
Size 20.2862200052 29.4199037822 33.2251746976 20.8514849511 27.4391165332 31.0349899365
Profit 2.90755158954 4.06156339801 5.52592933169 2.93598185873 3.62495171156 4.55915981401
E values
no_rival 0.0655237297536 0.0915302013645 0.124530722505 0.0661644259607 0.0816908484696 0.102743888236
brother 0.0204997540907 0.0286361387989 0.0389606818431 0.0207002023061 0.0255577988522 0.0321444528736
nonkin 0.0370988805492 0.0518234847106 0.0705080497754 0.0374616363347 0.046252541495 0.0581725620805
many_rivals 0.0 0.0 0.0 0.0 0.0 0.0
Observed values
no_rival 273 251 286 240 267 269
brother 16 52 46 49 47 67
nonkin 116 152 170 89 160 166
many_rivals 0 0 0 0 0 0
Q values
no_rival 0.133965571197 0.111177537852 0.0986071324106 0.138914941591 0.120386217709 0.100240751841
brother 0.050486931029 0.0517282240216 0.0507004914632 0.0621683333815 0.0684204614405 0.0690440337322
nonkin 0.0976263485765 0.109457545178 0.107256344552 0.0859105765752 0.0888407701056 0.0978022636722
many_rivals 1 1 1 1 1 1
O' values
no_rival 2037.83701709 2257.65028485 2900.39871364 1727.67592349 2217.86185397 2683.53932966
brother 316.913697741 1005.25392053 907.28903552 788.182621839 686.929012323 970.395215607
nonkin 1188.20381681 1388.66626099 1584.98782249 1035.96092062 1800.97493313 1697.30222765
many_rivals 0 0 0 0 0 0
