Parameter Female_0 Female_1 Female_2 Female_3 Female_4 Female_5
Size 20.3197493585 25.4188892474 32.2107536532 24.2528264415 28.4566193854 30.9152275674
Profit 2.909155294 3.31873997908 5.02877070251 3.18811677802 3.82902297582 4.51687577216
E values
no_rival 0.0679315081664 0.0774956952127 0.117426518532 0.0744455207971 0.0894112824048 0.105473291177
brother 0.0212530516449 0.0242453032043 0.036738060588 0.0232910256366 0.0279732138132 0.0329983738776
nonkin 0.0384621406087 0.0438772876725 0.0664857205278 0.0421503094201 0.0506237739847 0.0597179227314
many_rivals 0.0 0.0 0.0 0.0 0.0 0.0
Observed values
no_rival 249 329 244 196 263 249
brother 43 40 89 22 58 58
nonkin 99 153 189 86 79 167
many_rivals 0 0 0 0 0 0
Q values
no_rival 0.142115564353 0.128020672621 0.0968146233435 0.13571287744 0.115287136271 0.103828873833
brother 0.0492691670273 0.0568064685693 0.0660400558668 0.0603454559777 0.0525448647298 0.0648613821242
nonkin 0.0976345487492 0.0977583338245 0.105691494881 0.0884326904207 0.102876697576 0.0975610341086
many_rivals 1 1 1 1 1 1
O' values
no_rival 1752.09521303 2569.8974491 2520.28042431 1444.2255127 2281.26058559 2398.17683471
brother 872.756788768 704.145161765 1347.66693989 364.567632203 1103.81861859 894.214679067
nonkin 1013.98532864 1565.0839577 1788.22335906 972.491050434 767.909564184 1711.74897361
many_rivals 0 0 0 0 0 0
