Parameter Female_0 Female_1 Female_2 Female_3 Female_4 Female_5
Size 22.1068818415 25.8855859467 34.5427275813 19.3372100645 28.934223893 33.2631928512
Profit 3.01099894939 3.37955610788 6.33009053838 2.86609654556 3.93907900194 5.54646089846
E values
no_rival 0.0639114105796 0.0717343983238 0.134362390092 0.0608357147125 0.0836108214019 0.11772908118
brother 0.0199953239139 0.0224428238596 0.0420366173643 0.0190330617049 0.0261584815838 0.036832720338
nonkin 0.0361860015561 0.040615298987 0.0760746416463 0.034444573313 0.0473396109695 0.0666570284734
many_rivals 0.0 0.0 0.0 0.0 0.0 0.0
Observed values
no_rival 309 283 259 263 270 279
brother 17 32 75 44 44 44
nonkin 92 106 223 63 137 195
many_rivals 0 0 0 0 0 0
Q values
no_rival 0.152881589275 0.131233281983 0.0887190257993 0.132597731204 0.117599112289 0.0972974015265
brother 0.0485907781581 0.0585650513028 0.0659437612485 0.0629948211577 0.0555067033413 0.0589935998027
nonkin 0.0838416093658 0.0953687864465 0.103488191783 0.0914882368863 0.0992629371278 0.102162820917
many_rivals 1 1 1 1 1 1
O' values
no_rival 2021.17208138 2156.46515674 2919.3287197 1983.44268497 2295.93569837 2867.49692821
brother 349.860624679 546.400955658 1137.33276022 698.470115343 792.697050111 745.843619429
nonkin 1097.30718072 1111.4747702 2154.83521509 688.613117316 1380.17274085 1908.71785106
many_rivals 0 0 0 0 0 0
