Parameter Female_0 Female_1 Female_2 Female_3 Female_4 Female_5
Size 20.3844525722 26.3425927434 29.7639298647 22.8871524396 25.4200459866 29.8486606122
Profit 2.91227865682 3.44448999718 4.15531842815 3.06733790388 3.3188842391 4.179351693
E values
no_rival 0.0735312886807 0.0869689401966 0.104916443413 0.0774463351451 0.0837975564295 0.105523252425
brother 0.0230049989766 0.0272091026299 0.0328241584862 0.0242298604135 0.0262169035045 0.0330140047538
nonkin 0.0416326803381 0.0492409442499 0.059402641096 0.0438493404958 0.0474453384748 0.0597462102907
many_rivals 0.0 0.0 0.0 0.0 0.0 0.0
Observed values
no_rival 341 249 245 284 305 290
brother 50 60 49 47 29 31
nonkin 81 116 144 105 162 139
many_rivals 0 0 0 0 0 0
Q values
no_rival 0.140513451799 0.116582976571 0.100599785204 0.126963941902 0.128158846846 0.111997003253
brother 0.0643688158019 0.0549097814411 0.0654481793582 0.0610505691054 0.055787645728 0.0627226832549
nonkin 0.0859056609282 0.108512150041 0.113866491469 0.0965855695269 0.098797458244 0.101011533291
many_rivals 1 1 1 1 1 1
O' values
no_rival 2426.8139145 2135.81782969 2435.39287388 2236.85556502 2379.85911629 2589.35499681
brother 776.773650053 1092.70149007 748.683927965 769.85359332 519.828353062 494.239059799
nonkin 942.894788595 1069.00471474 1264.63894814 1087.11891967 1639.7182972 1376.08048776
many_rivals 0 0 0 0 0 0
