Parameter Female_0 Female_1 Female_2 Female_3 Female_4 Female_5
Size 19.2990615154 27.5167335708 33.9674907541 23.6001631244 25.1515402684 33.429767285
Profit 2.86457927654 3.63918552989 5.95449281214 3.12653944879 3.28622276288 5.63816265265
E values
no_rival 0.0622004725176 0.0790200017825 0.129293774325 0.0678885840766 0.0713558917091 0.122425091879
brother 0.0194600398318 0.0247221977577 0.0404508502354 0.0212396224142 0.0223244042801 0.0383019142453
nonkin 0.0352172855347 0.0447403348092 0.0732048420852 0.0384378374183 0.0404009923268 0.0693158627711
many_rivals 0.0 0.0 0.0 0.0 0.0 0.0
Observed values
no_rival 132 172 219 129 146 165
brother 29 25 34 13 23 44
nonkin 29 54 120 29 18 72
many_rivals 0 0 0 0 0 0
Q values
no_rival 0.277206118753 0.253672209287 0.232496784773 0.281710440619 0.283334047877 0.243902410182
brother 0.0546284791878 0.0445022569771 0.0522540910942 0.0373354139246 0.0401520566792 0.0452209477925
nonkin 0.0525401855023 0.076610628822 0.0906047075933 0.0623242351415 0.061528029971 0.0836342329068
many_rivals 1 1 1 1 1 1
O' values
no_rival 476.179965269 678.040375348 941.948510013 457.917000579 515.29281812 676.500079999
brother 530.858636944 561.769260666 650.666757148 348.194880771 572.822462963 973.000393577
nonkin 551.958462323 704.8630305 1324.43449339 465.308558286 292.54959095 860.891497387
many_rivals 0 0 0 0 0 0
