Parameter Female_0 Female_1 Female_2 Female_3 Female_4 Female_5
Size 23.9907441574 27.8661611654 31.9721232413 19.2657078634 27.1510199842 30.9717417967
Profit 3.16248204084 3.70589150092 4.92491762567 2.86326156762 3.57389223337 4.53671086849
E values
no_rival 0.0739232328139 0.0866254659055 0.115120284489 0.0669289338997 0.0835399740481 0.106045925134
brother 0.0231276226181 0.0271016432632 0.0360165322052 0.0209393862599 0.0261363162807 0.0331775281375
nonkin 0.0418545951869 0.0490464725411 0.0651799538747 0.0378944930847 0.0472994979063 0.0600421423517
many_rivals 0.0 0.0 0.0 0.0 0.0 0.0
Observed values
no_rival 168 179 236 113 80 189
brother 24 27 45 24 12 41
nonkin 57 62 65 26 24 58
many_rivals 0 0 0 0 0 0
Q values
no_rival 0.270600783418 0.27952249196 0.254386870008 0.28910795808 0.247498041433 0.240840307862
brother 0.0533850795436 0.0418023580537 0.0564636214507 0.0374959846183 0.0445130297459 0.0445825940344
nonkin 0.064144800789 0.0629201364996 0.070211272168 0.0629892333209 0.0865193561213 0.0905186982746
many_rivals 1 1 1 1 1 1
O' values
no_rival 620.840774658 640.377805539 927.720837133 390.857452526 323.23488112 784.752360094
brother 449.563814556 645.89657754 796.973322714 640.068536519 269.583986274 919.641418092
nonkin 888.614498742 985.376120416 925.777271838 412.768954776 277.394574763 640.751591722
many_rivals 0 0 0 0 0 0
