Parameter Female_0 Female_1 Female_2 Female_3 Female_4 Female_5
Size 20.1814415293 26.9036835657 31.9299929774 24.5139069683 25.1899010186 30.9094848068
Profit 2.90260447449 3.53220198201 4.90705961129 3.21493588391 3.29078905497 4.51487193239
E values
no_rival 0.0690764309203 0.0840596465522 0.116778626657 0.0765093206634 0.0783144809519 0.107445310545
brother 0.0216112521777 0.0262989010203 0.036535361136 0.0239367060627 0.0245014685106 0.0336153398571
nonkin 0.0391103844227 0.0475937312814 0.0661188906271 0.0433188122664 0.0443408759702 0.0608344603775
many_rivals 0.0 0.0 0.0 0.0 0.0 0.0
Observed values
no_rival 141 157 154 193 80 178
brother 24 32 20 21 16 62
nonkin 28 49 88 56 72 70
many_rivals 0 0 0 0 0 0
Q values
no_rival 0.286420588393 0.277696173551 0.236529130181 0.280470837435 0.253003235216 0.244508705725
brother 0.0457432358667 0.0412788210403 0.056950628372 0.0432997695416 0.0459403212415 0.058032661511
nonkin 0.0559618420048 0.0625171442337 0.0802067484753 0.0668497818978 0.0815340285347 0.0755666045798
many_rivals 1 1 1 1 1 1
O' values
no_rival 492.283047079 565.366090546 651.082595545 688.128583225 316.201490197 727.990438917
brother 524.667736011 775.215938672 351.181375372 484.991033955 348.277930315 1068.36389002
nonkin 500.340928692 783.785001708 1097.16453631 837.699068122 883.066877645 926.335123686
many_rivals 0 0 0 0 0 0
