Parameter Female_0 Female_1 Female_2 Female_3 Female_4 Female_5
Size 21.9810799594 27.1079236709 33.5795290162 20.4849595581 29.1422119 33.7103597265
Profit 3.00266173462 3.56648840917 5.72308721563 2.91720603947 3.99017088507 5.79925152626
E values
no_rival 0.0639216192081 0.0759245410074 0.121834903171 0.0621024111564 0.0849440284765 0.123456313271
brother 0.0199985177855 0.0237537518996 0.0381172678061 0.0194293603544 0.0265755887492 0.0386245421698
nonkin 0.0361917815795 0.042987715873 0.0689817038264 0.0351617641726 0.0480944594831 0.0698997300106
many_rivals 0.0 0.0 0.0 0.0 0.0 0.0
Observed values
no_rival 157 189 179 110 128 122
brother 7 17 59 29 26 40
nonkin 28 42 73 34 61 94
many_rivals 0 0 0 0 0 0
Q values
no_rival 0.301398467995 0.270832595843 0.228717313196 0.280930064367 0.26361117513 0.228392439445
brother 0.0380380477848 0.043346134691 0.0525396321823 0.0481283967644 0.051025100772 0.0511524017918
nonkin 0.0526606645968 0.0624768990586 0.0906900622042 0.0579161751598 0.0704949432976 0.0889710529249
many_rivals 1 1 1 1 1 1
O' values
no_rival 520.905102951 697.848054114 782.625493012 391.556525813 485.563633396 534.168295135
brother 184.026268635 392.191832587 1122.96180139 602.554872999 509.553133784 781.976966846
nonkin 531.706164637 672.248473161 804.939353064 587.055341728 865.310292434 1056.52340744
many_rivals 0 0 0 0 0 0
