Parameter Female_0 Female_1 Female_2 Female_3 Female_4 Female_5
Size 24.8850062721 28.9822493558 32.7374646457 22.703713624 29.3411455188 31.8547284103
Profit 3.25538575781 3.95070025383 5.27511082616 3.05334315817 4.04093659338 4.87550541299
E values
no_rival 0.0708545618299 0.0859883148211 0.11481455471 0.0664570369485 0.0879523389876 0.106117008993
brother 0.0221675582141 0.0269023041749 0.0359208815865 0.0207917485797 0.0275167687757 0.0331997674336
nonkin 0.0401171443625 0.0486857239686 0.0650068527312 0.0376273097499 0.0497977348114 0.0600823893218
many_rivals 0.0 0.0 0.0 0.0 0.0 0.0
Observed values
no_rival 202 157 146 118 167 226
brother 44 33 59 12 21 43
nonkin 41 56 79 21 43 88
many_rivals 0 0 0 0 0 0
Q values
no_rival 0.276067171306 0.269259477679 0.221017627037 0.303739341055 0.269696101396 0.253336731814
brother 0.0495027557456 0.0442851965832 0.0667611012177 0.0348249397741 0.0414803145849 0.0506679583554
nonkin 0.066090010951 0.0714866465024 0.0829992803243 0.0540858608018 0.0768074737886 0.0794314429289
many_rivals 1 1 1 1 1 1
O' values
no_rival 731.705979541 583.080682445 660.580796007 388.490998862 619.215476738 892.093295677
brother 888.839405753 745.170001402 883.748154597 344.580638986 506.264241487 848.662574844
nonkin 620.366064554 783.363085833 951.815481909 388.271531389 559.841352397 1107.87361724
many_rivals 0 0 0 0 0 0
