Parameter Female_0 Female_1 Female_2 Female_3 Female_4 Female_5
Size 24.3264910114 27.550423841 31.7456864345 23.4762800022 28.1566703394 32.7620356307
Profit 3.19555151744 3.64542852537 4.83057216366 3.11567774027 3.76477206935 5.28720656103
E values
no_rival 0.07133713337 0.0813801371957 0.107837150743 0.0695540401346 0.0840443490751 0.118031005772
brother 0.0223185355461 0.025460589723 0.0337379309814 0.0217606769965 0.0262941150516 0.0369271804658
nonkin 0.0403903715428 0.0460766198788 0.0610563163791 0.0393808019838 0.0475850700028 0.066827975158
many_rivals 0.0 0.0 0.0 0.0 0.0 0.0
Observed values
no_rival 94 143 203 135 182 199
brother 21 26 72 15 12 46
nonkin 18 37 49 40 39 51
many_rivals 0 0 0 0 0 0
Q values
no_rival 0.272139832063 0.269653679313 0.248362911089 0.296602111638 0.270784011257 0.244375918014
brother 0.0461434470751 0.0429191060682 0.0542149549647 0.0361692806288 0.047392144364 0.0539034883403
nonkin 0.0675890057806 0.07434359702 0.0725657121589 0.0551462311878 0.0666095348018 0.0749895094742
many_rivals 1 1 1 1 1 1
O' values
no_rival 345.410663656 530.309841736 817.352313636 455.155222108 672.122401743 814.319191586
brother 455.102540688 605.790809311 1328.04684698 414.716569952 253.20652106 853.377052512
nonkin 266.315501939 497.68912836 675.250039477 725.34421915 585.501762113 680.095127406
many_rivals 0 0 0 0 0 0
