Parameter Female_0 Female_1 Female_2 Female_3 Female_4 Female_5
Size 21.7151732161 29.0687966692 34.0625457983 21.8539625497 25.6893844889 34.2611017356
Profit 2.98567281263 3.97190884423 6.01380123425 2.9944345367 3.35333962242 6.14114732108
E values
no_rival 0.0624080030012 0.083022794066 0.125703434043 0.0625911448714 0.070093155665 0.128365284644
brother 0.019524967819 0.0259745113515 0.0393275763747 0.0195822655845 0.0219293446813 0.0401603629536
nonkin 0.0353347872193 0.0470066757722 0.0711720273208 0.0354384803147 0.0396860438059 0.0726791405123
many_rivals 0.0 0.0 0.0 0.0 0.0 0.0
Observed values
no_rival 143 146 234 128 158 179
brother 8 36 32 19 22 67
nonkin 32 20 107 27 47 51
many_rivals 0 0 0 0 0 0
Q values
no_rival 0.289424576528 0.253790873644 0.226979061465 0.283832399185 0.28458871795 0.222106296825
brother 0.0301212681532 0.0406750438526 0.0533372786371 0.0341836837679 0.0395178127183 0.0645652416675
nonkin 0.0620726957834 0.0779472903473 0.0837435821953 0.0635123980046 0.0576833258222 0.0825943843296
many_rivals 1 1 1 1 1 1
O' values
no_rival 494.083818712 575.276793464 1030.93209783 450.970362677 555.187152668 805.9204199
brother 265.593067308 885.06358175 599.955618616 555.82072807 556.710973779 1037.71004754
nonkin 515.524573182 256.583646601 1277.70985185 425.113849394 814.793518406 617.475393926
many_rivals 0 0 0 0 0 0
