Parameter Female_0 Female_1 Female_2 Female_3 Female_4 Female_5
Size 22.9837143019 29.1172062039 33.0565268038 23.3809083434 28.4910808444 32.1242095053
Profit 3.07490018146 3.98392249609 5.43659399686 3.10748586227 3.8366386923 4.99056872977
E values
no_rival 0.0669834117016 0.0867854905833 0.118430385526 0.067693255906 0.0835770704447 0.108714202128
brother 0.020956430185 0.0271517085839 0.0370521304158 0.0211785120427 0.0261479222593 0.0340123252778
nonkin 0.0379253378713 0.0491370769133 0.0670540999812 0.0383272445614 0.0473205015151 0.061552894103
many_rivals 0.0 0.0 0.0 0.0 0.0 0.0
Observed values
no_rival 152 201 184 128 109 234
brother 7 32 71 16 33 54
nonkin 23 23 86 41 20 68
many_rivals 0 0 0 0 0 0
Q values
no_rival 0.290280294797 0.274999581492 0.230700204124 0.294191975054 0.270245884142 0.237125353783
brother 0.0330619855154 0.0496504235916 0.0577726849463 0.0470158765821 0.042456838337 0.0548782300797
nonkin 0.0674391138664 0.0625237233738 0.0888910940208 0.0531335752401 0.0719531069051 0.0844078614245
many_rivals 1 1 1 1 1 1
O' values
no_rival 523.631823188 730.910203243 797.57189942 435.090046139 403.336392508 986.819824482
brother 211.723521466 644.50608243 1228.95448024 340.310575132 777.259948987 983.996749196
nonkin 341.0483721 367.860369775 967.475999113 771.640150597 277.958810401 805.612165175
many_rivals 0 0 0 0 0 0
