Parameter Female_0 Female_1 Female_2 Female_3 Female_4 Female_5
Size 19.3655951908 28.3060465914 32.641451105 24.2024994033 27.5902570268 31.4067103621
Profit 2.86723255294 3.79631819544 5.22837574152 3.18309608768 3.65286084404 4.69660880557
E values
no_rival 0.0651409963305 0.0862490032016 0.118784088386 0.0723171374273 0.082989778626 0.106702812318
brother 0.020380012112 0.0269838631417 0.0371627898926 0.0226251396155 0.0259641821409 0.0333830418619
nonkin 0.0368821807124 0.0488333231227 0.0672543630035 0.04094524004 0.0469879827603 0.0604140653065
many_rivals 0.0 0.0 0.0 0.0 0.0 0.0
Observed values
no_rival 119 238 215 174 134 138
brother 20 48 47 31 29 21
nonkin 12 67 51 30 14 59
many_rivals 0 0 0 0 0 0
Q values
no_rival 0.304383325074 0.262614382487 0.239997057433 0.285549021253 0.266119713692 0.245708903043
brother 0.0311478599752 0.0537972979889 0.0585617643055 0.0388708983847 0.0444358473128 0.0497055453821
nonkin 0.05648470592 0.0691413699128 0.0814447887339 0.0693177218068 0.0736071255202 0.0802616606402
many_rivals 1 1 1 1 1 1
O' values
no_rival 390.954399263 906.271765264 895.844317006 609.352465074 503.532782826 561.640210391
brother 642.098687226 892.238119653 802.571448408 797.511796439 652.626241059 422.488071272
nonkin 212.446888136 969.02910782 626.191077327 432.789757338 190.198977355 735.095679922
many_rivals 0 0 0 0 0 0
