Parameter Female_0 Female_1 Female_2 Female_3 Female_4 Female_5
Size 20.1556873751 28.6783514836 32.2407711776 22.5512233239 27.5420878955 34.2081175829
Profit 2.90140328525 3.87889455434 5.04216622823 3.04206999148 3.64388015814 6.10670071734
E values
no_rival 0.0627289320822 0.083862493122 0.109012664488 0.0657701750237 0.0787814338386 0.132028117736
brother 0.0196253736912 0.0262372195981 0.0341057022116 0.0205768569579 0.0246475593908 0.0413063169149
nonkin 0.0355164940556 0.0474821049807 0.0617218805063 0.0372384153967 0.0446052600251 0.074752999981
many_rivals 0.0 0.0 0.0 0.0 0.0 0.0
Observed values
no_rival 124 174 174 199 136 194
brother 21 26 53 38 18 44
nonkin 19 41 73 36 38 113
many_rivals 0 0 0 0 0 0
Q values
no_rival 0.2885607674 0.275509549465 0.242172371629 0.294419724839 0.273239411671 0.22253912274
brother 0.0409429324245 0.0418546758247 0.0596708072268 0.0355648469111 0.047341969649 0.0546515358534
nonkin 0.0579345639332 0.0664736044859 0.0734774936439 0.0564227521151 0.0618775826865 0.0954405799258
many_rivals 1 1 1 1 1 1
O' values
no_rival 429.718846112 631.557056146 718.496494169 675.905801178 497.73200421 871.756829143
brother 512.909035979 621.1970225 888.206519455 1068.47078788 380.2123176 805.100887156
nonkin 327.956209732 616.786171249 993.501497939 638.040482793 614.115780711 1183.98274704
many_rivals 0 0 0 0 0 0
