Parameter Female_0 Female_1 Female_2 Female_3 Female_4 Female_5
Size 22.0347608254 29.3282613637 34.6508371196 23.5569257774 27.4570319463 31.2149319868
Profit 3.00619528852 4.03759109745 6.40531028037 3.12271985972 3.62821878787 4.62450149526
E values
no_rival 0.0644462570824 0.0865571291571 0.137315853896 0.0669442892299 0.0777810815044 0.0991392054202
brother 0.0201626559908 0.0270802634281 0.04296063805 0.0209441903285 0.0243345891595 0.0310166918078
nonkin 0.0364888262975 0.0490077809575 0.0777468633175 0.0379031871191 0.044038870537 0.0561316267169
many_rivals 0.0 0.0 0.0 0.0 0.0 0.0
Observed values
no_rival 140 209 200 170 138 172
brother 24 34 71 21 29 28
nonkin 34 67 111 26 35 73
many_rivals 0 0 0 0 0 0
Q values
no_rival 0.283595639018 0.263442240044 0.225972317832 0.29195298321 0.278947395862 0.258873878634
brother 0.0403863659925 0.0457906809396 0.061370918718 0.0375543984141 0.0448538700689 0.0417306389579
nonkin 0.0676262546666 0.0682458394743 0.086871582306 0.0593916800297 0.0596009145364 0.0796162401863
many_rivals 1 1 1 1 1 1
O' values
no_rival 493.660623573 793.342783469 885.064161483 582.285538346 494.716932466 664.41620494
brother 594.259954077 742.50915912 1156.89974149 559.188827057 646.543987295 670.969836534
nonkin 502.763315337 981.744828931 1277.7481088 437.771755017 587.239311213 916.898359294
many_rivals 0 0 0 0 0 0
