Parameter Female_0 Female_1 Female_2 Female_3 Female_4 Female_5
Size 20.9588001982 28.5493737321 33.6562380012 24.007289298 25.6860327675 32.4161997796
Profit 2.94172766677 3.84963340669 5.76751755121 3.16406340299 3.35290008166 5.12197681493
E values
no_rival 0.0646975605979 0.0846651759857 0.126845295873 0.0695874013298 0.0737404956489 0.112647886855
brother 0.0202412788087 0.0264883469589 0.0396848192667 0.02177111438 0.0230704514687 0.0352430178815
nonkin 0.0366311118349 0.0479365759913 0.0718185380702 0.0393996907589 0.0417511312314 0.0637801070585
many_rivals 0.0 0.0 0.0 0.0 0.0 0.0
Observed values
no_rival 132 182 231 183 103 137
brother 18 22 48 10 8 59
nonkin 17 54 129 58 55 63
many_rivals 0 0 0 0 0 0
Q values
no_rival 0.298611199641 0.271084124757 0.2284571957 0.280030691584 0.276222069074 0.234959329234
brother 0.0356666053276 0.0380388149612 0.0468896825842 0.0405444824564 0.0436900473578 0.061957248728
nonkin 0.0521929860514 0.0765058062035 0.0950544993962 0.0602485871975 0.0621796101583 0.0718853075644
many_rivals 1 1 1 1 1 1
O' values
no_rival 442.046380573 671.378304292 1011.1303314 653.499796628 372.888380517 583.079635301
brother 504.673765127 578.356608175 1023.67935449 246.64268463 183.10806428 952.269527961
nonkin 325.714263278 705.828781888 1357.11618934 962.678175505 884.534333039 876.39605553
many_rivals 0 0 0 0 0 0
