Parameter Female_0 Female_1 Female_2 Female_3 Female_4 Female_5
Size 19.3509830562 27.6428241162 32.2093584297 24.5878066235 27.4903712372 31.8906634241
Profit 2.86664700318 3.66275439546 5.02814990437 3.2227683277 3.63432784277 4.89051545627
E values
no_rival 0.0654611661247 0.0836406344029 0.114820051379 0.0735933558082 0.0829915013615 0.111677107214
brother 0.0204801804338 0.0261678088793 0.0359226012744 0.0230244172981 0.0259647211159 0.034939299763
nonkin 0.0370634576482 0.0473564907926 0.0650099648902 0.041667822125 0.0469889581558 0.0632304613335
many_rivals 0.0 0.0 0.0 0.0 0.0 0.0
Observed values
no_rival 195 129 264 142 158 177
brother 21 22 63 28 20 68
nonkin 36 32 91 18 37 37
many_rivals 0 0 0 0 0 0
Q values
no_rival 0.286352971475 0.272698124917 0.244251084879 0.290090668672 0.263541911947 0.248972854953
brother 0.0444647892085 0.0441893232552 0.0500301687399 0.04052171774 0.0538362185635 0.0520762664106
nonkin 0.060555607605 0.071819046833 0.0848052137439 0.0601223597414 0.0663324343434 0.0814260171613
many_rivals 1 1 1 1 1 1
O' values
no_rival 680.977742244 473.050557423 1080.85497402 489.502129282 599.525133717 710.920875423
brother 472.28380869 497.857816762 1259.24020619 690.987489219 371.49711725 1305.77717427
nonkin 594.494901857 445.56425365 1073.04723357 299.389446413 557.796504323 454.400218627
many_rivals 0 0 0 0 0 0
