Parameter Female_0 Female_1 Female_2 Female_3 Female_4 Female_5
Size 20.1036029311 25.3676534012 32.84967266 20.1019410591 26.8189189796 33.4900190506
Profit 2.8989916729 3.31238147224 5.33080447819 2.8989151116 3.51835296803 5.67204313738
E values
no_rival 0.0652856221756 0.0745952074715 0.12005032312 0.0652838980065 0.0792337089818 0.127735056534
brother 0.0204252597538 0.0233378566095 0.0375589440914 0.0204247203303 0.0247890581921 0.0399631897873
nonkin 0.0369640664196 0.0422350605183 0.0679712924475 0.0369630902123 0.0448613336884 0.0723223116592
many_rivals 0.0 0.0 0.0 0.0 0.0 0.0
Observed values
no_rival 94 191 181 111 156 202
brother 26 24 47 8 5 55
nonkin 35 51 107 28 27 135
many_rivals 0 0 0 0 0 0
Q values
no_rival 0.287764153085 0.267674752871 0.22909900943 0.283047482296 0.275594723752 0.221936387431
brother 0.0385522922009 0.0461338782116 0.0593596351387 0.0369106138249 0.0436584013857 0.0564044694911
nonkin 0.0579073674729 0.0662137393033 0.0847259499604 0.0627302527611 0.063901250343 0.0943425025164
many_rivals 1 1 1 1 1 1
O' values
no_rival 326.656392022 713.55254073 790.051429949 392.160350975 566.048572615 910.17071305
brother 674.408667182 520.225069524 791.783842508 216.739825513 114.525494322 975.100031899
nonkin 604.413592387 770.232893303 1262.89525287 446.355606228 422.526943605 1430.95631766
many_rivals 0 0 0 0 0 0
