Parameter Female_0 Female_1 Female_2 Female_3 Female_4 Female_5
Size 22.2672031744 27.7451517564 34.1077724796 21.8794779484 25.7133289355 31.4461112905
Profit 3.02191257654 3.68229492241 6.04239275494 2.99607024892 3.35648770886 4.71174674137
E values
no_rival 0.0675410267124 0.0823008519995 0.135050038719 0.0669634397386 0.075018922706 0.105309536415
brother 0.0211308856172 0.0257486445566 0.0422517551137 0.0209501817566 0.0234704201578 0.0329471415626
nonkin 0.0382410539143 0.0465979193936 0.0764639814224 0.0379140299456 0.0424749638469 0.0596252064225
many_rivals 0.0 0.0 0.0 0.0 0.0 0.0
Observed values
no_rival 161 106 236 136 131 202
brother 24 16 64 24 9 24
nonkin 36 45 128 38 32 100
many_rivals 0 0 0 0 0 0
Q values
no_rival 0.289028973066 0.272298488665 0.213300821502 0.273929146487 0.282325070727 0.239915768877
brother 0.0332822882077 0.0440934612726 0.0634672166046 0.0442668922757 0.0366240027497 0.0507895795794
nonkin 0.0640137858676 0.0710758758944 0.0959805840954 0.0681130095146 0.0669565777709 0.0848602463948
many_rivals 1 1 1 1 1 1
O' values
no_rival 557.037581015 389.278693832 1106.41861732 496.478749137 464.004134181 841.962164243
brother 721.104265734 362.865593633 1008.39462362 542.165911501 245.740479584 472.53787487
nonkin 562.378861241 633.126211021 1333.60305323 557.896358872 477.921677979 1178.40807974
many_rivals 0 0 0 0 0 0
