Parameter Female_0 Female_1 Female_2 Female_3 Female_4 Female_5
Size 20.4220798571 28.4222125158 34.5279885696 21.7889098202 25.5238357354 31.3856202337
Profit 2.91411249015 3.82146820769 6.31995300708 2.9902994121 3.33195619028 4.6885517134
E values
no_rival 0.0644403528052 0.0845048914104 0.139754385895 0.0661250894606 0.0736802141851 0.103678882534
brother 0.0201608087786 0.0264382003267 0.0437235571711 0.0206878954886 0.0230515918099 0.0324369751896
nonkin 0.0364854833548 0.0478458244677 0.0791275357498 0.0374393644017 0.0417170004694 0.0587019465019
many_rivals 0.0 0.0 0.0 0.0 0.0 0.0
Observed values
no_rival 166 197 229 177 145 150
brother 14 47 71 25 15 29
nonkin 74 27 85 31 32 54
many_rivals 0 0 0 0 0 0
Q values
no_rival 0.276671733047 0.275983932782 0.225802850787 0.284055931867 0.300422626157 0.249268403761
brother 0.0338374005045 0.0460067820987 0.0635573512789 0.0410660097995 0.0353149133037 0.0466096988404
nonkin 0.0731391062104 0.0588872260351 0.0832163042887 0.0613160581316 0.0530086728877 0.0788590084308
many_rivals 1 1 1 1 1 1
O' values
no_rival 599.989012871 713.809670056 1014.15902944 623.116718022 482.653393505 601.760984292
brother 413.743366549 1021.58851056 1117.10130412 608.775971224 424.749733094 622.188100792
nonkin 1011.77063591 458.503512866 1021.43444997 505.577183932 603.67479993 684.76640874
many_rivals 0 0 0 0 0 0
