Parameter Female_0 Female_1 Female_2 Female_3 Female_4 Female_5
Size 20.4873257233 27.0171691504 33.4903064325 23.8468679061 26.1666974126 30.4043925588
Profit 2.91732316267 3.55109112617 5.67220565453 3.14893519976 3.41883783649 4.34679914948
E values
no_rival 0.067340673865 0.081969962208 0.130931723974 0.0726869827184 0.0789171548393 0.100337318686
brother 0.0210682032254 0.0256451223764 0.0409632991625 0.0227408494133 0.024690021063 0.031391533524
nonkin 0.0381276161356 0.0464105729025 0.0741322327968 0.0411546427453 0.0446821038985 0.0568099864666
many_rivals 0.0 0.0 0.0 0.0 0.0 0.0
Observed values
no_rival 124 123 194 256 183 147
brother 14 28 70 43 5 22
nonkin 27 35 76 45 29 75
many_rivals 0 0 0 0 0 0
Q values
no_rival 0.282305317729 0.27075270652 0.226784306426 0.288269898144 0.277758458559 0.243278872829
brother 0.0348250349574 0.0458841999226 0.0596566945891 0.0484602042946 0.0460825388293 0.0489333421288
nonkin 0.0734802240556 0.0673341357651 0.0868794033375 0.0498748586554 0.0627114592777 0.0858988987379
many_rivals 1 1 1 1 1 1
O' values
no_rival 439.240751813 454.289087563 855.438381329 888.056649854 658.845822192 604.244825251
brother 402.009646713 610.231845542 1173.38046437 887.326015768 108.500966462 449.591199843
nonkin 367.445803915 519.795785634 874.775805086 902.258196076 462.435419842 873.119459061
many_rivals 0 0 0 0 0 0
