Parameter Female_0 Female_1 Female_2 Female_3 Female_4 Female_5
Size 21.0371982205 26.3121448327 33.2722189387 21.7950347996 28.5086038439 32.4417532195
Profit 2.94599881868 3.43998884223 5.55135691876 2.99068660577 3.84053003424 5.13382263204
E values
no_rival 0.0655923235037 0.0765909543338 0.123600320744 0.0665872919228 0.0855089577205 0.114303968066
brother 0.0205212143314 0.0239622459729 0.0386695963479 0.020832500151 0.0267523325124 0.035761139449
nonkin 0.0371377176445 0.0433650324343 0.0699812656019 0.0377010588138 0.0484143167718 0.0647177636791
many_rivals 0.0 0.0 0.0 0.0 0.0 0.0
Observed values
no_rival 144 187 203 153 239 192
brother 16 7 48 22 46 36
nonkin 22 28 83 29 72 33
many_rivals 0 0 0 0 0 0
Q values
no_rival 0.299988493967 0.299370477913 0.253021257113 0.293894508352 0.258327958171 0.247892283748
brother 0.0426728029841 0.0395460839778 0.052025593366 0.0465071506655 0.0468371200124 0.0446234015514
nonkin 0.0527887658188 0.0565565301201 0.0786867447242 0.0552299023574 0.0825129712653 0.0849591476354
many_rivals 1 1 1 1 1 1
O' values
no_rival 480.018410358 624.644090838 802.30413174 520.594960614 925.180540628 774.529957516
brother 374.946075278 177.008676862 922.622826468 473.045535691 982.126996446 806.751586575
nonkin 416.75533911 495.079877435 1054.81552568 525.077879232 872.590077607 388.421975955
many_rivals 0 0 0 0 0 0
