Parameter Female_0 Female_1 Female_2 Female_3 Female_4 Female_5
Size 24.3426005758 28.4308649426 32.9494745394 23.3646160946 26.1479577875 32.036992323
Profit 3.19719112175 3.82336345411 5.38133363919 3.10610102804 3.41615437972 4.95269110812
E values
no_rival 0.0712612618782 0.0852178346502 0.119942978418 0.0692309813052 0.0761416701721 0.110389089866
brother 0.0222947983912 0.0266612517487 0.037525360228 0.0216596048112 0.02382168293 0.0345363306555
nonkin 0.0403474138628 0.0482494858006 0.0679105149508 0.0391978893052 0.0431106522347 0.0625011987912
many_rivals 0.0 0.0 0.0 0.0 0.0 0.0
Observed values
no_rival 127 143 157 193 133 198
brother 20 21 37 12 26 44
nonkin 32 36 66 25 57 69
many_rivals 0 0 0 0 0 0
Q values
no_rival 0.27855627376 0.281529101316 0.237019869365 0.284439871999 0.260518485329 0.240469959976
brother 0.0384679784552 0.0400829955475 0.0556927023511 0.0445647406554 0.0454306727149 0.0462331112236
nonkin 0.0703846270945 0.0647293193857 0.0829649237928 0.0625692349046 0.0768367472294 0.08618223237
many_rivals 1 1 1 1 1 1
O' values
no_rival 455.922238928 507.940384606 662.39172446 678.526532317 510.520394865 823.387669794
brother 519.912945861 523.912938969 664.359932954 269.271173208 572.300572416 951.698876314
nonkin 454.644733104 556.162189586 795.516912242 399.557386919 741.832548296 800.629063585
many_rivals 0 0 0 0 0 0
