Parameter Female_0 Female_1 Female_2 Female_3 Female_4 Female_5
Size 20.4906682204 26.885210157 34.3266361365 21.5067290929 26.7250332617 32.3012952436
Profit 2.91748870196 3.52916499171 6.18422886669 2.97293440216 3.50326820079 5.06940561944
E values
no_rival 0.0642210768033 0.0776855710981 0.136130034282 0.0654415725565 0.0771155192596 0.11159004229
brother 0.0200922060887 0.0243047077737 0.0425896425256 0.02047405039 0.0241263613556 0.0349120606309
nonkin 0.0363613314752 0.0439847935 0.0770754641104 0.0370523639658 0.0436620358496 0.0631811660443
many_rivals 0.0 0.0 0.0 0.0 0.0 0.0
Observed values
no_rival 118 136 200 123 144 236
brother 25 1 64 38 27 50
nonkin 45 48 82 51 48 76
many_rivals 0 0 0 0 0 0
Q values
no_rival 0.289131035927 0.275564106747 0.232956172918 0.275495177678 0.26465383849 0.251379665343
brother 0.045229958558 0.033278109121 0.056124066003 0.051050466994 0.0482017763468 0.0461729126992
nonkin 0.054582126372 0.0776991133149 0.0887273362161 0.0591963769765 0.0638425603027 0.0761907526222
many_rivals 1 1 1 1 1 1
O' values
no_rival 408.119452212 493.533071507 858.530587514 446.468794977 544.106976953 938.818975983
brother 552.730995053 30.04978427 1140.33078068 744.361457152 560.145331693 1082.88598395
nonkin 824.44571128 617.767667508 924.179666572 861.539212447 751.849546328 997.496380918
many_rivals 0 0 0 0 0 0
