Parameter Female_0 Female_1 Female_2 Female_3 Female_4 Female_5
Size 23.8033395392 29.0406365615 31.35489049 19.1816985529 28.0979533941 33.6153336691
Profit 3.14490815064 3.96497038413 4.67686881339 2.85997884864 3.75261155226 5.74374606717
E values
no_rival 0.0693229263598 0.0873994841159 0.103091796903 0.0630422554866 0.0827184775622 0.126608875863
brother 0.0216883707409 0.0273438026005 0.0322532995791 0.0197234000515 0.0258793028901 0.0396108529024
nonkin 0.0392499476757 0.0494847139116 0.0583695444885 0.0356938946339 0.0468343748109 0.0716846794247
many_rivals 0.0 0.0 0.0 0.0 0.0 0.0
Observed values
no_rival 177 129 178 155 236 219
brother 9 32 28 16 12 51
nonkin 34 32 25 27 49 65
many_rivals 0 0 0 0 0 0
Q values
no_rival 0.289376480058 0.269244744572 0.26363127508 0.301050350761 0.269843733959 0.222172210259
brother 0.03725665351 0.0434726722325 0.0466516744682 0.0351492569679 0.0419060992507 0.0582796491579
nonkin 0.064317556188 0.0721544775191 0.0700174421394 0.0564223902061 0.0753395683307 0.088332653936
many_rivals 1 1 1 1 1 1
O' values
no_rival 611.659938515 479.117986889 675.185445832 514.864040545 874.580248863 985.721840481
brother 241.567590003 736.09461661 600.192818783 455.201656598 286.354497664 875.09106072
nonkin 528.627050142 443.492921026 357.053888804 478.533431522 650.388648165 735.854716276
many_rivals 0 0 0 0 0 0
