Parameter Female_0 Female_1 Female_2 Female_3 Female_4 Female_5
Size 24.2671651947 28.1449893298 34.5412638183 24.2077744504 27.5156125348 31.9523586093
Profit 3.18955591513 3.7623422164 6.32908250615 3.18362011554 3.63897847215 4.91652231959
E values
no_rival 0.0678426518826 0.0800259597394 0.134621167531 0.0677163959411 0.0774019820514 0.104575659144
brother 0.021225252068 0.0250369217641 0.0421175784739 0.0211857516341 0.0242159841046 0.0327175407198
nonkin 0.0384118310694 0.0453098981448 0.0762211588446 0.0383403462179 0.0438242282177 0.0592096924508
many_rivals 0.0 0.0 0.0 0.0 0.0 0.0
Observed values
no_rival 150 170 160 239 132 211
brother 14 35 107 16 33 40
nonkin 35 35 74 32 28 55
many_rivals 0 0 0 0 0 0
Q values
no_rival 0.285740172752 0.273502288452 0.211420513975 0.291690888279 0.272329805532 0.235985197465
brother 0.0391005062034 0.0411074973334 0.0630776727233 0.0384740918916 0.0484348796121 0.0509307759857
nonkin 0.0605352135857 0.0638033497309 0.0912763010875 0.053076250356 0.0620101144966 0.0825157199929
many_rivals 1 1 1 1 1 1
O' values
no_rival 524.952436879 621.567011239 756.785597535 819.3605272 484.706401277 894.123878391
brother 358.051630513 851.426194013 1696.32130325 415.864266403 681.327181244 785.379747822
nonkin 578.175873625 548.560540279 810.725227889 602.90619223 451.53924045 666.539660621
many_rivals 0 0 0 0 0 0
