Parameter Female_0 Female_1 Female_2 Female_3 Female_4 Female_5
Size 21.7174907821 28.2012899566 32.0947675973 23.946186823 25.6041360468 31.3082815188
Profit 2.98581725764 3.77410281991 4.97771313268 3.1582476016 3.34224554301 4.65927676663
E values
no_rival 0.0693966741331 0.0877180888644 0.115692524488 0.073404318057 0.0776808172797 0.108291393468
brother 0.0217114434693 0.0274434812821 0.0361955632114 0.0229652749473 0.0243032204941 0.0338800453603
nonkin 0.0392917029274 0.0496651047341 0.0655039504399 0.0415607908407 0.0439821019356 0.0613135040675
many_rivals 0.0 0.0 0.0 0.0 0.0 0.0
Observed values
no_rival 135 103 238 98 173 217
brother 18 20 53 15 29 55
nonkin 45 29 68 24 24 69
many_rivals 0 0 0 0 0 0
Q values
no_rival 0.289657307051 0.264791686472 0.242370162651 0.292955769425 0.277510783005 0.264958345996
brother 0.0338444038196 0.044369580496 0.057035203996 0.0391952387852 0.0479646146329 0.0466412117334
nonkin 0.0715452978019 0.0766695048808 0.0835509734012 0.060873588492 0.0684610522991 0.0758382070343
many_rivals 1 1 1 1 1 1
O' values
no_rival 466.067993846 388.985022047 981.969056738 334.52148832 623.399199579 818.996658453
brother 531.845681074 450.759276433 929.25064323 382.699543743 604.612383983 1179.21464636
nonkin 628.972153063 378.246866796 813.874419792 394.259655041 350.564287197 909.831636299
many_rivals 0 0 0 0 0 0
