Parameter Female_0 Female_1 Female_2 Female_3 Female_4 Female_5
Size 21.4280564763 29.2237116833 34.0833734199 24.2336961211 26.9025314813 32.1386091293
Profit 2.9682543851 4.01074027211 6.02693801014 3.18620273446 3.53201227431 4.99688208507
E values
no_rival 0.0638993181773 0.0863415110447 0.129745358578 0.0685912175617 0.0760356582829 0.107570752646
brother 0.019991540685 0.0270128051454 0.0405921328847 0.0214594483264 0.0237885160504 0.0336545856727
nonkin 0.0361791549588 0.0488857001384 0.0734605245732 0.0388356614713 0.0430506293632 0.0609054844404
many_rivals 0.0 0.0 0.0 0.0 0.0 0.0
Observed values
no_rival 129 176 170 166 188 222
brother 18 39 54 14 12 82
nonkin 10 50 87 16 40 90
many_rivals 0 0 0 0 0 0
Q values
no_rival 0.307710147204 0.253257968665 0.218218800781 0.298163757031 0.281700232528 0.229088423497
brother 0.0304771233964 0.0466898610126 0.0604832748359 0.032460103352 0.0362338310237 0.0571413065858
nonkin 0.0504764376486 0.0800353422173 0.0858064360812 0.0561956669479 0.0696921562279 0.0851696329785
many_rivals 1 1 1 1 1 1
O' values
no_rival 419.225693959 694.943582339 779.034617512 556.741039397 667.376090936 969.05813315
brother 590.60692067 835.299123924 892.808799565 431.298688367 331.182203509 1435.03893942
nonkin 198.112237429 624.724010854 1013.90995796 284.71946093 573.952682267 1056.71466287
many_rivals 0 0 0 0 0 0
