Parameter Female_0 Female_1 Female_2 Female_3 Female_4 Female_5
Size 21.2497626826 28.6746128866 31.3470606977 23.0239761614 25.7427593967 34.5958280844
Profit 2.95789999419 3.87803639371 4.6739028004 3.07809393236 3.36037645908 6.3668461297
E values
no_rival 0.0647393142747 0.0848782640909 0.102297326779 0.0673699891294 0.0735482836111 0.139350638405
brother 0.020254341864 0.0265550137035 0.032004741656 0.021077374799 0.0230103160106 0.0435972407315
nonkin 0.0366547523492 0.0480572243456 0.0579197234489 0.0381442141452 0.0416423026978 0.0788989379587
many_rivals 0.0 0.0 0.0 0.0 0.0 0.0
Observed values
no_rival 196 126 177 143 128 208
brother 34 16 16 13 22 60
nonkin 19 32 83 45 25 126
many_rivals 0 0 0 0 0 0
Q values
no_rival 0.307537936825 0.255172277811 0.232415392446 0.300670524774 0.279767720581 0.202826216062
brother 0.0312347919346 0.0495776525889 0.05345880262 0.0258178228494 0.0513759479654 0.0601258702258
nonkin 0.0485239052517 0.0689242424536 0.0877236436456 0.0651904245234 0.0548872937248 0.105437028367
many_rivals 1 1 1 1 1 1
O' values
no_rival 637.319746708 493.784046923 761.567459614 475.603653226 457.522403708 1025.50845763
brother 1088.52974181 322.726050236 299.295891712 503.528127675 428.215942892 997.90655461
nonkin 391.559580818 464.277863069 946.153129883 690.285426564 455.47882403 1195.02609236
many_rivals 0 0 0 0 0 0
