Parameter Female_0 Female_1 Female_2 Female_3 Female_4 Female_5
Size 24.4757132529 28.848723856 31.5398830565 23.7499654661 26.9964435849 32.8541138146
Profit 3.21093012326 3.91864657919 4.74822663103 3.1400148249 3.54761141694 5.33303298661
E values
no_rival 0.0715027187381 0.0872625293698 0.10573606409 0.0699235387377 0.079000118844 0.11875884651
brother 0.0223703405844 0.0273009549387 0.0330805850113 0.0218762783295 0.0247159771815 0.0371548927191
nonkin 0.0404841243223 0.0494071715039 0.0598667021274 0.0395900083979 0.0447290772883 0.0672400713055
many_rivals 0.0 0.0 0.0 0.0 0.0 0.0
Observed values
no_rival 166 180 192 157 115 210
brother 32 53 37 10 19 50
nonkin 53 41 49 37 49 62
many_rivals 0 0 0 0 0 0
Q values
no_rival 0.286901837953 0.274564721532 0.240133954144 0.290373831557 0.274926195728 0.256394030082
brother 0.0414102639899 0.0446374873456 0.0561339685159 0.0401179124934 0.0463900913618 0.0582537898856
nonkin 0.0654799595173 0.0732958350275 0.0850618261436 0.0600515684649 0.0695048107931 0.0705394617185
many_rivals 1 1 1 1 1 1
O' values
no_rival 578.595108294 655.583131713 799.553735265 540.68233063 418.2940796 819.051831795
brother 772.755276513 1187.3428177 659.137434574 249.265212931 409.57022162 858.313254781
nonkin 809.40795307 559.376941194 576.051587669 616.137112583 704.987171979 878.940645272
many_rivals 0 0 0 0 0 0
