Parameter Female_0 Female_1 Female_2 Female_3 Female_4 Female_5
Size 20.9985390144 27.788400098 31.7287063334 23.869315435 27.6196532534 33.9111347096
Profit 2.9438848127 3.69066690697 4.82365733788 3.15102481193 3.65838144329 5.91982555012
E values
no_rival 0.0647727828348 0.0812038450178 0.106132450518 0.0693303776594 0.080493484572 0.130250875688
brother 0.0202648128377 0.0254054349523 0.0332045984692 0.0216907019545 0.0251831915832 0.0407502889677
nonkin 0.0366737019132 0.0459768050106 0.0600911321591 0.039254166527 0.0455746060298 0.0737467433056
many_rivals 0.0 0.0 0.0 0.0 0.0 0.0
Observed values
no_rival 164 199 238 127 141 170
brother 28 37 52 20 39 46
nonkin 33 36 73 53 42 77
many_rivals 0 0 0 0 0 0
Q values
no_rival 0.28077156596 0.269916695883 0.252091810895 0.291548556243 0.272943946935 0.208342490947
brother 0.041003523601 0.0393831922998 0.0500194241849 0.0303253444239 0.0473070009117 0.0549481934568
nonkin 0.0609650159961 0.07082944735 0.0739833568492 0.0614360282704 0.0595249575033 0.102586037442
many_rivals 1 1 1 1 1 1
O' values
no_rival 584.104730973 737.264508034 944.100481309 435.604969671 516.589583992 815.964133037
brother 682.868142564 939.487071498 1039.59613385 659.51435606 824.402292439 837.152181102
nonkin 541.294043163 508.263177914 986.708404551 862.685975837 705.586392022 750.589475138
many_rivals 0 0 0 0 0 0
