Parameter Female_0 Female_1 Female_2 Female_3 Female_4 Female_5
Size 24.8750528923 25.3788336922 29.8892679407 22.4061859259 26.8511038321 34.2780898033
Profit 3.25426374099 3.31376377617 4.19100557458 3.03164247793 3.5235855184 6.15226435229
E values
no_rival 0.0738015732791 0.0751509403115 0.0950454018616 0.06875287386 0.079909366769 0.139523660209
brother 0.0230895602161 0.0235117231858 0.0297359044264 0.0215100241158 0.0250004444874 0.043651372333
nonkin 0.0417857127749 0.0425497108949 0.05381375608 0.0389271896508 0.045243884371 0.0789969011737
many_rivals 0.0 0.0 0.0 0.0 0.0 0.0
Observed values
no_rival 132 151 185 184 169 237
brother 30 20 42 19 18 70
nonkin 53 37 38 42 36 141
many_rivals 0 0 0 0 0 0
Q values
no_rival 0.26714542314 0.262157315833 0.250125258761 0.290804123021 0.261112757633 0.215681615441
brother 0.0417714027374 0.04396565503 0.0481571949966 0.0319770872249 0.0545921102944 0.0585722447281
nonkin 0.0707186886807 0.0682109211436 0.0758104083193 0.0620738132186 0.064100203862 0.096167053497
many_rivals 1 1 1 1 1 1
O' values
no_rival 494.112900939 575.990029193 739.62941974 632.728305529 647.229961231 1098.84191805
brother 718.194698622 454.900535119 872.143819899 594.17544401 329.717973951 1195.10529817
nonkin 749.448285718 542.43513179 501.250433053 676.613821872 561.620678735 1466.19860828
many_rivals 0 0 0 0 0 0
