Parameter Female_0 Female_1 Female_2 Female_3 Female_4 Female_5
Size 19.4704309565 25.5187171071 30.5678365541 20.2736471306 27.0906656333 34.5983039827
Profit 2.87148094745 3.33130554237 4.3994559634 2.90695282236 3.56354024565 6.36856885601
E values
no_rival 0.065190727633 0.0756300446526 0.0998800760625 0.0659960393791 0.080902428334 0.144584500229
brother 0.0203955710473 0.02366161577 0.0312484805969 0.0206475208802 0.0253111337286 0.0452347067416
nonkin 0.0369103380785 0.0428209749818 0.0565511002658 0.0373662975361 0.0458061458984 0.0818622981846
many_rivals 0.0 0.0 0.0 0.0 0.0 0.0
Observed values
no_rival 189 167 145 145 107 231
brother 33 40 27 39 23 70
nonkin 8 46 57 28 48 120
many_rivals 0 0 0 0 0 0
Q values
no_rival 0.298489938152 0.270666906113 0.260382958629 0.285386100464 0.260613132275 0.210400331123
brother 0.0413307606859 0.0498925981638 0.0408710965232 0.0430481687706 0.0459830253977 0.0526933936929
nonkin 0.0507722991165 0.0585340387712 0.0730851857586 0.0536989907633 0.0732386929364 0.10142353427
many_rivals 1 1 1 1 1 1
O' values
no_rival 633.187172641 616.994528065 556.87208089 508.083609413 410.57025433 1097.90701738
brother 798.436792654 801.722128575 660.613545925 905.961882092 500.184574657 1328.43977383
nonkin 157.566234723 785.867521969 779.911816716 521.425069671 655.391270318 1183.15734966
many_rivals 0 0 0 0 0 0
