Parameter Female_0 Female_1 Female_2 Female_3 Female_4 Female_5
Size 21.1317463075 26.4507943638 29.6978115874 23.3760243186 26.1449041543 33.2596157377
Profit 2.95123396447 3.46069490095 4.13682761965 3.10707027859 3.41571800061 5.54452285409
E values
no_rival 0.0694461557366 0.0814343965752 0.0973446289209 0.0731131753868 0.0803760349328 0.130469424738
brother 0.0217269242838 0.0254775653125 0.0304552406042 0.0228741880515 0.0251464462891 0.0408186642235
nonkin 0.0393197189165 0.0461073409969 0.0551155554487 0.0413959487722 0.0455081072186 0.0738704835923
many_rivals 0.0 0.0 0.0 0.0 0.0 0.0
Observed values
no_rival 106 244 148 116 124 214
brother 17 32 30 16 23 58
nonkin 28 66 71 46 30 75
many_rivals 0 0 0 0 0 0
Q values
no_rival 0.286718858788 0.289387955923 0.27275570571 0.290348231258 0.271066197697 0.24513634839
brother 0.041122099002 0.0481348707106 0.0538479949602 0.0385156607476 0.0405360913427 0.0486060129697
nonkin 0.0660327897248 0.0582666771723 0.0637588089262 0.0693969667638 0.0833388154022 0.0884526470897
many_rivals 1 1 1 1 1 1
O' values
no_rival 369.700132206 843.158794296 542.610097247 399.520257098 457.452832753 872.983551421
brother 413.403022039 664.798710946 557.1238079 415.41543594 567.395603231 1193.26800238
nonkin 424.031759323 1132.7229079 1113.57161772 662.853178533 359.97631902 847.911311506
many_rivals 0 0 0 0 0 0
