Parameter Female_0 Female_1 Female_2 Female_3 Female_4 Female_5
Size 20.7616280833 28.476323775 34.2051710728 21.569369973 25.0982547351 31.5860327519
Profit 2.93125884658 3.8333714747 6.10479511766 2.97671036742 3.27993408725 4.76641681731
E values
no_rival 0.0652911745177 0.0853849281301 0.135978862422 0.066303566577 0.0730576042943 0.106167680349
brother 0.0204269968596 0.0267135286148 0.0425423468974 0.0207437338393 0.0228568020795 0.0332156204739
nonkin 0.0369672101002 0.048344092458 0.0769898721148 0.0375404163602 0.0413644849754 0.0601110789367
many_rivals 0.0 0.0 0.0 0.0 0.0 0.0
Observed values
no_rival 118 182 165 173 126 123
brother 7 40 71 23 29 42
nonkin 35 39 54 36 17 47
many_rivals 0 0 0 0 0 0
Q values
no_rival 0.281607002936 0.254857329896 0.231910306498 0.283859155078 0.273848860482 0.231718822175
brother 0.030612822489 0.0520643547682 0.051292321499 0.0436971827962 0.0483878677897 0.0588370182813
nonkin 0.0729145955089 0.0675669138232 0.0819326036645 0.0594434386629 0.0568467443936 0.0775211808259
many_rivals 1 1 1 1 1 1
O' values
no_rival 419.023670469 714.125036444 711.481962537 609.457179397 460.107811945 530.815748352
brother 228.662352271 768.279952341 1384.22278277 526.349721612 599.323783517 713.836309637
nonkin 480.013634523 577.205584705 659.078286113 605.6177235 299.049667335 606.285914369
many_rivals 0 0 0 0 0 0
