Parameter Female_0 Female_1 Female_2 Female_3 Female_4 Female_5
Size 24.0744687087 25.5009107906 30.0534529808 24.644722257 25.5940870463 34.3027994941
Profit 3.17053490578 3.3290469686 4.23903921312 3.22887501632 3.34094941756 6.16849770996
E values
no_rival 0.0718708287196 0.075464037328 0.096092069722 0.073193303386 0.0757338463338 0.139829730801
brother 0.0224855074732 0.0236096787184 0.0300633649332 0.0228992568974 0.023694091164 0.0437471295783
nonkin 0.0406925445127 0.0427269832947 0.0544063689559 0.0414413164441 0.0428797464557 0.0791701952821
many_rivals 0.0 0.0 0.0 0.0 0.0 0.0
Observed values
no_rival 130 122 160 143 153 192
brother 42 12 49 10 29 55
nonkin 64 35 59 45 22 111
many_rivals 0 0 0 0 0 0
Q values
no_rival 0.273966116612 0.264787211773 0.250986956134 0.27962898819 0.277158503535 0.207295280612
brother 0.0429849316936 0.053695669694 0.0472260099947 0.0434210892605 0.0439267257751 0.0497641420681
nonkin 0.067466524753 0.0632802370815 0.0759208753082 0.0606380401957 0.0626030197894 0.105968344142
many_rivals 1 1 1 1 1 1
O' values
no_rival 474.511233752 460.747326819 637.483327678 511.391901554 552.030690195 926.215008046
brother 977.086582326 223.481708458 1037.56383411 230.302836025 660.190339442 1105.21346725
nonkin 948.618596175 553.095272935 777.124865335 742.108416677 351.420747338 1047.48263171
many_rivals 0 0 0 0 0 0
