Parameter Female_0 Female_1 Female_2 Female_3 Female_4 Female_5
Size 21.1718868598 26.336135127 33.4663708249 23.9307789179 26.5178403775 33.0689577879
Profit 2.95348474424 3.44353321314 5.65869977601 3.15679153853 3.47090215763 5.44308297017
E values
no_rival 0.0651481627005 0.0759576843833 0.12481997559 0.0696327174755 0.0765613903792 0.120063885762
brother 0.0203822541825 0.0237641211362 0.039051177563 0.0217852919894 0.023952996594 0.0375631872995
nonkin 0.0368862382394 0.043006481321 0.0706718219791 0.0394253483074 0.0433482936188 0.0679789714796
many_rivals 0.0 0.0 0.0 0.0 0.0 0.0
Observed values
no_rival 160 141 239 186 178 157
brother 31 20 39 29 25 56
nonkin 18 59 100 40 28 62
many_rivals 0 0 0 0 0 0
Q values
no_rival 0.290024833495 0.265461454523 0.251800884231 0.293747308656 0.289903371577 0.231045089783
brother 0.0446291166526 0.0446335065204 0.0494486568078 0.0336859010444 0.0405157819569 0.0573343297313
nonkin 0.058766569034 0.0750802371589 0.0789209855439 0.0643145832924 0.0573696732173 0.0852453989334
many_rivals 1 1 1 1 1 1
O' values
no_rival 551.676896326 531.15055914 949.162671646 633.197290729 613.997688373 679.521041314
brother 694.613793083 448.093855025 788.69685281 860.894294079 617.043502372 976.72721147
nonkin 306.296595086 785.825967427 1267.09010678 621.942924176 488.062741685 727.311981359
many_rivals 0 0 0 0 0 0
