Parameter Female_0 Female_1 Female_2 Female_3 Female_4 Female_5
Size 21.4004118624 28.5010570536 30.9898386656 20.391110046 25.3679833921 29.9516899812
Profit 2.96662618935 3.83885254851 4.54310693294 2.91260218038 3.31242223007 4.20909380785
E values
no_rival 0.0724790850114 0.0937888707408 0.110994851589 0.0711591982144 0.080927395999 0.102834414735
brother 0.0226758065367 0.0293427861 0.0347258492683 0.0222628667534 0.0253189451122 0.032172774994
nonkin 0.0410369331426 0.0531023207248 0.0628441750214 0.040289626437 0.0458202823407 0.0582238172789
many_rivals 0.0 0.0 0.0 0.0 0.0 0.0
Observed values
no_rival 126 105 170 124 117 234
brother 12 39 52 23 27 53
nonkin 27 22 69 23 26 65
many_rivals 0 0 0 0 0 0
Q values
no_rival 0.263669296763 0.260086427587 0.247395429282 0.286999822779 0.266318165979 0.264797160216
brother 0.0437657058347 0.0507641653489 0.0546564629915 0.0387158789872 0.0515962530678 0.0497523384003
nonkin 0.0797754776795 0.0735660209871 0.0776297574949 0.063035776087 0.0722914580808 0.0709021303141
many_rivals 1 1 1 1 1 1
O' values
no_rival 477.87133939 403.711954423 687.159017018 432.056015921 439.324142872 883.695277581
brother 274.187283653 768.258469965 951.397092931 594.071492155 523.293812915 1065.27656195
nonkin 338.449869375 299.051106813 888.834413846 364.872163519 359.655216401 916.756657551
many_rivals 0 0 0 0 0 0
