Parameter Female_0 Female_1 Female_2 Female_3 Female_4 Female_5
Size 21.0561340229 25.4716853628 34.4888770359 24.1938570758 26.989670318 31.6030140894
Profit 2.94703988614 3.32535627103 6.29318726886 3.18223866942 3.54647714801 4.7731497892
E values
no_rival 0.0651654826914 0.073530883495 0.139156103035 0.0703662410229 0.0784203485984 0.105544757448
brother 0.0203876729148 0.0230048722102 0.0435363783954 0.0220147821664 0.0245345902625 0.0330207328151
nonkin 0.036896044645 0.041632450926 0.0787887939772 0.0398406620048 0.0444008171729 0.0597583862194
many_rivals 0.0 0.0 0.0 0.0 0.0 0.0
Observed values
no_rival 155 79 233 154 166 178
brother 2 21 58 37 40 37
nonkin 32 14 78 25 23 60
many_rivals 0 0 0 0 0 0
Q values
no_rival 0.287609724878 0.295502016709 0.238208434673 0.274075034885 0.277254439258 0.237016309978
brother 0.034091190879 0.0434414745235 0.0536138514346 0.0483787978299 0.0474003821908 0.0561654939423
nonkin 0.0659502179296 0.0528706738583 0.0861101206409 0.0685098244284 0.063694869453 0.0891615625273
many_rivals 1 1 1 1 1 1
O' values
no_rival 538.924753207 267.341661082 978.13496957 561.889922096 598.72801476 751.003169429
brother 58.6661817446 483.409005573 1081.80998843 764.797838303 843.875052293 658.767463846
nonkin 485.214469407 264.797078954 905.816870531 364.911167246 361.096587488 672.935716909
many_rivals 0 0 0 0 0 0
