Parameter Female_0 Female_1 Female_2 Female_3 Female_4 Female_5
Size 22.6776649998 29.2487990638 34.3424463984 22.626992889 28.449896218 29.9484678059
Profit 3.05139458368 4.01713543609 6.19470176828 3.04763117047 3.82754292995 4.20815492207
E values
no_rival 0.0666994746069 0.0878093001951 0.135408037853 0.0666172113411 0.0836650572262 0.0919847350678
brother 0.0208675976255 0.027472017659 0.0423637587227 0.0208418607402 0.0261754498038 0.0287783442133
nonkin 0.0377645755277 0.0497167476775 0.076666676952 0.0377179988892 0.0473703187509 0.052080837148
many_rivals 0.0 0.0 0.0 0.0 0.0 0.0
Observed values
no_rival 118 217 225 149 143 124
brother 2 36 49 28 58 63
nonkin 22 77 122 32 65 35
many_rivals 0 0 0 0 0 0
Q values
no_rival 0.291492927476 0.264286503106 0.225210292414 0.269551926558 0.253789066361 0.248561589694
brother 0.0324942930972 0.0439694524507 0.0608663502659 0.0516788472198 0.045955432694 0.0511756010025
nonkin 0.0580931789827 0.068188889716 0.0847485484784 0.0617897233104 0.0832683334292 0.0757111347453
many_rivals 1 1 1 1 1 1
O' values
no_rival 404.812566197 821.078630386 999.066239771 552.769189605 563.460049917 498.870320844
brother 61.5492694061 818.75024576 805.042519979 541.807751262 1262.09234904 1231.05540074
nonkin 378.701947204 1129.21621573 1439.55267896 517.885471655 780.608874024 462.283389593
many_rivals 0 0 0 0 0 0
