Parameter Female_0 Female_1 Female_2 Female_3 Female_4 Female_5
Size 20.9585509289 29.2891218769 32.071533794 19.4227092493 27.102227539 32.6462145997
Profit 2.94171418627 4.02747752566 4.96761818921 2.86953671206 3.56551429404 5.23067463539
E values
no_rival 0.0663290043249 0.0908105129534 0.112008559463 0.0647015654589 0.0803942864788 0.117939887611
brother 0.0207516922931 0.0284109770826 0.0350429979136 0.0202425317695 0.0251521564678 0.036898673238
nonkin 0.0375548189587 0.0514160043291 0.0634181262824 0.0366333793472 0.0455184410614 0.0667763849665
many_rivals 0.0 0.0 0.0 0.0 0.0 0.0
Observed values
no_rival 97 203 146 205 93 202
brother 27 29 54 29 26 37
nonkin 35 47 79 35 49 83
many_rivals 0 0 0 0 0 0
Q values
no_rival 0.280903620697 0.259877062908 0.237315923054 0.2935789332 0.258351402146 0.226949174734
brother 0.0403493211825 0.0516149878861 0.0479151484472 0.0409030482426 0.0515618398597 0.05213975496
nonkin 0.0635317293131 0.0736228072352 0.0874504906651 0.0538797142432 0.0753625245126 0.0916233233313
many_rivals 1 1 1 1 1 1
O' values
no_rival 345.314167754 781.138580406 615.21367012 698.27898673 359.974821996 890.067127305
brother 669.156238785 561.852306621 1126.99223001 708.993614071 504.24888 709.631259839
nonkin 550.905828921 638.389131915 903.368287578 649.595130405 650.190533251 905.882879842
many_rivals 0 0 0 0 0 0
