Parameter Female_0 Female_1 Female_2 Female_3 Female_4 Female_5
Size 21.058796884 26.0093209249 32.6414580306 23.3083988961 28.7840797452 29.9284176933
Profit 2.94718658337 3.39659192586 5.2283790824 3.10135490964 3.90341399349 4.20232538468
E values
no_rival 0.0688541051111 0.0793534073486 0.122148819804 0.0724558866208 0.0911941167606 0.0981774806454
brother 0.0215416953251 0.0248265070231 0.0382154797638 0.0226685486882 0.0285309913697 0.0307158065947
nonkin 0.0389845057728 0.0449291057067 0.0691594402846 0.0410237984458 0.0516331969687 0.0555871077666
many_rivals 0.0 0.0 0.0 0.0 0.0 0.0
Observed values
no_rival 151 102 168 196 161 226
brother 14 41 58 44 37 32
nonkin 38 19 54 27 52 53
many_rivals 0 0 0 0 0 0
Q values
no_rival 0.284399294491 0.269593561881 0.237132528006 0.294041209343 0.258838815674 0.258011951758
brother 0.0411427961762 0.047515605338 0.0562761948125 0.0429623042646 0.0516706275125 0.0503435513445
nonkin 0.0669605020633 0.0670863382495 0.0866296991101 0.0544112416669 0.0712152231305 0.0751496160945
many_rivals 1 1 1 1 1 1
O' values
no_rival 530.943651848 378.347313965 708.464593248 666.573234541 622.008718362 875.928415176
brother 340.278282012 862.874411645 1030.63116107 1024.15363313 716.074136918 635.632551646
nonkin 567.498731776 283.217127298 623.34280916 496.220986194 730.180960111 705.259757194
many_rivals 0 0 0 0 0 0
