Parameter Female_0 Female_1 Female_2 Female_3 Female_4 Female_5
Size 24.5080023993 27.5273025031 34.2145862904 23.8359498313 28.3397442389 33.7893653726
Profit 3.2143147379 3.64113977288 6.11088792226 3.14792202148 3.80355750085 5.84615746726
E values
no_rival 0.0663952666594 0.0752118152321 0.126227226084 0.0650238508305 0.0785667350946 0.12075892239
brother 0.020772423127 0.0235307685135 0.0394914499525 0.0203433619708 0.0245803887417 0.037780636459
nonkin 0.0375923360299 0.0425841776663 0.0714685931362 0.0368158541017 0.0444836997432 0.068372494268
many_rivals 0.0 0.0 0.0 0.0 0.0 0.0
Observed values
no_rival 131 154 210 163 135 188
brother 26 25 56 19 29 55
nonkin 45 51 66 20 29 59
many_rivals 0 0 0 0 0 0
Q values
no_rival 0.284908876404 0.274171521752 0.243386993873 0.295206060005 0.281619339451 0.249627872681
brother 0.0484703080783 0.0418810098193 0.0596941171384 0.0354439947586 0.039783911321 0.0441125501349
nonkin 0.0596102054433 0.0743012408337 0.0773930996778 0.0627696787828 0.0689172986497 0.089664596015
many_rivals 1 1 1 1 1 1
O' values
no_rival 459.796134305 561.692180924 862.823426423 552.156686747 479.370487351 753.121027635
brother 536.410867412 596.929255237 938.115892897 536.056957728 728.937880593 1246.81071105
nonkin 754.904293072 686.394997281 852.789205688 318.625176802 420.794206509 658.007760277
many_rivals 0 0 0 0 0 0
