Parameter Female_0 Female_1 Female_2 Female_3 Female_4 Female_5
Size 23.1438546338 28.8680173451 33.6558591054 20.4594646535 29.3671464081 32.8324710664
Profit 3.08774710334 3.92322870563 5.76729651973 2.91594735044 4.04771261341 5.32219043677
E values
no_rival 0.065561801422 0.0833014922282 0.122456385356 0.0619139957866 0.085944645624 0.113005495874
brother 0.0205116651929 0.0260617048585 0.0383117047224 0.0193704127218 0.0268886418299 0.035354899439
nonkin 0.0371204363471 0.0471644718847 0.0693335808246 0.0350550852744 0.0486609989059 0.0639825817086
many_rivals 0.0 0.0 0.0 0.0 0.0 0.0
Observed values
no_rival 142 164 199 168 156 174
brother 44 36 40 20 20 52
nonkin 48 71 70 31 66 77
many_rivals 0 0 0 0 0 0
Q values
no_rival 0.270582574169 0.257825918287 0.222461821369 0.303646982418 0.275423302478 0.248288884256
brother 0.0469860366538 0.049196335753 0.0517581505388 0.0370927474919 0.0333826829901 0.0572940841792
nonkin 0.0717189406964 0.0734376567809 0.0945725198442 0.0470848499772 0.0705456732681 0.0767253861823
many_rivals 1 1 1 1 1 1
O' values
no_rival 524.793588191 636.088105842 894.535515242 553.274064053 566.400876747 700.796576221
brother 936.448424544 731.76181618 772.825141232 539.188961518 599.113019344 907.5980661
nonkin 669.279266173 966.806446614 740.172727927 658.385871783 935.56410964 1003.57917804
many_rivals 0 0 0 0 0 0
