Parameter Female_0 Female_1 Female_2 Female_3 Female_4 Female_5
Size 24.8508802165 25.1315391488 32.3311736116 22.5425313976 28.1385296514 31.591872381
Profit 3.25154751566 3.28385490062 5.08296692221 3.04143707098 3.76100077224 4.76872977048
E values
no_rival 0.074620764067 0.0753621961817 0.116650571347 0.0697988748451 0.086312363553 0.109439046297
brother 0.023345852246 0.0235778166974 0.0364952977515 0.021837275984 0.0270036860612 0.0342391000244
nonkin 0.0422495304071 0.0426693218561 0.0660463869908 0.0395194249485 0.04886919712 0.0619632936227
many_rivals 0.0 0.0 0.0 0.0 0.0 0.0
Observed values
no_rival 155 158 196 173 185 121
brother 24 29 50 30 23 25
nonkin 30 48 84 31 79 32
many_rivals 0 0 0 0 0 0
Q values
no_rival 0.292905881712 0.265346373683 0.23228219436 0.298488191697 0.257237656855 0.242222209771
brother 0.0395334336765 0.0483354088701 0.0524824713639 0.0379175743645 0.0489071069563 0.0529371928732
nonkin 0.0551339678263 0.0698699450067 0.0865077844981 0.0542658455656 0.0755088145918 0.078650005509
many_rivals 1 1 1 1 1 1
O' values
no_rival 529.180223674 595.448122419 843.801224369 579.587416897 719.179307811 499.541310082
brother 607.081089804 599.974235822 952.699038377 791.189850691 470.279299501 472.257757601
nonkin 544.129167241 686.990665234 971.010880551 571.261714931 1046.23546836 406.865832913
many_rivals 0 0 0 0 0 0
