Parameter Female_0 Female_1 Female_2 Female_3 Female_4 Female_5
Size 23.9370644244 29.0381541789 31.9821662541 19.5021442103 26.3920496333 31.935897547
Profit 3.15738501801 3.96436049534 4.92919546055 2.8727826261 3.45185620981 4.90955393432
E values
no_rival 0.072162317247 0.0906058140247 0.11265720353 0.0656577041012 0.0788924826976 0.11220829469
brother 0.0225767025739 0.0283469349758 0.0352459326964 0.0205416693051 0.0246823021368 0.0351054870766
nonkin 0.0408575824021 0.0513001058427 0.0637853820667 0.037174735485 0.0446681347786 0.0635312143703
many_rivals 0.0 0.0 0.0 0.0 0.0 0.0
Observed values
no_rival 142 185 117 187 160 230
brother 17 33 36 41 23 25
nonkin 36 53 87 36 35 88
many_rivals 0 0 0 0 0 0
Q values
no_rival 0.274595495545 0.260904955622 0.236211460895 0.297766408555 0.267335574848 0.24734138355
brother 0.0370794311564 0.0519266822222 0.0570385639819 0.043868023936 0.0398802099554 0.0426814102722
nonkin 0.0738751875864 0.0718335168509 0.0799886309708 0.0532342285603 0.0795500904895 0.0864823093149
many_rivals 1 1 1 1 1 1
O' values
no_rival 517.124287556 709.070471885 495.31889586 628.009052153 598.498722406 929.8888714
brother 458.475210375 635.511428571 631.151934531 934.621537999 576.727154288 585.735097331
nonkin 487.308407277 737.817140569 1087.65456971 676.256629872 439.974358101 1017.54914614
many_rivals 0 0 0 0 0 0
