Parameter Female_0 Female_1 Female_2 Female_3 Female_4 Female_5
Size 22.6519203698 25.7449789207 33.321257235 20.6593815724 26.2689559594 34.6295183468
Profit 3.04947806858 3.36067060281 5.57810189431 2.92598042287 3.43364804513 6.3903564313
E values
no_rival 0.0656022083112 0.0722967694777 0.119999486543 0.0629454525985 0.0738667041568 0.137473195203
brother 0.0205243068923 0.0226187672988 0.0375430393597 0.0196931143 0.0231099370625 0.0430098638513
nonkin 0.0371433143237 0.0409337079106 0.0679425092855 0.0356390858068 0.0418225892265 0.0778359483921
many_rivals 0.0 0.0 0.0 0.0 0.0 0.0
Observed values
no_rival 146 154 200 163 166 213
brother 15 22 58 41 30 41
nonkin 25 58 50 36 32 89
many_rivals 0 0 0 0 0 0
Q values
no_rival 0.29398530889 0.260402799728 0.235008995614 0.285979422255 0.268103406922 0.226716241201
brother 0.0348889053204 0.0450788066776 0.0677264522875 0.0432400393191 0.0440038676829 0.0525080375134
nonkin 0.0571611888895 0.0774885605837 0.0674178702174 0.0565790172852 0.0733370250838 0.0888492587364
many_rivals 1 1 1 1 1 1
O' values
no_rival 496.623455611 591.391491032 851.031252985 569.97107944 619.164082643 939.50040311
brother 429.936103247 488.034214334 856.386213083 948.195252494 681.758253983 780.832838963
nonkin 437.359692576 748.497579038 741.643125759 636.278283494 436.341670029 1001.69659562
many_rivals 0 0 0 0 0 0
