Parameter Female_0 Female_1 Female_2 Female_3 Female_4 Female_5
Size 19.8511524432 28.8021109395 31.0444630988 22.0656446844 29.2302898202 32.2840934349
Profit 2.88763037701 3.90764428985 4.56254512466 3.00824438355 4.01241423591 5.06163235665
E values
no_rival 0.0655607035865 0.0887190795082 0.103587935249 0.0682991216314 0.0910977743141 0.114919202001
brother 0.0205113217241 0.0277566512149 0.0324085214221 0.0213680631936 0.0285008496719 0.0359536215379
nonkin 0.0371198147636 0.0502318556268 0.0586504530589 0.0386702796765 0.0515786488389 0.0650661029807
many_rivals 0.0 0.0 0.0 0.0 0.0 0.0
Observed values
no_rival 154 166 185 105 189 151
brother 20 39 60 23 32 22
nonkin 13 49 47 36 81 98
many_rivals 0 0 0 0 0 0
Q values
no_rival 0.290646541961 0.255276753061 0.246939123715 0.281755733372 0.254973732805 0.217712565235
brother 0.0348303859483 0.0468044727466 0.0579661234481 0.0375414064948 0.0512400427854 0.0454835644528
nonkin 0.0651079637621 0.0766102275919 0.0695925447368 0.0639791443456 0.075592192215 0.099413410661
many_rivals 1 1 1 1 1 1
O' values
no_rival 529.853198874 650.274645104 749.172497322 372.663224075 741.252826009 693.575034757
brother 574.211265695 833.253698021 1035.08733086 612.656854058 624.511578454 483.691202848
nonkin 199.668354666 639.601284844 675.35969805 562.683361402 1071.53923741 985.782495021
many_rivals 0 0 0 0 0 0
