Parameter Female_0 Female_1 Female_2 Female_3 Female_4 Female_5
Size 19.4047390134 25.9126333631 34.5978810185 24.7684971933 28.2155365542 29.8338795663
Profit 2.86880907723 3.38324634608 6.36827450158 3.24238217269 3.77709849747 4.17513164306
E values
no_rival 0.0641082286769 0.0756041704366 0.142309504409 0.0724563302015 0.0844054406174 0.0933001419488
brother 0.0200569004239 0.0236535207628 0.0445229515494 0.0226686874668 0.0264070861516 0.0291898824101
nonkin 0.0362974379946 0.0428063252595 0.0805742183013 0.0410240495968 0.0477895164232 0.05282560737
many_rivals 0.0 0.0 0.0 0.0 0.0 0.0
Observed values
no_rival 104 149 166 148 214 181
brother 12 30 78 26 12 51
nonkin 33 33 103 31 40 53
many_rivals 0 0 0 0 0 0
Q values
no_rival 0.2766456 0.261268659464 0.209289937591 0.290672526431 0.282620307143 0.260299445959
brother 0.0448439587314 0.0555519854002 0.0651558401322 0.0423680588594 0.0379873408621 0.0454504610739
nonkin 0.0601077314014 0.0597713006555 0.0867727916102 0.049146745164 0.065489334049 0.0715839739738
many_rivals 1 1 1 1 1 1
O' values
no_rival 375.93223966 570.294195659 793.158055808 509.164047312 757.199658309 695.352997517
brother 267.594573259 540.03470414 1197.12983275 613.669842329 315.894709334 1122.10082791
nonkin 549.014232123 552.104432028 1187.00802508 630.764049512 610.786482729 740.389182911
many_rivals 0 0 0 0 0 0
