Parameter Female_0 Female_1 Female_2 Female_3 Female_4 Female_5
Size 22.0961524439 29.4450432553 30.3661090399 23.0604933818 27.9479285629 30.2151531471
Profit 3.01028019645 4.0682117554 4.33469661209 3.08101154497 3.72214147573 4.28781191299
E values
no_rival 0.0711878544206 0.0962060829213 0.102507983058 0.0728605269339 0.0880221269169 0.101399242039
brother 0.022271832134 0.0300990351028 0.0320706475797 0.0227951444565 0.0275386026272 0.0317237668643
nonkin 0.0403058512944 0.0544709220892 0.0580389949279 0.0412529017447 0.0498372480391 0.0574112368501
many_rivals 0.0 0.0 0.0 0.0 0.0 0.0
Observed values
no_rival 181 204 200 120 147 176
brother 38 33 20 29 15 21
nonkin 49 41 99 30 36 42
many_rivals 0 0 0 0 0 0
Q values
no_rival 0.276399050046 0.249497015182 0.257801078485 0.28414038585 0.261854587114 0.259168154335
brother 0.0427037009189 0.0449397509501 0.0419356624562 0.0441652480293 0.0442165487178 0.0432441041314
nonkin 0.0651107552867 0.0834423754539 0.0877869175795 0.058263350536 0.0758724941937 0.0760474235863
many_rivals 1 1 1 1 1 1
O' values
no_rival 654.850296952 817.645052192 775.791944609 422.326448389 561.380274526 679.095780311
brother 889.852616572 734.316486013 476.921045921 656.624864436 339.239502742 485.615332351
nonkin 752.563839634 491.357056615 1127.73067707 514.903446575 474.480249827 552.286954894
many_rivals 0 0 0 0 0 0
