Parameter Female_0 Female_1 Female_2 Female_3 Female_4 Female_5
Size 23.0466156197 27.8052340467 31.755860259 23.170985011 26.862316026 32.6582922441
Profit 3.07990040324 3.69394399204 4.83472581025 3.08996200966 3.52541579628 5.23651258771
E values
no_rival 0.0698653440099 0.0837944848752 0.109672306796 0.0700935843753 0.0799715429517 0.118786553282
brother 0.0218580715269 0.0262159425381 0.0343120779043 0.0219294788077 0.0250198969279 0.0371635610597
nonkin 0.0395570591249 0.0474435993915 0.062095363385 0.0396862865375 0.0452790879038 0.0672557586026
many_rivals 0.0 0.0 0.0 0.0 0.0 0.0
Observed values
no_rival 136 174 182 169 154 200
brother 13 22 54 24 43 51
nonkin 50 38 83 28 32 81
many_rivals 0 0 0 0 0 0
Q values
no_rival 0.293480702658 0.266441329556 0.241454441114 0.296337325674 0.259660500182 0.241958320254
brother 0.0410049033364 0.0463282930085 0.0552336298611 0.041519748151 0.0553326438841 0.0478920182913
nonkin 0.0581549970251 0.0752703915868 0.0785444197902 0.0549569571144 0.0709096598392 0.0872817027328
many_rivals 1 1 1 1 1 1
O' values
no_rival 463.403551812 653.051838053 753.76538597 570.296028742 593.082120276 826.588644647
brother 317.035255354 474.871802334 977.665240105 578.038188303 777.118116569 1064.89560932
nonkin 859.771344815 504.846583084 1056.72688425 509.489634619 451.278430507 928.029557902
many_rivals 0 0 0 0 0 0
