Parameter Female_0 Female_1 Female_2 Female_3 Female_4 Female_5
Size 20.9676715061 25.6950933599 34.0061637431 20.8922078105 25.7552791422 30.7148325353
Profit 2.94220783763 3.35408891257 5.97849500327 2.93814863032 3.36203724747 4.44821044648
E values
no_rival 0.0680094950388 0.0775301766046 0.138193645283 0.0679156659639 0.0777139033407 0.102820930059
brother 0.0212774506178 0.0242560910525 0.0432352638634 0.0212480952535 0.0243135717992 0.0321685561782
nonkin 0.038506295996 0.0438968106918 0.078243860023 0.0384531709121 0.0440008349325 0.0582161823899
many_rivals 0.0 0.0 0.0 0.0 0.0 0.0
Observed values
no_rival 154 151 226 154 138 149
brother 24 32 76 34 26 19
nonkin 22 37 77 34 44 54
many_rivals 0 0 0 0 0 0
Q values
no_rival 0.285847516568 0.283056634253 0.228797243308 0.284645563655 0.259128819463 0.239992167967
brother 0.0435588537695 0.0387428681066 0.0591357453592 0.034197683786 0.0484195985164 0.0383723578857
nonkin 0.0526216400073 0.0643907514888 0.0800051054656 0.0693426965066 0.0740681791345 0.0909745912098
many_rivals 1 1 1 1 1 1
O' values
no_rival 538.748777142 533.462147596 987.774138939 541.023713921 532.553655306 620.853593942
brother 550.978685688 825.95846833 1285.17869418 994.219380843 536.972647371 495.148097403
nonkin 418.078949971 574.616682435 962.438578787 490.31839996 594.047275283 593.572329173
many_rivals 0 0 0 0 0 0
