Parameter Female_0 Female_1 Female_2 Female_3 Female_4 Female_5
Size 20.3253455529 25.9710898444 30.5047059792 20.4060986978 26.6917385603 31.579872401
Profit 2.9094239414 3.39128606276 4.37892586476 2.91333204039 3.49798208806 4.76397957368
E values
no_rival 0.0708466404025 0.0825803420296 0.106630106969 0.0709418055241 0.0851784697308 0.116006451634
brother 0.0221650799163 0.0258360858074 0.0333602952663 0.0221948532763 0.02664893604 0.0362937784583
nonkin 0.0401126593295 0.0467561638537 0.0603729002648 0.0401665408697 0.0482271977769 0.0656816928507
many_rivals 0.0 0.0 0.0 0.0 0.0 0.0
Observed values
no_rival 146 160 223 159 193 151
brother 27 17 34 37 52 30
nonkin 32 40 50 25 43 70
many_rivals 0 0 0 0 0 0
Q values
no_rival 0.281174900551 0.273151890162 0.253640544405 0.290311860629 0.275065430487 0.248722164186
brother 0.0401380895875 0.0351829932012 0.0501319624503 0.0444918384136 0.0501024055066 0.049683373585
nonkin 0.0694246863304 0.078461446408 0.0799129491531 0.0575803263664 0.0643414692214 0.0850240780483
many_rivals 1 1 1 1 1 1
O' values
no_rival 519.24976132 585.754687273 879.19697745 547.686889731 701.65123861 607.103112399
brother 672.677755157 483.18799662 678.210034839 831.61319737 1037.87431909 603.823730864
nonkin 460.931142673 509.804519687 625.680825572 434.176073281 668.309264932 823.2961957
many_rivals 0 0 0 0 0 0
