Parameter Female_0 Female_1 Female_2 Female_3 Female_4 Female_5
Size 22.4486572278 26.9521687077 30.8149436501 20.9805694796 28.9928835217 31.256800368
Profit 3.03466669102 3.54022300505 4.48219133929 2.94290738178 3.95328768792 4.64002344263
E values
no_rival 0.0714813919671 0.0833897406338 0.105577748272 0.0693200069391 0.0931194544742 0.109295474004
brother 0.0223636682908 0.0260893142547 0.0330310543244 0.021687457371 0.0291333525268 0.0341941819968
nonkin 0.0404720493178 0.0472144372495 0.0597770652942 0.0392482947289 0.0527233039287 0.0618820044262
many_rivals 0.0 0.0 0.0 0.0 0.0 0.0
Observed values
no_rival 106 187 193 141 167 171
brother 8 44 35 28 19 56
nonkin 32 64 92 35 71 83
many_rivals 0 0 0 0 0 0
Q values
no_rival 0.288828003632 0.279701116598 0.246264238605 0.283794266614 0.259321529905 0.227096370597
brother 0.0338267819494 0.0472318327054 0.0443843686348 0.0452037186592 0.043589461945 0.0566749391278
nonkin 0.0705695376146 0.0655572163977 0.0917108442514 0.0617308814856 0.082880953489 0.09384553989
many_rivals 1 1 1 1 1 1
O' values
no_rival 367.000424707 668.570802557 783.711029637 496.838789882 643.988179698 752.98429275
brother 236.498996918 931.575115336 788.565909047 619.418066267 435.885169309 988.091048032
nonkin 453.453445802 976.246453354 1003.15290684 566.977162122 856.650376367 884.4320156
many_rivals 0 0 0 0 0 0
