Parameter Female_0 Female_1 Female_2 Female_3 Female_4 Female_5
Size 23.3423633694 27.4346853187 32.635151956 21.8185933994 29.3562916704 34.0553459429
Profit 3.10421637096 3.62414531974 5.22533887871 2.99218002159 4.04487977693 6.00927191782
E values
no_rival 0.0660804632572 0.0771483598503 0.111233487785 0.0636955090584 0.0861046710466 0.127921325293
brother 0.0206739337347 0.0241366358628 0.0348005089884 0.019927776964 0.0269387073836 0.040021465831
nonkin 0.0374140974916 0.0436806298636 0.062979288449 0.0360637602738 0.0487516036999 0.0724277751674
many_rivals 0.0 0.0 0.0 0.0 0.0 0.0
Observed values
no_rival 233 204 177 231 214 231
brother 45 63 80 34 61 127
nonkin 55 75 109 39 75 167
many_rivals 0 0 0 0 0 0
Q values
no_rival 0.204610676146 0.185990714701 0.148565669834 0.189203894124 0.181581134007 0.14432490297
brother 0.0455723261886 0.0485074464815 0.052222973476 0.0571633846486 0.0476424228599 0.0682374300583
nonkin 0.0691378021627 0.0822389465152 0.100624951281 0.0745752019142 0.0818011503715 0.0851725528597
many_rivals 1 1 1 1 1 1
O' values
no_rival 1138.7480086 1096.82894831 1191.39233309 1220.90510383 1178.53653228 1600.55538057
brother 987.441365485 1298.76966465 1531.89285625 594.786334102 1280.37149117 1861.1486378
nonkin 795.512704765 911.976662859 1083.23033813 522.962043668 916.857521677 1960.72554353
many_rivals 0 0 0 0 0 0
