Parameter Female_0 Female_1 Female_2 Female_3 Female_4 Female_5
Size 19.3521102248 27.3804502399 30.3705080474 23.6858001161 26.0557193926 33.8114133101
Profit 2.86669211501 3.61432966444 4.33608285762 3.13419654785 3.40308253922 5.85937177011
E values
no_rival 0.0657199629018 0.0828598265639 0.0994062819129 0.0718525996473 0.0780169091263 0.134328236138
brother 0.0205611475934 0.0259235253388 0.0311002493593 0.0224798043256 0.0244083701892 0.0420259319581
nonkin 0.0372099857954 0.0469144052022 0.0562828427563 0.0406822233943 0.0441723937782 0.076055304019
many_rivals 0.0 0.0 0.0 0.0 0.0 0.0
Observed values
no_rival 235 221 213 163 223 222
brother 59 56 83 47 57 147
nonkin 54 92 132 56 69 206
many_rivals 0 0 0 0 0 0
Q values
no_rival 0.190814609672 0.187780878139 0.167407497776 0.180457437505 0.176122812341 0.141630659784
brother 0.0483340110819 0.0480810857586 0.0549314613228 0.0551232769629 0.0517096501412 0.0586196783258
nonkin 0.0773216577611 0.0749060864253 0.0869077603843 0.0772530042585 0.081916975763 0.0940314302434
many_rivals 1 1 1 1 1 1
O' values
no_rival 1231.56188305 1176.9036453 1272.34444592 903.26008312 1266.16193005 1567.45721822
brother 1220.67253843 1164.69915595 1510.97382085 852.634360466 1102.30875367 2507.69032172
nonkin 698.381301741 1228.20460113 1518.85170457 724.890902788 842.316252002 2190.75685084
many_rivals 0 0 0 0 0 0
