Parameter Female_0 Female_1 Female_2 Female_3 Female_4 Female_5
Size 24.7882398257 26.997469595 33.9322619482 19.5008722367 27.5443954093 34.266127041
Profit 3.2445657279 3.54778336081 5.93277905102 2.87273026863 3.64430852729 6.14443220905
E values
no_rival 0.0680164113924 0.0743728168378 0.124369907863 0.0602215581858 0.0763962911588 0.128806830852
brother 0.0212796144682 0.0232682794759 0.038910369374 0.018840916694 0.0239013436519 0.0402985051005
nonkin 0.0385102119663 0.0421091451654 0.0704169981329 0.0340968440292 0.0432548160912 0.0729291395603
many_rivals 0.0 0.0 0.0 0.0 0.0 0.0
Observed values
no_rival 210 174 246 172 192 233
brother 71 54 95 33 55 115
nonkin 61 78 123 34 71 159
many_rivals 0 0 0 0 0 0
Q values
no_rival 0.194093673551 0.179284006786 0.140995695321 0.207620829791 0.183384234229 0.131315111075
brother 0.0526485481784 0.053510127041 0.059187102374 0.0460484171625 0.0487652039821 0.0610089907398
nonkin 0.0674414479313 0.0811917885228 0.0867281065416 0.0657462696309 0.0710640349095 0.0926003311406
many_rivals 1 1 1 1 1 1
O' values
no_rival 1081.95180275 970.527171493 1744.73411717 828.433255821 1046.98204187 1774.35786401
brother 1348.56520182 1009.15477099 1605.07942085 716.637010205 1127.85337718 1884.96807774
nonkin 904.488291268 960.688284113 1418.22535859 517.139606412 999.098912557 1717.05649474
many_rivals 0 0 0 0 0 0
