Parameter Female_0 Female_1 Female_2 Female_3 Female_4 Female_5
Size 19.9789985818 28.3265683741 31.6031557904 21.4470798749 25.8753624118 31.3237888811
Profit 2.89331682502 3.80072147274 4.77320606274 2.9693797208 3.37816611251 4.66511281047
E values
no_rival 0.0684956865421 0.0899773659003 0.112999732157 0.0702963812402 0.0799738919459 0.110440758504
brother 0.0214295604915 0.0281503186956 0.0353530962027 0.0219929258348 0.0250206318342 0.0345524957057
nonkin 0.0387815727632 0.0509442847991 0.0639793183501 0.0398011080944 0.0452804178809 0.0625304530576
many_rivals 0.0 0.0 0.0 0.0 0.0 0.0
Observed values
no_rival 176 244 260 166 202 150
brother 40 74 139 51 68 62
nonkin 71 114 132 70 81 156
many_rivals 0 0 0 0 0 0
Q values
no_rival 0.201024769639 0.157265574965 0.155176796851 0.194554080949 0.173949653316 0.140853586648
brother 0.0440128666624 0.060758431152 0.059985358159 0.0482274517641 0.0539960024386 0.049854692694
nonkin 0.0713056999914 0.0870916641429 0.0888926327227 0.0754875227323 0.0800824224965 0.104981821792
many_rivals 1 1 1 1 1 1
O' values
no_rival 875.513999177 1551.51564514 1675.50822853 853.233194546 1161.25554808 1064.93560845
brother 908.825146674 1217.9379651 2317.23214241 1057.48900542 1259.35248776 1243.61412436
nonkin 995.712825322 1308.96568715 1484.93745721 927.305566089 1011.45791392 1485.97154571
many_rivals 0 0 0 0 0 0
