Parameter Female_0 Female_1 Female_2 Female_3 Female_4 Female_5
Size 19.3455647726 28.9562188843 34.1418817492 24.6077913847 28.0538282383 30.2118695483
Profit 2.86643028415 3.94438839941 6.0641168291 3.22490515414 3.74356066984 4.28680673445
E values
no_rival 0.0632181787763 0.0869921910804 0.133742105623 0.0711242243352 0.0825630014428 0.0945441150327
brother 0.019778439412 0.0272163769014 0.0418425551651 0.0222519248255 0.0258306606314 0.0295790718291
nonkin 0.0357935006414 0.0492541086678 0.0757234427825 0.0402698245763 0.0467463457869 0.0535299324904
many_rivals 0.0 0.0 0.0 0.0 0.0 0.0
Observed values
no_rival 176 232 223 149 241 199
brother 34 67 123 62 64 62
nonkin 49 143 147 68 91 111
many_rivals 0 0 0 0 0 0
Q values
no_rival 0.211565968978 0.175388381712 0.131862007096 0.178243502565 0.187205306734 0.158116167153
brother 0.0492210847491 0.0502937286547 0.0623328254384 0.0516281254588 0.0532499678588 0.0563170729855
nonkin 0.0624201079156 0.0870300370258 0.0940023968116 0.0738193376338 0.0734387963074 0.0893293917415
many_rivals 1 1 1 1 1 1
O' values
no_rival 831.891824806 1322.77861131 1691.16188136 835.935099207 1287.35666848 1258.56832722
brother 690.760883741 1332.17404619 1973.27811045 1200.89581888 1201.87865971 1100.90948825
nonkin 785.003448988 1643.11087168 1563.78991373 921.167842731 1239.12706329 1242.59213945
many_rivals 0 0 0 0 0 0
