Parameter Female_0 Female_1 Female_2 Female_3 Female_4 Female_5
Size 20.63993815 25.582377548 32.46039783 22.761162897 26.317302887 30.8964618253
Profit 2.92498805547 3.33944219464 5.1425015677 3.05767442149 3.44074955933 4.51033576037
E values
no_rival 0.0694438225055 0.0792836164231 0.122091085273 0.0725940057802 0.0816888127928 0.107082473516
brother 0.0217261943091 0.0248046722341 0.0381974169384 0.0227117606484 0.0255571619703 0.0335018226642
nonkin 0.0393183978644 0.0448895907826 0.0691267515706 0.0411020001327 0.0462513889151 0.0606290256799
many_rivals 0.0 0.0 0.0 0.0 0.0 0.0
Observed values
no_rival 188 166 285 201 189 247
brother 48 28 54 61 38 62
nonkin 59 104 172 79 70 196
many_rivals 0 0 0 0 0 0
Q values
no_rival 0.200351261947 0.178503126191 0.163393938196 0.190496416229 0.18358978689 0.151376626656
brother 0.0478222528451 0.0492115143268 0.0532945931064 0.0528077255614 0.0547426347824 0.0550043406164
nonkin 0.0791046734619 0.0871104613367 0.0913513163517 0.0780718846668 0.0814029574123 0.0943083954852
many_rivals 1 1 1 1 1 1
O' values
no_rival 938.351963313 929.955701854 1744.25075463 1055.13795996 1029.46903094 1631.69179719
brother 1003.71682939 568.972533828 1013.23599361 1155.13401404 694.157308121 1127.18376959
nonkin 745.847210006 1193.88645639 1882.84095806 1011.88795861 859.919617484 2078.28792963
many_rivals 0 0 0 0 0 0
