Parameter Female_0 Female_1 Female_2 Female_3 Female_4 Female_5
Size 19.9322849371 25.1861445645 33.4200890548 23.5910819282 26.7823403546 30.9567315317
Profit 2.89122325171 3.29034045293 5.63275599052 3.12573464727 3.51244425907 4.53142214213
E values
no_rival 0.0669451587918 0.0761865635836 0.130424291517 0.0723751796681 0.0813292915141 0.104923331216
brother 0.0209444623796 0.0238357282828 0.0408045438439 0.022643298711 0.0254446821431 0.0328263134041
nonkin 0.0379036794563 0.0431360704354 0.0738449296139 0.0409781029763 0.0460478315624 0.059406540901
many_rivals 0.0 0.0 0.0 0.0 0.0 0.0
Observed values
no_rival 181 210 287 178 180 210
brother 106 29 112 41 55 80
nonkin 55 88 187 99 58 87
many_rivals 0 0 0 0 0 0
Q values
no_rival 0.198362171139 0.196099227696 0.134818292035 0.190353532476 0.180742796518 0.154465129748
brother 0.0549491971299 0.0396605362809 0.0593827920655 0.0468126809353 0.0484030746508 0.0603606464653
nonkin 0.0731046082949 0.076267492878 0.100029936261 0.0791134892686 0.0773260996901 0.0770699431928
many_rivals 1 1 1 1 1 1
O' values
no_rival 912.472367895 1070.88642045 2128.79124686 935.102163248 995.890311913 1359.53014342
brother 1929.05457289 731.205442978 1886.0682717 875.831060748 1136.29145249 1325.36685216
nonkin 752.346552192 1153.83365415 1869.44035945 1251.36687707 750.07016043 1128.84474019
many_rivals 0 0 0 0 0 0
