Parameter Female_0 Female_1 Female_2 Female_3 Female_4 Female_5
Size 21.9436910117 29.1457558271 34.5538376303 24.1532732768 26.8732945317 34.1817033039
Profit 3.00022150684 3.99105880686 6.33775058016 3.17823080063 3.52721165529 6.08965526965
E values
no_rival 0.0611185679908 0.0813032632712 0.129108547105 0.0647448579499 0.0718540697346 0.124054510239
brother 0.0191215551816 0.025436538947 0.0403929000473 0.0202560762582 0.0224802642572 0.0388116940732
nonkin 0.0346047220107 0.0460330946315 0.0730999682855 0.0366578911227 0.040683055743 0.070238423152
many_rivals 0.0 0.0 0.0 0.0 0.0 0.0
Observed values
no_rival 170 206 219 209 173 187
brother 39 74 140 51 67 102
nonkin 33 92 168 116 82 156
many_rivals 0 0 0 0 0 0
Q values
no_rival 0.200132153159 0.166189981222 0.130040827374 0.192848272009 0.178040906766 0.131916866587
brother 0.0514829296959 0.0543943028194 0.0606515280135 0.0412714210679 0.0494694437189 0.058089376766
nonkin 0.0652224988735 0.0830613745805 0.0957472142266 0.0786766051948 0.0754021997192 0.0953451336408
many_rivals 1 1 1 1 1 1
O' values
no_rival 849.438719951 1239.54523904 1684.08648593 1083.75355311 971.686805813 1417.55944359
brother 757.532646848 1360.43659289 2308.2683089 1235.72192768 1354.37140512 1755.91486221
nonkin 505.960375176 1107.61470617 1754.62023994 1474.39000085 1087.50142974 1636.16111324
many_rivals 0 0 0 0 0 0
