Parameter Female_0 Female_1 Female_2 Female_3 Female_4 Female_5
Size 19.81811939 27.3602358488 29.8450115101 23.194707392 26.9890337992 32.2131414122
Profit 2.88618310905 3.61069662638 4.1783087728 3.09190793451 3.54637062886 5.02983350123
E values
no_rival 0.0687445409635 0.0860013633092 0.0995210309729 0.0736445969046 0.084469214792 0.119803069348
brother 0.0215074170858 0.0269063865249 0.0311361497502 0.0230404485876 0.0264270385398 0.0374815882762
nonkin 0.0389224716481 0.0486931118921 0.0563478125265 0.0416968343214 0.0478256247231 0.0678312998341
many_rivals 0.0 0.0 0.0 0.0 0.0 0.0
Observed values
no_rival 177 231 260 231 242 243
brother 42 71 53 56 22 94
nonkin 66 91 94 91 119 132
many_rivals 0 0 0 0 0 0
Q values
no_rival 0.189695121947 0.173021687411 0.175175422567 0.183655119166 0.179952013667 0.149844219919
brother 0.0678198865962 0.0465104856489 0.0476087008243 0.0503116861555 0.0550362670094 0.0586592840147
nonkin 0.0623893510933 0.091536613667 0.0850546824721 0.0863775962845 0.0770866444177 0.092878637402
many_rivals 1 1 1 1 1 1
O' values
no_rival 933.076181311 1335.09274737 1484.22647532 1257.79232862 1344.80295646 1621.68417395
brother 619.287381739 1526.53748954 1113.24188819 1113.06148291 399.73641374 1602.47438371
nonkin 1057.87283957 994.137715549 1105.17137056 1053.51391928 1543.71747401 1421.20948038
many_rivals 0 0 0 0 0 0
