Parameter Female_0 Female_1 Female_2 Female_3 Female_4 Female_5
Size 22.8567506496 25.4140939744 32.1963148779 21.3696260378 26.029761814 30.0837956843
Profit 3.06498514877 3.31814228104 5.02235407828 2.96482287925 3.39944442151 4.24807907511
E values
no_rival 0.0740824890602 0.0802014454571 0.121393244339 0.0716615082478 0.0821665658866 0.102678563299
brother 0.0231774475274 0.0250918242257 0.037979090424 0.0224200194704 0.0257066318033 0.0321240153138
nonkin 0.041944764481 0.0454092564034 0.0687316410125 0.0405740293548 0.0465218879393 0.0581355757543
many_rivals 0.0 0.0 0.0 0.0 0.0 0.0
Observed values
no_rival 178 173 160 210 204 217
brother 36 71 103 68 47 77
nonkin 60 95 127 66 77 142
many_rivals 0 0 0 0 0 0
Q values
no_rival 0.196494576504 0.167938828328 0.131989978503 0.200541589418 0.181658797604 0.159681447715
brother 0.0514381638642 0.0600595332579 0.0586048329053 0.0433458143189 0.0524082655841 0.0479969005944
nonkin 0.0715583733778 0.0846233841692 0.0995565321315 0.0761112416622 0.0808429521761 0.0978523859359
many_rivals 1 1 1 1 1 1
O' values
no_rival 905.877419963 1030.13699526 1212.21324388 1047.16433439 1122.98442294 1358.9556151
brother 699.869460641 1182.16036903 1757.53423214 1568.77892522 896.805102711 1604.27025592
nonkin 838.47629799 1122.62113992 1275.65712948 867.151797272 952.46398019 1451.16543293
many_rivals 0 0 0 0 0 0
