Parameter Female_0 Female_1 Female_2 Female_3 Female_4 Female_5
Size 19.6507252251 27.4557966925 30.6053420715 20.5344695246 27.7238117969 31.5630391951
Profit 2.8789852136 3.62799317343 4.41176823122 2.91966759453 3.67818886886 4.75733411058
E values
no_rival 0.0687866417506 0.0866824412697 0.105408919564 0.0697586524262 0.0878817504231 0.113665410856
brother 0.0215205887381 0.0271194685757 0.0329782345749 0.0218246919981 0.0274946844374 0.0355613604404
nonkin 0.0389463086928 0.0490787314225 0.0596814761682 0.0394966514172 0.049757768272 0.0643562189726
many_rivals 0.0 0.0 0.0 0.0 0.0 0.0
Observed values
no_rival 201 222 252 180 160 210
brother 53 70 56 40 81 88
nonkin 57 91 135 48 63 148
many_rivals 0 0 0 0 0 0
Q values
no_rival 0.187429572556 0.173559920537 0.16249924486 0.199027597695 0.170553456546 0.145694424254
brother 0.052507172815 0.0564025595173 0.0492223136403 0.0521782568984 0.0472505065322 0.0570237929213
nonkin 0.0768788792068 0.0829004567376 0.0913408770193 0.0694199491045 0.0898003767097 0.0904081115129
many_rivals 1 1 1 1 1 1
O' values
no_rival 1072.40280848 1279.09715165 1550.77643725 904.397189557 938.12229456 1441.37293568
brother 1009.38590213 1241.07842976 1137.69540394 766.602841446 1714.2673369 1543.21548062
nonkin 741.426001368 1097.70203424 1477.98011586 691.443895007 701.556077027 1637.02125311
many_rivals 0 0 0 0 0 0
