Parameter Female_0 Female_1 Female_2 Female_3 Female_4 Female_5
Size 21.4426247069 25.938780442 32.9805146749 21.8611666506 27.3522503495 34.2297065493
Profit 2.96911581411 3.38683156248 5.39724264671 2.99489557728 3.60926521606 6.12069510246
E values
no_rival 0.0645523498968 0.0736340209512 0.117342912039 0.0651128347 0.0784700111697 0.133071687533
brother 0.0201958481887 0.0230371397948 0.0367119034605 0.0203712014642 0.0245501276946 0.0416328081617
nonkin 0.0365488949881 0.0416908463224 0.0664383833673 0.0368662358788 0.0444289356242 0.0753438587646
many_rivals 0.0 0.0 0.0 0.0 0.0 0.0
Observed values
no_rival 199 193 181 212 217 233
brother 43 83 73 50 44 146
nonkin 42 79 171 52 110 163
many_rivals 0 0 0 0 0 0
Q values
no_rival 0.192617785126 0.178788288305 0.135057159078 0.192684994473 0.170179713766 0.130296278803
brother 0.0449794699571 0.0469202418205 0.0539635692985 0.0466837918299 0.0582292713031 0.0728764471985
nonkin 0.0724471571549 0.0802884408904 0.0984748730749 0.0676858208702 0.0743669354886 0.0834648959785
many_rivals 1 1 1 1 1 1
O' values
no_rival 1033.1340892 1079.48905284 1340.17331059 1100.24135808 1275.12260538 1788.23219005
brother 955.991701124 1768.95933993 1352.76448443 1071.03553589 755.633704756 2003.39074711
nonkin 579.732892903 983.952348854 1736.48357861 768.255438606 1479.15198169 1952.91682915
many_rivals 0 0 0 0 0 0
