Parameter Female_0 Female_1 Female_2 Female_3 Female_4 Female_5
Size 24.4176373325 25.7554762427 32.8472056832 21.1913714301 25.7658051497 32.0505705029
Profit 3.20489376836 3.36206342469 5.32956738488 2.95458340821 3.36343657636 4.95854739478
E values
no_rival 0.0736022883608 0.0772117828411 0.122396679532 0.0678537623132 0.0772433180845 0.113875985159
brother 0.0230272119366 0.0241564783797 0.0382930251584 0.0212287280773 0.0241663444959 0.0356272407167
nonkin 0.041672879647 0.0437165393268 0.0692997759842 0.0384181216841 0.0437343942663 0.064475444037
many_rivals 0.0 0.0 0.0 0.0 0.0 0.0
Observed values
no_rival 206 176 257 137 241 213
brother 44 71 140 34 53 100
nonkin 59 89 161 53 98 166
many_rivals 0 0 0 0 0 0
Q values
no_rival 0.18700269704 0.177554097273 0.125129477207 0.193004323474 0.183258998299 0.139143256582
brother 0.0496304943423 0.0545199047348 0.0626890250402 0.0486873713597 0.0470512842417 0.0608016982746
nonkin 0.0756566846845 0.0801689955254 0.097532641592 0.0733691298956 0.0804990638358 0.0994256497439
many_rivals 1 1 1 1 1 1
O' values
no_rival 1101.58839023 991.247190029 2053.87256254 709.828658414 1315.07867137 1530.79642688
brother 886.551717509 1302.27667024 2233.24577006 698.333038947 1126.43046527 1644.69090236
nonkin 779.838559488 1110.15485995 1650.72941091 722.374656418 1217.40546201 1669.58929036
many_rivals 0 0 0 0 0 0
