Parameter Female_0 Female_1 Female_2 Female_3 Female_4 Female_5
Size 24.4806144361 27.9048765079 31.5221091228 23.0244459062 28.6360183496 34.1134447949
Profit 3.21144255851 3.71355454362 4.74126276023 3.07813133695 3.8692124066 6.04599581801
E values
no_rival 0.069306793156 0.0801429737381 0.102322153187 0.0664297766472 0.0835022576476 0.130479861915
brother 0.0216833233068 0.0250735307637 0.0320125088459 0.0207832199219 0.0261245163276 0.0408219295986
nonkin 0.039240813217 0.0453761503008 0.0579337799127 0.0376118752399 0.0472781432575 0.0738763930175
many_rivals 0.0 0.0 0.0 0.0 0.0 0.0
Observed values
no_rival 206 196 210 203 218 179
brother 55 58 68 66 68 103
nonkin 53 84 188 64 92 133
many_rivals 0 0 0 0 0 0
Q values
no_rival 0.190304587986 0.173998954968 0.158215699023 0.188060864536 0.192728725016 0.130769473335
brother 0.0476539751607 0.0502225400378 0.0535346426833 0.0482633551161 0.0513842192098 0.0576830920952
nonkin 0.0768534718184 0.0874163212402 0.0935070274707 0.0757130703472 0.0701125944652 0.100775475205
many_rivals 1 1 1 1 1 1
O' values
no_rival 1082.47521607 1126.44354695 1327.30191313 1079.43776873 1131.12355193 1368.82099037
brother 1154.1534534 1154.85994847 1270.20554526 1367.49713818 1323.36349653 1785.61856272
nonkin 689.624017575 960.918954359 2010.54407444 845.296587585 1312.17509068 1319.76554544
many_rivals 0 0 0 0 0 0
