Parameter Female_0 Female_1 Female_2 Female_3 Female_4 Female_5
Size 19.5845173785 27.9503164722 30.5789842525 20.5295351897 27.8585203285 32.9897660668
Profit 2.87620000179 3.72261978522 4.4031064875 2.91942124198 3.70438568225 5.40200218477
E values
no_rival 0.0664705872234 0.0860318207979 0.101758248261 0.0674694542056 0.085610420502 0.1248432853
brother 0.0207959879187 0.0269159154548 0.031836085551 0.0211084934428 0.0267840761582 0.039058470239
nonkin 0.03763498178 0.0487103566176 0.057614502583 0.0382005302767 0.048471763984 0.0706850197041
many_rivals 0.0 0.0 0.0 0.0 0.0 0.0
Observed values
no_rival 210 199 269 220 208 237
brother 53 77 85 79 54 97
nonkin 85 88 135 35 95 131
many_rivals 0 0 0 0 0 0
Q values
no_rival 0.195143798822 0.159904951657 0.169679157715 0.200647218757 0.170570987201 0.14359637249
brother 0.057133179486 0.0605971838238 0.0431829666394 0.0538683400128 0.0498062805468 0.0550090372894
nonkin 0.0714983233515 0.0921111888679 0.0914300447793 0.0624087537104 0.0899544257801 0.0981754553718
many_rivals 1 1 1 1 1 1
O' values
no_rival 1076.1295069 1244.48929154 1585.34497473 1096.45177921 1219.43364117 1650.4595199
brother 927.657107075 1270.68611346 1968.36870217 1466.53860099 1084.20061501 1763.34662048
nonkin 1188.83906665 955.367106662 1476.53870591 560.818762099 1056.09033881 1334.3457334
many_rivals 0 0 0 0 0 0
