Parameter Female_0 Female_1 Female_2 Female_3 Female_4 Female_5
Size 22.0871692068 25.0437947422 31.4075295097 23.1302626842 27.777945076 30.6405703267
Profit 3.00967952726 3.27357133324 4.6969223883 3.08664169024 3.68863681076 4.42341196504
E values
no_rival 0.0722175291404 0.0785496366009 0.112703072329 0.0740642431168 0.0885091698158 0.106140165287
brother 0.0225939761669 0.024575039307 0.0352602832088 0.0231717391015 0.0276909788686 0.0332070121118
nonkin 0.040888842824 0.0444740187471 0.0638113525218 0.0419344338103 0.050113006858 0.060095500184
many_rivals 0.0 0.0 0.0 0.0 0.0 0.0
Observed values
no_rival 191 198 215 238 227 185
brother 49 54 62 65 68 71
nonkin 62 91 156 85 99 85
many_rivals 0 0 0 0 0 0
Q values
no_rival 0.197760539737 0.191687776221 0.149975902058 0.200740099741 0.18189714498 0.151380286392
brother 0.0447539780849 0.0558336279869 0.0553256049873 0.0508492436712 0.0572742394858 0.0570741635193
nonkin 0.0820275854084 0.0773426048513 0.0962635041263 0.0695419825618 0.0739254811575 0.0963913374754
many_rivals 1 1 1 1 1 1
O' values
no_rival 965.814516149 1032.92971468 1433.56363955 1185.61264196 1247.95801509 1222.08779234
brother 1094.87473733 967.159075042 1120.63844606 1278.28843277 1187.27023895 1243.99545472
nonkin 755.843289685 1176.58307701 1620.55185312 1222.28324343 1339.1864138 881.8219793
many_rivals 0 0 0 0 0 0
