Parameter Female_0 Female_1 Female_2 Female_3 Female_4 Female_5
Size 20.157078381 27.065553918 32.0422709116 20.6631992628 26.2665638614 29.7530838427
Profit 2.90146801467 3.55926743732 4.95496600078 2.92617569774 3.43329834497 4.15226947833
E values
no_rival 0.0704192541692 0.0863841879549 0.120258092953 0.0710189149634 0.0833268909291 0.100776475321
brother 0.0220313678594 0.0270261570436 0.0376239469613 0.0222189777355 0.0260696510961 0.0315289280688
nonkin 0.039870677518 0.0489098633782 0.0680889296491 0.0402101994631 0.0471788523751 0.0570586325617
many_rivals 0.0 0.0 0.0 0.0 0.0 0.0
Observed values
no_rival 140 250 174 231 238 227
brother 46 73 104 51 97 75
nonkin 76 100 141 107 91 135
many_rivals 0 0 0 0 0 0
Q values
no_rival 0.18652552861 0.182476607695 0.144397657729 0.179310644183 0.176984558488 0.163369405332
brother 0.0508474140025 0.0454657207122 0.0617318690466 0.052942656994 0.0638213169078 0.0520336221574
nonkin 0.0766729049142 0.087878739936 0.0921803737193 0.0889609734693 0.0778768039783 0.0915168645841
many_rivals 1 1 1 1 1 1
O' values
no_rival 750.567501637 1370.03862116 1205.00569563 1288.26708003 1344.7500846 1389.48905114
brother 904.667442828 1605.60525285 1684.70518723 963.306394044 1519.8683559 1441.37572766
nonkin 991.223693494 1137.93165529 1529.60976736 1202.77460809 1168.5122572 1475.13794986
many_rivals 0 0 0 0 0 0
