Parameter Female_0 Female_1 Female_2 Female_3 Female_4 Female_5
Size 24.1805502496 27.2112436902 31.4079955912 21.3096003822 27.0983090752 34.0950421885
Profit 3.18092119011 3.5843391224 4.69710083316 2.9613365806 3.5648447872 6.03432037827
E values
no_rival 0.0704676534974 0.0794046605367 0.104055917821 0.0656031468808 0.0789727981998 0.133679639354
brother 0.0220465100732 0.0248425420955 0.0325549344495 0.0205246005331 0.0247074296448 0.0418230119684
nonkin 0.0398980807337 0.0449581247493 0.0589154201111 0.0371438457325 0.0447136086128 0.075688075006
many_rivals 0.0 0.0 0.0 0.0 0.0 0.0
Observed values
no_rival 147 248 234 215 231 255
brother 37 81 77 33 36 100
nonkin 71 73 75 72 107 211
many_rivals 0 0 0 0 0 0
Q values
no_rival 0.189648737982 0.186692689393 0.162516661698 0.192240431518 0.182326457853 0.137500234963
brother 0.049270875901 0.0556375367188 0.0535106341096 0.0504129205473 0.0552509920586 0.0604487223302
nonkin 0.0796669874638 0.0709560947639 0.089133088925 0.0756990596961 0.0756107557445 0.0969064016162
many_rivals 1 1 1 1 1 1
O' values
no_rival 775.117206497 1328.38624162 1439.85236686 1118.39116414 1266.95819532 1854.54228546
brother 750.950725421 1455.85165658 1438.96631541 654.594092978 651.572010903 1654.29468391
nonkin 891.209800449 1028.80521036 841.438358129 951.134667842 1415.14258053 2177.35873462
many_rivals 0 0 0 0 0 0
