Parameter Female_0 Female_1 Female_2 Female_3 Female_4 Female_5
Size 19.8684152369 27.5463721346 33.8061749212 19.5812002854 29.2331645491 29.7649353689
Profit 2.88839027715 3.64467563577 5.85622722782 2.87606136586 4.01314642714 4.15560140157
E values
no_rival 0.0655947703322 0.0827698608307 0.132993758863 0.0653147832021 0.0911377594229 0.0943728836387
brother 0.0205219798461 0.0258953786595 0.041608427398 0.0204343830726 0.0285133594131 0.0295255003752
nonkin 0.0371391030144 0.0468634675037 0.0752997363309 0.0369805771012 0.0516012880077 0.0534329829874
many_rivals 0.0 0.0 0.0 0.0 0.0 0.0
Observed values
no_rival 213 237 268 162 239 235
brother 56 53 101 33 70 111
nonkin 49 134 205 47 115 114
many_rivals 0 0 0 0 0 0
Q values
no_rival 0.206324319359 0.174232722959 0.132621682618 0.196691829796 0.176919889517 0.160115631808
brother 0.0464169897163 0.0491960279186 0.0644391018377 0.062066408395 0.0469809311367 0.049051548315
nonkin 0.0658629746553 0.0856962962089 0.0922409414928 0.0566707590966 0.0755901930173 0.0928968628164
many_rivals 1 1 1 1 1 1
O' values
no_rival 1032.35527766 1360.24964757 2020.78570193 823.623432495 1350.89390261 1467.6893027
brother 1206.45479904 1077.32274824 1567.37131834 531.688571215 1489.96621196 2262.92551026
nonkin 743.968827045 1563.6615108 2222.44045521 829.351869452 1521.36137519 1227.16738266
many_rivals 0 0 0 0 0 0
