Parameter Female_0 Female_1 Female_2 Female_3 Female_4 Female_5
Size 22.0086751453 25.0115462934 29.6709838733 22.2380565733 29.4185602938 30.0948737386
Profit 3.00447375544 3.26983411543 4.12938997766 3.01990401431 4.061208981 4.25139233304
E values
no_rival 0.0735607914641 0.0800578088097 0.101102961699 0.0739385821013 0.099433635059 0.104090037157
brother 0.0230142292175 0.0250468860642 0.031631072597 0.0231324247962 0.0311088070646 0.0325656090251
nonkin 0.0416493845191 0.04532793077 0.0572434858841 0.0418632857999 0.0562983298341 0.0589347381382
many_rivals 0.0 0.0 0.0 0.0 0.0 0.0
Observed values
no_rival 205 231 280 179 204 169
brother 24 76 115 68 102 41
nonkin 88 114 101 72 96 101
many_rivals 0 0 0 0 0 0
Q values
no_rival 0.193313377217 0.174282348021 0.161467435376 0.199273021334 0.156366615558 0.168558847741
brother 0.0423944267759 0.0571674189439 0.0667470596719 0.0482347860589 0.0670262872464 0.0446977010324
nonkin 0.0816994164748 0.0851460171397 0.0867219131288 0.0739010634123 0.0821072291474 0.0958519337372
many_rivals 1 1 1 1 1 1
O' values
no_rival 1060.45428905 1325.43543637 1734.09579057 898.265097811 1304.62630576 1002.61720025
brother 566.112147875 1329.4285697 1722.92233643 1409.77094657 1521.79098963 917.273127095
nonkin 1077.11907621 1338.87648336 1164.64220352 974.275560804 1169.20277297 1053.70852796
many_rivals 0 0 0 0 0 0
