Parameter Female_0 Female_1 Female_2 Female_3 Female_4 Female_5
Size 23.8264533934 27.8578446596 31.4653343763 20.207392573 28.0885496937 30.0163838542
Profit 3.14704245193 3.70425262841 4.71917294768 2.90382072216 3.75067640275 4.22806487637
E values
no_rival 0.0745914943288 0.0877985420106 0.111854278276 0.0688266301575 0.0888988826488 0.100213988869
brother 0.0233366949157 0.0274686518534 0.0349947295013 0.0215330995111 0.0278129044255 0.0313529485575
nonkin 0.042232958174 0.049710656501 0.0633307738169 0.0389689497289 0.0503336583669 0.0567401583576
many_rivals 0.0 0.0 0.0 0.0 0.0 0.0
Observed values
no_rival 229 246 249 153 190 218
brother 66 56 107 47 64 74
nonkin 79 126 121 79 99 93
many_rivals 0 0 0 0 0 0
Q values
no_rival 0.187630040963 0.187160194637 0.141039136364 0.182950262026 0.187839729205 0.152387259604
brother 0.0522910810939 0.04907211749 0.0610889038329 0.0596380056321 0.0441161772512 0.0518945897443
nonkin 0.0740418772283 0.082484202248 0.0963261850648 0.0755565471164 0.0799403814562 0.0921038142495
many_rivals 1 1 1 1 1 1
O' values
no_rival 1220.48686247 1314.38204837 1765.46741862 836.292871655 1011.50060642 1430.56578724
brother 1262.16552841 1141.17757424 1751.54558826 788.088057303 1450.71499817 1425.96753081
nonkin 1066.96376372 1527.56523754 1256.14857392 1045.57451359 1238.42291213 1009.73016978
many_rivals 0 0 0 0 0 0
