Parameter Female_0 Female_1 Female_2 Female_3 Female_4 Female_5
Size 21.6415477309 25.6317887246 31.8878534207 22.6447538647 29.4626965736 34.0882344165
Profit 2.98111650355 3.34582481956 4.88933807409 3.04894621265 4.07289907834 6.03001140965
E values
no_rival 0.0651055932753 0.0730705792993 0.106779877827 0.066586948817 0.08894939548 0.131691421592
brother 0.0203689359121 0.0228608614396 0.033407152577 0.0208323928069 0.0278287078699 0.0412009781591
nonkin 0.0368621358565 0.0413718312934 0.0604576990269 0.0377008645507 0.0503622582268 0.0745623659909
many_rivals 0.0 0.0 0.0 0.0 0.0 0.0
Observed values
no_rival 206 230 188 163 265 189
brother 57 60 101 40 54 86
nonkin 66 103 111 60 118 159
many_rivals 0 0 0 0 0 0
Q values
no_rival 0.194373870993 0.174715164564 0.14802684318 0.201615710451 0.170830946593 0.137713628809
brother 0.0574700174131 0.0474865339108 0.0615080114053 0.0468622999536 0.0488843969879 0.0551367282071
nonkin 0.0653114098881 0.0896131378043 0.0875254158092 0.0656637929613 0.0864894018289 0.0930468721394
many_rivals 1 1 1 1 1 1
O' values
no_rival 1059.81322977 1316.428374 1270.03991953 808.468743014 1551.24118484 1372.4131855
brother 991.821519564 1263.51609727 1642.06251661 853.564593279 1104.64694928 1559.75885397
nonkin 1010.54318247 1149.38504023 1268.20305821 913.7455711 1364.32901032 1708.81617344
many_rivals 0 0 0 0 0 0
