Parameter Female_0 Female_1 Female_2 Female_3 Female_4 Female_5
Size 23.6493260097 25.0938014388 31.5940682088 19.703010724 25.2310280787 31.9278861851
Profit 3.13092025023 3.27941135268 4.76960014599 2.88120928401 3.29572121845 4.90617028667
E values
no_rival 0.0748426830182 0.0783922696008 0.114014297178 0.068873499137 0.078782146703 0.117278920653
brother 0.0234152818091 0.0245258054673 0.0356705130151 0.02154776294 0.0246477824175 0.0366918831156
nonkin 0.0423751786981 0.0443849191253 0.0645537549191 0.0389954864764 0.0446056636418 0.0664021520847
many_rivals 0.0 0.0 0.0 0.0 0.0 0.0
Observed values
no_rival 207 200 199 217 201 223
brother 34 45 73 62 63 83
nonkin 78 99 167 80 101 125
many_rivals 0 0 0 0 0 0
Q values
no_rival 0.185962561428 0.184199446573 0.14500472671 0.185011026059 0.172225939965 0.158189200098
brother 0.0400793101748 0.0483791628895 0.0497215381564 0.0459172337565 0.0597302553135 0.0557661096529
nonkin 0.0786390507425 0.0725852278951 0.092167899391 0.0867833583924 0.0770129084418 0.0846830792847
many_rivals 1 1 1 1 1 1
O' values
no_rival 1113.12727901 1085.77959229 1372.36905661 1172.90306758 1167.07158074 1409.70432786
brother 848.31799379 930.152514271 1468.17662339 1350.25555609 1054.74185016 1488.35915786
nonkin 991.873620847 1363.91388263 1811.91066633 921.835723829 1311.46845436 1476.09181262
many_rivals 0 0 0 0 0 0
