Parameter Female_0 Female_1 Female_2 Female_3 Female_4 Female_5
Size 22.5368230178 28.3266690005 33.6063438783 24.1377631566 25.750774616 29.6905375069
Profit 3.04102196381 3.80074310546 5.7385460331 3.17670712149 3.36143925758 4.13480727902
E values
no_rival 0.0695980840021 0.086985375664 0.131334733394 0.0727034305319 0.076931286456 0.0946309062422
brother 0.0217744565609 0.0272142446302 0.0410893846896 0.0227459952762 0.0240687222806 0.0296062253269
nonkin 0.0394057391811 0.0492502498472 0.0743604127003 0.0411639553329 0.0435577250785 0.0535790728053
many_rivals 0.0 0.0 0.0 0.0 0.0 0.0
Observed values
no_rival 167 190 183 184 219 198
brother 37 87 117 54 67 70
nonkin 77 86 192 79 76 107
many_rivals 0 0 0 0 0 0
Q values
no_rival 0.194343517025 0.1729870757 0.126486841464 0.17980094642 0.19036698942 0.170325276483
brother 0.0492663444833 0.0555604051582 0.062588001624 0.0524458780732 0.0507993868777 0.0588263533506
nonkin 0.0727168280185 0.0808525415787 0.101991887627 0.079864570383 0.0760962792742 0.0768404520083
many_rivals 1 1 1 1 1 1
O' values
no_rival 859.303168721 1098.34795016 1446.79081146 1023.35390143 1150.40953617 1162.48160043
brother 751.019796335 1565.86331133 1869.36788145 1029.63287076 1318.91355621 1189.94287446
nonkin 1058.90207395 1063.66476948 1882.50266239 989.17454412 998.734770279 1392.49571292
many_rivals 0 0 0 0 0 0
