Parameter Female_0 Female_1 Female_2 Female_3 Female_4 Female_5
Size 24.7537207664 27.8967996535 33.9333577102 22.6414720988 27.3058630153 31.0493238695
Profit 3.24075316015 3.71195127731 5.93345228228 3.04870289748 3.60099243995 4.56428449338
E values
no_rival 0.0715629299778 0.0819680167579 0.131023626059 0.067322039413 0.079517802528 0.100789401555
brother 0.0223891782728 0.0256445137229 0.0409920516487 0.0210623732508 0.0248779396989 0.0315329721705
nonkin 0.0405182153241 0.0464094714081 0.0741842668381 0.0381170654952 0.0450221846133 0.0570659512664
many_rivals 0.0 0.0 0.0 0.0 0.0 0.0
Observed values
no_rival 218 182 197 225 207 254
brother 32 43 93 61 36 69
nonkin 79 103 155 44 44 144
many_rivals 0 0 0 0 0 0
Q values
no_rival 0.185932419964 0.164432030912 0.138497910245 0.203132188744 0.207003790504 0.172853384841
brother 0.0514750176267 0.0576371761519 0.0551572287602 0.0506702320922 0.0490952738449 0.0461057562466
nonkin 0.0773334827745 0.086482135963 0.100845348627 0.0680088733237 0.0648473057279 0.0855822876662
many_rivals 1 1 1 1 1 1
O' values
no_rival 1172.46900805 1106.84030958 1422.4041334 1107.65310703 999.981688722 1469.45343439
brother 621.660787609 746.046265117 1686.08906014 1203.86265232 733.268137249 1496.55933699
nonkin 1021.54975007 1190.99741066 1537.006933 646.974399805 678.517010169 1682.59115206
many_rivals 0 0 0 0 0 0
