Parameter Female_0 Female_1 Female_2 Female_3 Female_4 Female_5
Size 23.3920948556 27.1097984972 31.765257615 21.4801860034 26.6376256065 34.1197255706
Profit 3.10843916102 3.56680925708 4.83856948827 2.971347712 3.48946073608 6.04998984481
E values
no_rival 0.0688569174924 0.079010550956 0.107182081674 0.0658201218193 0.0772971570459 0.134016987303
brother 0.0215425752067 0.0247192409721 0.0335329860725 0.0205924833124 0.0241831885534 0.0419285546475
nonkin 0.038986098115 0.0447349838458 0.0606854228229 0.0372666947728 0.0437648773478 0.0758790780409
many_rivals 0.0 0.0 0.0 0.0 0.0 0.0
Observed values
no_rival 202 214 174 218 212 241
brother 60 68 91 29 41 67
nonkin 56 97 128 97 75 213
many_rivals 0 0 0 0 0 0
Q values
no_rival 0.198506333524 0.176983480697 0.153184107929 0.19777625474 0.192311049264 0.1262613743
brother 0.0497354069647 0.0542253785063 0.0581013476406 0.0422276482514 0.0529478740216 0.0559010230962
nonkin 0.0691746134204 0.0817249222113 0.0866537722759 0.0730279756359 0.0710764016502 0.103996406728
many_rivals 1 1 1 1 1 1
O' values
no_rival 1017.59977334 1209.15239749 1135.88806536 1102.25567921 1102.38075665 1908.73892618
brother 1206.38401617 1254.02536364 1566.22873127 686.75384969 774.346482416 1198.54693687
nonkin 809.545543242 1186.90844084 1477.14284835 1328.25809774 1055.20254626 2048.14768799
many_rivals 0 0 0 0 0 0
