Parameter Female_0 Female_1 Female_2 Female_3 Female_4 Female_5
Size 20.2057563808 27.6426196501 31.0089910547 20.0889258867 27.0518318275 30.945021607
Profit 2.90374386399 3.66271572426 4.54989971113 2.89831633511 3.5569410741 4.52730657228
E values
no_rival 0.069927637262 0.0882051133148 0.109570179562 0.0697969321143 0.0856578599362 0.109026094101
brother 0.0218775605938 0.0275958517517 0.0342801263777 0.0218366681813 0.0267989180596 0.0341099038004
nonkin 0.0395923289414 0.0499408531077 0.0620375399661 0.0395183249938 0.0484986237173 0.061729484219
many_rivals 0.0 0.0 0.0 0.0 0.0 0.0
Observed values
no_rival 212 205 215 172 154 219
brother 40 54 94 60 54 95
nonkin 105 84 146 90 114 113
many_rivals 0 0 0 0 0 0
Q values
no_rival 0.188675435128 0.171359586315 0.141257221446 0.195926494942 0.166694951797 0.140842695487
brother 0.0457524720213 0.0519567312202 0.0557960603401 0.0532684900792 0.0571861805111 0.0606538285385
nonkin 0.0892592766696 0.0831213319648 0.0988365964255 0.0656575009763 0.0860060682829 0.0891080979404
many_rivals 1 1 1 1 1 1
O' values
no_rival 1123.62269024 1196.31474613 1522.04607877 877.880248158 923.843213844 1554.92621924
brother 874.269700254 1039.32635352 1684.70675935 1126.36945239 944.284082577 1566.26551512
nonkin 1176.34831827 1010.57090899 1477.18563043 1370.74970356 1325.48786703 1268.12268034
many_rivals 0 0 0 0 0 0
