Parameter Female_0 Female_1 Female_2 Female_3 Female_4 Female_5
Size 19.9302479558 29.1900921968 33.3143560519 22.6001067402 28.4322573587 32.706200094
Profit 2.89113237612 4.0022171259 5.57432319135 3.04564879572 3.82366873898 5.25980026532
E values
no_rival 0.0625534401221 0.0865932156577 0.120607791899 0.0658966054787 0.0827300871747 0.113802675958
brother 0.0195704692766 0.0270915534507 0.0377333537735 0.0206164119901 0.0258829350735 0.0356043052002
nonkin 0.0354171322627 0.0490282127732 0.0682869256953 0.037309999056 0.0468409480575 0.0644339371006
many_rivals 0.0 0.0 0.0 0.0 0.0 0.0
Observed values
no_rival 144 215 197 190 187 223
brother 31 37 91 54 52 128
nonkin 39 104 178 70 131 76
many_rivals 0 0 0 0 0 0
Q values
no_rival 0.195525419616 0.170418754483 0.140306619542 0.197241799849 0.17042446428 0.135393410921
brother 0.0566097214012 0.0424441426267 0.0580248260698 0.044946672445 0.0552001524339 0.0643070864285
nonkin 0.0625449050558 0.0891479325097 0.0933512620312 0.071085560278 0.0731964350015 0.0826481431132
many_rivals 1 1 1 1 1 1
O' values
no_rival 736.477130609 1261.59823578 1404.06775278 963.284659466 1097.26030702 1647.05208683
brother 547.609124947 871.733947494 1568.29423134 1201.42375537 942.026384117 1990.44937516
nonkin 623.551989809 1166.60024604 1906.77657834 984.728821525 1789.70464883 919.56088954
many_rivals 0 0 0 0 0 0
