Parameter Female_0 Female_1 Female_2 Female_3 Female_4 Female_5
Size 24.1815537939 26.0976649622 29.6705286185 24.239865772 25.3503531501 34.6631280904
Profit 3.18102043436 3.40899898954 4.12926408629 3.18681927665 3.31024820853 6.41395884065
E values
no_rival 0.071640516193 0.0767748753432 0.0929961365365 0.0717711132966 0.0745508855665 0.144450289354
brother 0.0224134518961 0.0240197874999 0.0290947712768 0.022454310506 0.0233239900583 0.0451927175274
nonkin 0.0405621438633 0.0434691666706 0.0526534825456 0.0406360866374 0.0422099658989 0.0817863093295
many_rivals 0.0 0.0 0.0 0.0 0.0 0.0
Observed values
no_rival 229 124 234 188 274 191
brother 70 37 74 46 39 127
nonkin 124 57 121 53 109 164
many_rivals 0 0 0 0 0 0
Q values
no_rival 0.182950599685 0.170214065685 0.155869402945 0.188978730091 0.199519763059 0.12034619899
brother 0.0536973003875 0.0549861506517 0.0571213502954 0.0476155821278 0.0428657796945 0.0635341839807
nonkin 0.0819545015002 0.0826174086143 0.0947656895293 0.0773266012617 0.0731169132139 0.0934423177676
many_rivals 1 1 1 1 1 1
O' values
no_rival 1251.70401406 728.494437291 1501.25679305 994.820951062 1373.29754105 1587.08793134
brother 1303.60370996 672.896712381 1295.48758244 966.070306072 909.816648104 1998.92391848
nonkin 1513.03464398 689.927231513 1276.83342569 685.404493864 1490.7631519 1755.09345143
many_rivals 0 0 0 0 0 0
