Parameter Female_0 Female_1 Female_2 Female_3 Female_4 Female_5
Size 19.6211762013 25.7925375339 31.6068224865 19.2215286782 28.2702623912 31.4196547592
Profit 2.87773788546 3.36700280873 4.77466273217 2.86152879817 3.78868049463 4.70156975808
E values
no_rival 0.0684579606699 0.0800969911195 0.113583546015 0.0680723657671 0.0901282015998 0.111844751119
brother 0.0214177575752 0.0250591446416 0.0355357482061 0.0212971203539 0.0281975091525 0.0349917488352
nonkin 0.0387602127517 0.0453501154019 0.064309867918 0.0385418927737 0.0510296864638 0.0633253796362
many_rivals 0.0 0.0 0.0 0.0 0.0 0.0
Observed values
no_rival 206 266 250 218 202 184
brother 45 59 110 50 99 68
nonkin 73 80 141 88 81 124
many_rivals 0 0 0 0 0 0
Q values
no_rival 0.189416674396 0.193142591299 0.149313359566 0.195679724061 0.177983006199 0.143743578739
brother 0.0488462051993 0.0493640677181 0.0549098704467 0.0518797805035 0.0564237196563 0.0532920817469
nonkin 0.079573521452 0.077693804867 0.0912710258687 0.0776697043603 0.0770358141449 0.0942077613393
many_rivals 1 1 1 1 1 1
O' values
no_rival 1087.54944968 1377.22083054 1674.3310895 1114.0653486 1134.93981428 1280.0571797
brother 921.258873977 1195.20134234 2003.28281792 963.766606465 1754.58124 1275.9869341
nonkin 917.390592598 1029.68312772 1544.84951449 1133.00289636 1051.45899864 1316.23974752
many_rivals 0 0 0 0 0 0
