Parameter Female_0 Female_1 Female_2 Female_3 Female_4 Female_5
Size 20.0212559794 28.7372365776 33.2787087173 20.3808941887 28.6789124772 33.3460608841
Profit 2.89522652743 3.89249066325 5.55488228797 2.91210590061 3.87902337713 5.59172338683
E values
no_rival 0.0623160576991 0.0837808960598 0.119561755147 0.0626793646745 0.0834910299056 0.120354712804
brother 0.0194962018117 0.0262116911413 0.0374060907154 0.0196098660321 0.0261210036163 0.0376541754478
nonkin 0.0352827287086 0.0474359055401 0.0676946701469 0.035488429485 0.0472717862223 0.0681436348424
many_rivals 0.0 0.0 0.0 0.0 0.0 0.0
Observed values
no_rival 212 225 219 196 193 200
brother 38 61 141 53 66 96
nonkin 52 102 100 67 64 153
many_rivals 0 0 0 0 0 0
Q values
no_rival 0.196444623982 0.172570429985 0.143059857609 0.207186247471 0.188958550767 0.1472499831
brother 0.0470919717313 0.0477607368359 0.0691927877406 0.036854974402 0.0561034701015 0.0566878279756
nonkin 0.0747930510126 0.0858773846278 0.086127245662 0.0796750073105 0.0639942090546 0.0932457159511
many_rivals 1 1 1 1 1 1
O' values
no_rival 1079.18453406 1303.81549156 1530.82775043 946.00873558 1021.38801984 1358.2344513
brother 806.931597954 1277.19972599 2037.78463918 1438.06910356 1176.39782139 1693.48524063
nonkin 695.25175529 1187.7399439 1161.07277356 840.916144995 1000.09049171 1640.82605232
many_rivals 0 0 0 0 0 0
