Parameter Female_0 Female_1 Female_2 Female_3 Female_4 Female_5
Size 23.2286008253 28.4153247347 33.8135679811 21.3593703008 25.9215830286 32.7110432715
Profit 3.09470322642 3.81996168738 5.8606660892 2.96422444471 3.38447152393 5.26216615246
E values
no_rival 0.0675362064484 0.0833636385363 0.127898259047 0.0646887470011 0.0738598666289 0.114837098629
brother 0.0211293775494 0.0260811479525 0.0400142493254 0.0202385213868 0.0231077978735 0.0359279346769
nonkin 0.038238324729 0.0471996585029 0.0724147152898 0.0366261216646 0.0418187178866 0.0650196168725
many_rivals 0.0 0.0 0.0 0.0 0.0 0.0
Observed values
no_rival 201 199 164 181 190 267
brother 61 44 87 43 63 108
nonkin 59 114 147 51 107 162
many_rivals 0 0 0 0 0 0
Q values
no_rival 0.187084590888 0.168299647088 0.131800795111 0.205544852721 0.179741185969 0.148970670098
brother 0.0532995198367 0.0540097549063 0.0588818367628 0.0374626501267 0.0495974130812 0.05266463594
nonkin 0.0754557363536 0.0827187130406 0.095313432019 0.0745433796078 0.080386007623 0.0913654124148
many_rivals 1 1 1 1 1 1
O' values
no_rival 1074.38030597 1182.41483832 1244.30205343 880.586390777 1057.07547759 1792.2991138
brother 1144.47560104 814.667648026 1477.53542999 1147.80988143 1270.22753983 2050.71198295
nonkin 781.915369873 1378.16457497 1542.28000069 684.165384885 1331.07742459 1773.09986042
many_rivals 0 0 0 0 0 0
