Parameter Female_0 Female_1 Female_2 Female_3 Female_4 Female_5
Size 22.5191046127 26.6902164714 31.2661607949 20.4915202228 28.816879273 33.9979317512
Profit 3.03973632392 3.49774121707 4.64351033303 2.9175309145 3.91111974588 5.97337128405
E values
no_rival 0.0674518540261 0.0776149984254 0.103039654686 0.0647401117697 0.0867878822586 0.132549315125
brother 0.0211029870506 0.0242826284074 0.0322369863649 0.0202545913683 0.0271524568434 0.0414693787299
nonkin 0.0381905652311 0.0439448359585 0.0583400220864 0.0366552038829 0.049138431056 0.0750480967305
many_rivals 0.0 0.0 0.0 0.0 0.0 0.0
Observed values
no_rival 182 178 250 143 214 213
brother 68 63 117 29 57 93
nonkin 55 73 166 67 80 176
many_rivals 0 0 0 0 0 0
Q values
no_rival 0.201518835137 0.182656984943 0.152727330416 0.206182647797 0.178442025072 0.138318970265
brother 0.0454675728346 0.0499006852866 0.0637906763533 0.0423531890414 0.052212310397 0.0566913723403
nonkin 0.0764896249708 0.0827447694358 0.0876912783358 0.0761468723806 0.080473264925 0.101749062899
many_rivals 1 1 1 1 1 1
O' values
no_rival 903.14138565 974.504205551 1636.90414361 693.559819549 1199.26906183 1539.91892501
brother 1495.57136572 1262.50771183 1834.12383578 684.718215 1091.6965667 1640.46125823
nonkin 719.051767099 882.230991732 1893.00467675 879.8785545 994.118979447 1729.7456604
many_rivals 0 0 0 0 0 0
