Parameter Female_0 Female_1 Female_2 Female_3 Female_4 Female_5
Size 19.2068231347 28.1359541727 34.1966435662 22.6329098547 26.8088716338 31.9709590466
Profit 2.86095519967 3.76046638985 6.09928603675 3.04806878325 3.51672594047 4.92442225564
E values
no_rival 0.0628896653417 0.0826627669016 0.134074821486 0.0670028058248 0.0773048517223 0.108248905014
brother 0.0196756606988 0.0258618732528 0.04194664865 0.0209624978303 0.0241855959098 0.0338667524227
nonkin 0.0356074996198 0.046802831992 0.075911823177 0.0379363186299 0.0437692339967 0.0612894475299
many_rivals 0.0 0.0 0.0 0.0 0.0 0.0
Observed values
no_rival 162 179 184 204 221 262
brother 19 78 103 56 60 100
nonkin 69 124 162 77 114 119
many_rivals 0 0 0 0 0 0
Q values
no_rival 0.198655683211 0.178262596524 0.123261577592 0.194930903331 0.182390758834 0.155888346457
brother 0.0483393778101 0.0490409610154 0.0584401019153 0.044751169685 0.0558295168206 0.0529641742895
nonkin 0.0692678624415 0.081760200942 0.100718497786 0.0771614155336 0.0746067417487 0.0878679566551
many_rivals 1 1 1 1 1 1
O' values
no_rival 815.481326189 1004.13661357 1492.76038482 1046.52467369 1211.68419614 1680.69009617
brother 393.054293637 1590.50716758 1762.48837056 1251.36393963 1074.7003273 1888.06870572
nonkin 996.132947776 1516.63032345 1608.44336999 997.908079673 1528.0120446 1354.30485162
many_rivals 0 0 0 0 0 0
