Parameter Female_0 Female_1 Female_2 Female_3 Female_4 Female_5
Size 22.1984754293 25.5859729582 34.0772134478 24.0311658244 25.1405862285 29.9780297953
Profit 3.01719388031 3.33990463692 6.02304734196 3.16635414567 3.28492485386 4.2167900572
E values
no_rival 0.0696670765857 0.0771184754309 0.139072302642 0.0731111905679 0.0758489909666 0.0973657800971
brother 0.0217960415806 0.0241272862233 0.0435101606045 0.0228735670811 0.0237301153138 0.0304618579612
nonkin 0.0394448020921 0.0436637096042 0.0787413470328 0.0413948249876 0.0429449401954 0.0551275310332
many_rivals 0.0 0.0 0.0 0.0 0.0 0.0
Observed values
no_rival 195 219 206 243 207 201
brother 38 29 103 49 57 70
nonkin 86 127 135 101 57 119
many_rivals 0 0 0 0 0 0
Q values
no_rival 0.193129081797 0.178500436982 0.131041454338 0.184746321807 0.207717899045 0.164033990241
brother 0.0469600354755 0.050449296116 0.0612400272954 0.0512539111562 0.0432851738997 0.0507988204689
nonkin 0.0795739864101 0.0834805325493 0.0952550546148 0.0807742583297 0.0640349099214 0.08389655167
many_rivals 1 1 1 1 1 1
O' values
no_rival 1009.6873976 1226.88775279 1572.02162507 1315.31712038 996.543874897 1225.35579184
brother 809.198707267 574.834581108 1681.90650052 956.024601725 1316.84812292 1377.98475149
nonkin 1080.75520506 1521.31276744 1417.24762582 1250.3983582 890.139457836 1418.41348221
many_rivals 0 0 0 0 0 0
