Parameter Female_0 Female_1 Female_2 Female_3 Female_4 Female_5
Size 22.9771476742 25.2224479495 31.3531494798 19.5164517515 26.2009225298 34.0105000215
Profit 3.07438156784 3.29468910747 4.67620892311 2.87337241868 3.42376314502 5.98119714869
E values
no_rival 0.0701493445228 0.0751761862329 0.106698854247 0.0655628415967 0.0781213181007 0.13647527159
brother 0.0219469239274 0.0235196216248 0.0333818035398 0.0205119906219 0.024441035581 0.0426976534696
nonkin 0.0397178573754 0.0425640048832 0.0604118242862 0.0371210252836 0.0442315090954 0.0772709340215
many_rivals 0.0 0.0 0.0 0.0 0.0 0.0
Observed values
no_rival 206 180 201 160 185 223
brother 31 81 101 59 72 167
nonkin 72 108 137 68 84 144
many_rivals 0 0 0 0 0 0
Q values
no_rival 0.189804318364 0.182546744315 0.151120693995 0.186901794379 0.178643613291 0.137631323353
brother 0.0540348580089 0.0577551561317 0.0595118518283 0.0480695173517 0.0593279012582 0.0594152121603
nonkin 0.0703999992865 0.0727406820044 0.0913353446891 0.0851351956045 0.0792368370117 0.0942706754849
many_rivals 1 1 1 1 1 1
O' values
no_rival 1085.32830958 986.048809994 1330.06271138 856.064547328 1035.58138235 1620.27069542
brother 573.703737592 1402.47218474 1697.14093743 1227.38906589 1213.59425284 2810.72799251
nonkin 1022.72728309 1484.7262498 1499.96696751 798.729591412 1060.11298744 1527.51636985
many_rivals 0 0 0 0 0 0
