Parameter Female_0 Female_1 Female_2 Female_3 Female_4 Female_5
Size 22.0753648061 27.5861787652 30.3930172769 19.6144450543 26.2866985361 31.1536779332
Profit 3.0088917545 3.6520973465 4.34319402422 2.87745471334 3.43624672448 4.6020108573
E values
no_rival 0.0730516029392 0.0886677178906 0.10544656014 0.0698604989295 0.0834271724605 0.111730263931
brother 0.0228549244955 0.0277405822192 0.0329900108053 0.0218565556951 0.026101025176 0.0349559303733
nonkin 0.0413610870681 0.0502027751925 0.0597027878856 0.0395543158889 0.0472356307754 0.0632605581349
many_rivals 0.0 0.0 0.0 0.0 0.0 0.0
Observed values
no_rival 180 244 230 230 232 175
brother 49 131 51 86 44 80
nonkin 103 100 120 84 97 136
many_rivals 0 0 0 0 0 0
Q values
no_rival 0.179618330537 0.166743630663 0.157622074843 0.202263665885 0.17844998455 0.146517363966
brother 0.0450156496308 0.0678694488129 0.0477695257523 0.0414092400295 0.05682651168 0.0622207721304
nonkin 0.0921407545778 0.0740441407956 0.0948692144417 0.0788071746812 0.0776058191601 0.084790521434
many_rivals 1 1 1 1 1 1
O' values
no_rival 1002.1248915 1463.3242603 1459.18647645 1137.12959267 1300.08416972 1194.39768273
brother 1088.51033811 1930.17627653 1067.62625747 2076.83115988 774.286485289 1285.74425004
nonkin 1117.85496518 1350.54575454 1264.89926902 1065.89279897 1249.90627056 1603.95286761
many_rivals 0 0 0 0 0 0
