Parameter Female_0 Female_1 Female_2 Female_3 Female_4 Female_5
Size 22.7295448731 25.1214644251 34.1856548765 24.1101609158 29.3606913555 32.4229445998
Profit 3.05528488336 3.28266554484 6.0921999049 3.1740064641 4.04602729927 5.12509800796
E values
no_rival 0.065628845808 0.0705130811385 0.130863099008 0.0681790369076 0.0869104230524 0.110089330375
brother 0.0205326406995 0.022060722565 0.0409418291558 0.0213304934869 0.0271907949562 0.0344425479012
nonkin 0.037158396208 0.0399238014098 0.0740933780275 0.0386022889067 0.049207812428 0.0623314779652
many_rivals 0.0 0.0 0.0 0.0 0.0 0.0
Observed values
no_rival 187 165 243 148 211 256
brother 38 51 88 49 54 109
nonkin 84 83 146 63 123 118
many_rivals 0 0 0 0 0 0
Q values
no_rival 0.186759224543 0.191893001931 0.141593648699 0.188999965071 0.1698469058 0.158851147916
brother 0.0549608113376 0.0515912947338 0.0534941039015 0.0587063158502 0.051604127997 0.0535838609508
nonkin 0.0757347915624 0.0676137636122 0.0976176369831 0.070664387203 0.089925358729 0.0952427646445
many_rivals 1 1 1 1 1 1
O' values
no_rival 1001.28922926 859.854180923 1716.17867208 783.068927788 1242.29522467 1611.57160876
brother 691.401729253 988.538866163 1645.04110887 834.66317534 1046.42791374 2034.19458893
nonkin 1109.13357345 1227.56071495 1495.63136859 891.538191919 1367.80104899 1238.93925634
many_rivals 0 0 0 0 0 0
