Parameter Female_0 Female_1 Female_2 Female_3 Female_4 Female_5
Size 22.3119262596 26.0763660491 31.9421802476 20.4541464392 28.7029238685 33.6415752274
Profit 3.02501595264 3.40598895476 4.91221102588 2.91568554587 3.88454989969 5.75897535503
E values
no_rival 0.0673515100344 0.0758338147155 0.10936961503 0.0649172855201 0.0864888997759 0.128222691214
brother 0.0210715934294 0.0237253672719 0.0342173777584 0.0203100219478 0.0270589171839 0.0401157511732
nonkin 0.0381337514664 0.0429363475538 0.061923982334 0.0367555178886 0.0489691501641 0.0725984055384
many_rivals 0.0 0.0 0.0 0.0 0.0 0.0
Observed values
no_rival 184 167 175 210 214 232
brother 39 48 64 67 47 102
nonkin 58 97 178 70 80 129
many_rivals 0 0 0 0 0 0
Q values
no_rival 0.202410296612 0.178766358022 0.152868189291 0.196880349917 0.165574566851 0.141409051891
brother 0.043918894042 0.04438852791 0.052599850197 0.0555522361893 0.049074539025 0.0635389854589
nonkin 0.0724005506692 0.0872753867592 0.0948352105329 0.0689689409284 0.0859879812116 0.0848065216548
many_rivals 1 1 1 1 1 1
O' values
no_rival 909.044663634 934.180244244 1144.77708418 1066.63768166 1292.46903114 1640.63047519
brother 888.000502989 1081.36048344 1216.73350324 1206.07206111 957.726775101 1605.31363954
nonkin 801.098879275 1111.42446458 1876.93999939 1014.94961439 930.36257943 1521.10943219
many_rivals 0 0 0 0 0 0
