Parameter Female_0 Female_1 Female_2 Female_3 Female_4 Female_5
Size 20.8291915017 26.8262233887 31.1288230732 22.3193894657 25.6244686885 33.8108926401
Profit 2.93480265648 3.51953773893 4.59295824529 3.02553636722 3.34487553189 5.85905908
E values
no_rival 0.0670992798097 0.0804682546623 0.105010192005 0.0691737520512 0.0764748998531 0.133957437909
brother 0.0209926806812 0.0251752981536 0.0328534886708 0.0216417000667 0.023925937168 0.0419099240241
nonkin 0.0379909412354 0.0455603211072 0.0594557206114 0.0391654866739 0.0432993235478 0.0758453617696
many_rivals 0.0 0.0 0.0 0.0 0.0 0.0
Observed values
no_rival 177 196 250 193 247 209
brother 57 74 68 58 51 111
nonkin 83 81 110 67 84 153
many_rivals 0 0 0 0 0 0
Q values
no_rival 0.19894617636 0.182967340147 0.145936081019 0.19271988065 0.185757981456 0.126013966177
brother 0.0435562209192 0.0541350441704 0.0610905897551 0.0518936593406 0.0569005569248 0.0570083133685
nonkin 0.0700614820631 0.0769499695305 0.0821651072794 0.0721462619301 0.0685931663513 0.103116326425
many_rivals 1 1 1 1 1 1
O' values
no_rival 889.687870551 1071.22943276 1713.07875513 1001.45350521 1329.68714487 1658.54632102
brother 1308.65347813 1366.95187256 1113.10105652 1117.67026525 896.300541793 1947.08444157
nonkin 1184.67376875 1052.63199575 1338.76780111 928.669042686 1224.61178669 1483.76115892
many_rivals 0 0 0 0 0 0
