Parameter Female_0 Female_1 Female_2 Female_3 Female_4 Female_5
Size 21.7293337355 25.3597352288 31.4828466535 19.1033627838 27.7032896393 30.7426382569
Profit 2.98655636328 3.31140423829 4.72596155442 2.85696401991 3.67425562086 4.45758476836
E values
no_rival 0.0722035481736 0.080057131478 0.114255735119 0.0690704993141 0.0888294947267 0.107767407479
brother 0.0225896020816 0.0250466741542 0.0357460492893 0.0216093964154 0.0277911957202 0.0337161111038
nonkin 0.0408809269404 0.0453275472715 0.064690454667 0.0391070260066 0.0502943716193 0.0610168284404
many_rivals 0.0 0.0 0.0 0.0 0.0 0.0
Observed values
no_rival 250 186 268 207 221 221
brother 64 85 101 52 53 59
nonkin 100 88 125 59 81 118
many_rivals 0 0 0 0 0 0
Q values
no_rival 0.190377287512 0.174221476157 0.160277037694 0.19955931745 0.171933203919 0.160051187043
brother 0.0512220532735 0.0593620265673 0.0594161455092 0.0538528433842 0.0462551188666 0.0527355958985
nonkin 0.076647434533 0.077976392792 0.0765964381967 0.0685866185906 0.0905471879409 0.0859754412541
many_rivals 1 1 1 1 1 1
O' values
no_rival 1313.18185729 1067.60661259 1672.10477468 1037.28556825 1285.38289849 1380.80825318
brother 1249.46182181 1431.89181561 1699.87465754 965.5943258 1145.81912875 1118.78891278
nonkin 1304.67510895 1128.54669021 1631.92966857 860.226108422 894.561187841 1372.48495941
many_rivals 0 0 0 0 0 0
