Parameter Female_0 Female_1 Female_2 Female_3 Female_4 Female_5
Size 22.3417105487 28.6910137268 31.6757175029 21.0668648254 29.35932234 30.7089746264
Profit 3.0270971807 3.88180552455 4.80221949854 2.94763149389 4.04567013239 4.44624175069
E values
no_rival 0.069586428273 0.0892343276673 0.110392657631 0.0677596837102 0.0930012211958 0.102209497812
brother 0.0217708099495 0.027917851754 0.0345374468666 0.0211992946456 0.0290963620633 0.0319772634856
nonkin 0.0393991398239 0.050523583982 0.0625032188243 0.0383648553199 0.0526563614288 0.0578699955664
many_rivals 0.0 0.0 0.0 0.0 0.0 0.0
Observed values
no_rival 264 217 224 186 151 181
brother 50 53 95 40 68 43
nonkin 73 120 144 82 98 80
many_rivals 0 0 0 0 0 0
Q values
no_rival 0.190958199121 0.165838093713 0.157893743961 0.18416152354 0.176778033646 0.173293208821
brother 0.0520014520713 0.0551977026361 0.0554740948316 0.053498189347 0.0580857280224 0.0451080031787
nonkin 0.0788363141382 0.0909494311418 0.0938267601458 0.0823605549066 0.080003914519 0.0934600235258
many_rivals 1 1 1 1 1 1
O' values
no_rival 1382.50151717 1308.50515187 1418.67558765 1009.9829564 854.178524818 1044.47255165
brother 961.511611858 960.184889387 1712.51104301 747.688856169 1170.68344179 953.267645869
nonkin 925.969216065 1319.41451962 1534.74339065 995.622238011 1224.94006186 855.980952946
many_rivals 0 0 0 0 0 0
