Parameter Female_0 Female_1 Female_2 Female_3 Female_4 Female_5
Size 23.0552776377 28.3909792274 33.723505907 23.476698087 28.2051042245 31.6890031372
Profit 3.08059360058 3.8146522995 5.80700839993 3.11571397449 3.77490407474 4.80757453495
E values
no_rival 0.0671890177494 0.0831991409093 0.126653249679 0.0679550075981 0.0823322157237 0.104855184631
brother 0.0210207560931 0.0260296832249 0.0396247356946 0.0212604036771 0.0257584570113 0.0328049930635
nonkin 0.0380417499596 0.0471065215914 0.0717098034358 0.038475445752 0.0466156772206 0.059367956986
many_rivals 0.0 0.0 0.0 0.0 0.0 0.0
Observed values
no_rival 246 195 195 174 221 162
brother 62 25 105 50 90 92
nonkin 42 81 149 43 100 112
many_rivals 0 0 0 0 0 0
Q values
no_rival 0.191061760011 0.188099842967 0.131713307787 0.201476247625 0.178898324529 0.157389783601
brother 0.0551134470937 0.039812794907 0.0488062251547 0.0522765320432 0.0619177413958 0.0550990142508
nonkin 0.0726258358375 0.079701336256 0.108017997477 0.066263556045 0.0711901808208 0.0933324235934
many_rivals 1 1 1 1 1 1
O' values
no_rival 1287.54178746 1036.68348109 1480.48821548 863.625375454 1235.33856777 1029.29171318
brother 1124.95231689 627.938833695 2151.36490616 956.452121932 1453.54139171 1669.72134168
nonkin 578.30659731 1016.29412761 1379.39976189 648.923821276 1404.68810231 1200.01169677
many_rivals 0 0 0 0 0 0
