Parameter Female_0 Female_1 Female_2 Female_3 Female_4 Female_5
Size 20.6586075456 26.6162100125 29.7391294512 19.6954141897 25.9461895057 29.7117598251
Profit 2.92594084842 3.48611213203 4.14835582798 2.88088479593 3.38785066994 4.14070938352
E values
no_rival 0.0742560435738 0.0884723607858 0.105279124589 0.0731125877181 0.0859786304649 0.105085069158
brother 0.0232317457925 0.0276794627955 0.032937626919 0.0228740041935 0.0268992743272 0.0328769147368
nonkin 0.042043029311 0.0500921659533 0.0596079875513 0.0413956160401 0.0486802407829 0.0594981153067
many_rivals 0.0 0.0 0.0 0.0 0.0 0.0
Observed values
no_rival 218 238 205 178 188 215
brother 75 42 82 34 71 74
nonkin 103 152 101 56 93 99
many_rivals 0 0 0 0 0 0
Q values
no_rival 0.196754081861 0.181439287755 0.153175490143 0.180291148433 0.182415775461 0.147664929712
brother 0.0495478443945 0.0478545735676 0.0464142811503 0.0536628308135 0.0494740038941 0.0652145820663
nonkin 0.0804428926842 0.0839956940639 0.101279023325 0.0800214912679 0.0856490536041 0.0863696452668
many_rivals 1 1 1 1 1 1
O' values
no_rival 1107.98209591 1311.73354429 1338.33421919 987.29195275 1030.61261848 1455.99906775
brother 1513.68845439 877.65905887 1766.69761909 633.585658539 1435.09710983 1134.71554452
nonkin 1280.41143926 1809.61657254 997.245003796 699.81200191 1085.82635869 1146.23603807
many_rivals 0 0 0 0 0 0
