Parameter Female_0 Female_1 Female_2 Female_3 Female_4 Female_5
Size 23.5839931225 29.333702884 34.3931572706 21.399856428 26.6463059407 34.1052402915
Profit 3.1251073678 4.0390030562 6.2285032837 2.96659356204 3.49082184848 6.04078554083
E values
no_rival 0.0642363551403 0.0830214146895 0.128026432963 0.060978115367 0.071753589749 0.124167908382
brother 0.0200969860692 0.0259740797997 0.0400543498167 0.0190776131737 0.0224488280889 0.0388471718163
nonkin 0.0363699819169 0.047005894783 0.0724872860791 0.0345251991397 0.04062616498 0.0703026280466
many_rivals 0.0 0.0 0.0 0.0 0.0 0.0
Observed values
no_rival 151 214 275 203 189 218
brother 30 53 129 31 50 108
nonkin 57 96 201 77 53 152
many_rivals 0 0 0 0 0 0
Q values
no_rival 0.208154907082 0.179559834707 0.148321152703 0.205235456945 0.179663252108 0.133997839229
brother 0.0422291713511 0.041386534762 0.0575399106608 0.0352671881495 0.0593901517921 0.0654613415388
nonkin 0.0668857045111 0.0822059990323 0.0901563180946 0.0769693531973 0.0743307159877 0.0917476575789
many_rivals 1 1 1 1 1 1
O' values
no_rival 725.42128416 1191.80328022 1854.08483543 989.107842388 1051.96804456 1626.89190553
brother 710.409393321 1280.60975157 2241.92214619 879.004015533 841.89042276 1649.82869983
nonkin 852.200039107 1167.7979847 2229.4610544 1000.3981689 713.029590738 1656.71804612
many_rivals 0 0 0 0 0 0
