Parameter Female_0 Female_1 Female_2 Female_3 Female_4 Female_5
Size 21.2961685971 29.3134217926 34.5345138462 20.5336608574 25.3894379728 30.9377369457
Profit 2.960561813 4.03374785027 6.32443765734 2.91962720525 3.31507754121 4.52475085622
E values
no_rival 0.0654352440264 0.0891551305447 0.139784658311 0.0645304947876 0.0732708592414 0.100007429379
brother 0.0204720704461 0.0278930741422 0.0437330281992 0.0201890105992 0.0229235210223 0.0312883243555
nonkin 0.0370487808153 0.0504787433631 0.0791446756891 0.0365365208438 0.0414852277939 0.0566232064401
many_rivals 0.0 0.0 0.0 0.0 0.0 0.0
Observed values
no_rival 154 224 259 222 231 143
brother 39 52 122 41 69 51
nonkin 63 87 171 73 58 130
many_rivals 0 0 0 0 0 0
Q values
no_rival 0.185700275049 0.173541341308 0.134924743112 0.196284566064 0.186854873323 0.15394100708
brother 0.0561910357996 0.0490860461962 0.056905069156 0.0380075136547 0.0571610994745 0.0542235750214
nonkin 0.0692407850051 0.077790047801 0.0921293577435 0.0767659965692 0.0650832942958 0.088058696324
many_rivals 1 1 1 1 1 1
O' values
no_rival 829.293332815 1290.75872245 1919.58860937 1131.01098294 1236.25354743 928.927273588
brother 694.060884357 1059.36419878 2143.92147852 1078.73407275 1207.11463975 940.550304547
nonkin 909.868367255 1118.39499344 1856.08587955 950.941865703 891.165707383 1476.28803772
many_rivals 0 0 0 0 0 0
