Parameter Female_0 Female_1 Female_2 Female_3 Female_4 Female_5
Size 24.7866543987 28.2449523102 32.5388007505 23.3052606294 25.0430164716 34.2850393056
Profit 3.24439007973 3.78330919316 5.1793311127 3.10109143246 3.2734808747 6.15682232816
E values
no_rival 0.0697947380525 0.0813882016708 0.111420035635 0.066712034893 0.0704205519543 0.132448254085
brother 0.0218359817471 0.0254631127747 0.0348588723488 0.0208715272366 0.0220317738844 0.0414377607729
nonkin 0.0395170827379 0.046081185904 0.0630849099763 0.037771687036 0.039871412311 0.0749908769801
many_rivals 0.0 0.0 0.0 0.0 0.0 0.0
Observed values
no_rival 185 201 238 256 158 244
brother 77 44 52 50 22 101
nonkin 59 115 81 91 67 216
many_rivals 0 0 0 0 0 0
Q values
no_rival 0.193346575851 0.169807882053 0.149532738703 0.204182825987 0.194851169844 0.128985742837
brother 0.0554600755887 0.0541391040074 0.0455341436355 0.0381910418041 0.0504839699779 0.0553087187337
nonkin 0.0666728994477 0.0873401869136 0.0992387919168 0.0758835881623 0.0685666117547 0.107441454157
many_rivals 1 1 1 1 1 1
O' values
no_rival 956.831012835 1183.69063656 1591.62469747 1253.77831736 810.87529588 1891.68193812
brother 1388.38613512 812.721244777 1142.000175 1309.20754287 435.781892938 1826.11353711
nonkin 884.917267567 1316.69056438 816.213079941 1199.20528541 977.151973613 2010.39721301
many_rivals 0 0 0 0 0 0
