Parameter Female_0 Female_1 Female_2 Female_3 Female_4 Female_5
Size 20.1482183907 27.8907290598 33.6761720396 20.6267729617 28.4710047812 32.779466124
Profit 2.90105600985 3.71074785205 5.77916835768 2.92431817021 3.83219606103 5.29582101058
E values
no_rival 0.0631622811698 0.0807910286409 0.125825029057 0.063668748852 0.0834352195483 0.115301509022
brother 0.0197609512868 0.0252762812206 0.0393656185907 0.0199194047658 0.0261035427879 0.0360732301128
nonkin 0.0357618519755 0.0457430725062 0.0712408732017 0.0360486089125 0.0472401869561 0.0652825613934
many_rivals 0.0 0.0 0.0 0.0 0.0 0.0
Observed values
no_rival 174 197 210 170 223 230
brother 45 46 93 36 83 80
nonkin 57 90 144 98 82 126
many_rivals 0 0 0 0 0 0
Q values
no_rival 0.198837885856 0.169350223537 0.140745403445 0.196566466503 0.164325070756 0.148116286422
brother 0.0469381211622 0.0462213713605 0.0634693681959 0.0417632580548 0.0564480595596 0.0614672819227
nonkin 0.0710138820756 0.0880790781322 0.0824722830381 0.0791701039186 0.0831948881159 0.085448116537
many_rivals 1 1 1 1 1 1
O' values
no_rival 875.084741777 1163.26979608 1492.05583174 864.847412808 1357.06620405 1552.8339628
brother 958.709017016 995.210627594 1465.27376345 862.001713391 1470.37826716 1301.50541064
nonkin 802.659963573 1021.80905964 1746.04115098 1237.84099236 985.637481546 1474.57902066
many_rivals 0 0 0 0 0 0
