Parameter Female_0 Female_1 Female_2 Female_3 Female_4 Female_5
Size 20.6091754548 28.3364364046 34.0805963812 24.0106210714 25.9817745336 33.3827070382
Profit 2.92342533083 3.80284485064 6.02518346332 3.16438244262 3.39276510334 5.61196463882
E values
no_rival 0.0624303500909 0.0812105350742 0.128669033893 0.067576038844 0.0724531976048 0.119844660783
brother 0.0195319593294 0.0254075280033 0.0402553939438 0.0211418395127 0.0226677074026 0.0374946005726
nonkin 0.0353474399179 0.0459805928536 0.0728511202999 0.0382608774331 0.0410222759519 0.0678548484889
many_rivals 0.0 0.0 0.0 0.0 0.0 0.0
Observed values
no_rival 185 193 215 190 174 206
brother 50 49 99 40 43 65
nonkin 75 79 192 74 58 108
many_rivals 0 0 0 0 0 0
Q values
no_rival 0.189036405641 0.181341141123 0.130295873584 0.196024834178 0.174396626944 0.143118564915
brother 0.048512585516 0.0473868384124 0.0597512052682 0.0535827482105 0.056479188673 0.0555458769169
nonkin 0.0778974098521 0.0825061679202 0.0983661891239 0.0647933093835 0.0772497084667 0.0944941203652
many_rivals 1 1 1 1 1 1
O' values
no_rival 978.647469373 1064.29240935 1650.09062901 969.264944397 997.725718949 1439.3660258
brother 1030.66038365 1034.04239746 1656.87034355 746.508929383 761.342381332 1170.20386765
nonkin 962.804798547 957.504172008 1951.89019428 1142.09323006 750.811894973 1142.92825398
many_rivals 0 0 0 0 0 0
