Parameter Female_0 Female_1 Female_2 Female_3 Female_4 Female_5
Size 22.5800534648 26.9604696472 34.2085300713 19.8914016472 26.7035102285 32.1648290053
Profit 3.04417671008 3.5416035692 6.10696757032 2.88940594995 3.4998472789 5.00842172246
E values
no_rival 0.0672491965965 0.0782379005475 0.134909600151 0.0638301410467 0.0773154583758 0.110641519573
brother 0.0210395836472 0.0244775095653 0.0422078175032 0.0199698979279 0.0241889143075 0.0346153058136
nonkin 0.038075822621 0.044297516911 0.0763844665094 0.0361399875592 0.0437752393778 0.062644121967
many_rivals 0.0 0.0 0.0 0.0 0.0 0.0
Observed values
no_rival 186 196 250 209 237 211
brother 60 56 128 64 44 66
nonkin 53 75 169 62 78 106
many_rivals 0 0 0 0 0 0
Q values
no_rival 0.207784537399 0.178347119927 0.133747284592 0.210425394227 0.177836910663 0.15318029653
brother 0.0455995659629 0.0582619559904 0.0633840838808 0.0456631244283 0.0502235374413 0.0548440319952
nonkin 0.0686432968956 0.0766963950805 0.0956210641002 0.0690895180783 0.0816155555367 0.0857718241303
many_rivals 1 1 1 1 1 1
O' values
no_rival 895.158043658 1098.98046058 1869.19682716 993.226130183 1332.6817201 1377.46175442
brother 1315.80199796 961.176106227 2019.43440944 1401.56856985 876.08325183 1203.41261572
nonkin 772.107436515 977.881684286 1767.39300687 897.386488204 955.700166311 1235.83707208
many_rivals 0 0 0 0 0 0
