Parameter Female_0 Female_1 Female_2 Female_3 Female_4 Female_5
Size 24.8087244942 28.9505388765 33.3625616221 21.9813795804 27.4406192955 30.9144721363
Profit 3.24683990495 3.94301519976 5.60082026275 3.00268135879 3.62522533606 4.51661205405
E values
no_rival 0.072191420011 0.0876704348625 0.124530675928 0.0667627100434 0.0806045793853 0.10042399606
brother 0.0225858076646 0.0274285722511 0.0389606672709 0.0208873814642 0.0252179487065 0.0314186514072
nonkin 0.040874060096 0.0496381235148 0.0705080234038 0.0378003787995 0.0456375068022 0.056859062329
many_rivals 0.0 0.0 0.0 0.0 0.0 0.0
Observed values
no_rival 71 63 46 90 92 96
brother 71 178 132 225 180 176
nonkin 598 517 662 681 724 782
many_rivals 0 0 0 0 0 0
Q values
no_rival 0.00308701618479 0.00212153015721 0.00227643809567 0.00476063660881 0.00347621217516 0.00451291262632
brother 0.00217294727516 0.00316513681389 0.00333135237542 0.00390920308529 0.00420026590263 0.00347316689492
nonkin 0.0187689740567 0.0190139381217 0.0231142878214 0.0208998424772 0.0211360705957 0.0231959003429
many_rivals 1 1 1 1 1 1
O' values
no_rival 22999.5554768 29695.5477093 20207.0067653 18905.0346404 26465.588222 21272.293073
brother 32674.5157656 56237.6953876 39623.5477742 57556.4878802 42854.4297367 50674.2132828
nonkin 31861.0915116 27190.5797048 28640.2940517 32583.977642 34254.2383515 33712.8539285
many_rivals 0 0 0 0 0 0
