Parameter Female_0 Female_1 Female_2 Female_3 Female_4 Female_5
Size 20.0639444735 29.4967833741 31.3422182573 20.0588855358 29.2433762387 33.8997479929
Profit 2.89717112109 4.08199380732 4.67207060564 2.89693985777 4.01575052652 5.91286537327
E values
no_rival 0.0629914095069 0.0887522803365 0.10158195718 0.0629863812909 0.0873119934313 0.128559794545
brother 0.0197074923783 0.0277670384261 0.0317809311233 0.0197059192507 0.0273164302649 0.0402212173212
nonkin 0.0356651061487 0.0502506536037 0.0575146883357 0.0356622592231 0.0494351775609 0.0727892700732
many_rivals 0.0 0.0 0.0 0.0 0.0 0.0
Observed values
no_rival 215 203 250 228 150 284
brother 61 67 101 94 56 154
nonkin 117 137 165 96 104 262
many_rivals 0 0 0 0 0 0
Q values
no_rival 0.148270076795 0.128058378907 0.118880588819 0.150490792822 0.110569579506 0.102003204234
brother 0.0644011127642 0.0470233105621 0.0557377852229 0.0517479020954 0.0522609181649 0.0500069149893
nonkin 0.0671834210229 0.0846506360817 0.0852026145146 0.0731383909804 0.0886487402828 0.093970046547
many_rivals 1 1 1 1 1 1
O' values
no_rival 1450.05657681 1585.21450711 2102.95055301 1515.04285228 1356.61183365 2784.22626164
brother 947.188602523 1424.82524516 1812.05621278 1816.49876022 1071.54642449 3079.57409556
nonkin 1741.50107599 1618.41666338 1936.56029149 1312.58014721 1173.16951903 2788.12248825
many_rivals 0 0 0 0 0 0
