Parameter Female_0 Female_1 Female_2 Female_3 Female_4 Female_5
Size 22.2442127607 26.9922255605 32.4567091364 23.5859934337 26.726716903 29.9201542091
Profit 3.02032733899 3.54690488655 5.14078210076 3.12528428846 3.5035363848 4.19992915385
E values
no_rival 0.0713220992493 0.0837567170554 0.121394580805 0.0738005557632 0.0827326119705 0.099177251447
brother 0.0223138319711 0.026204126498 0.0379795085506 0.0230892418761 0.0258837249811 0.0310285948877
nonkin 0.040381859374 0.0474222156296 0.0687323977058 0.0417851366676 0.0468423775716 0.0561531679968
many_rivals 0.0 0.0 0.0 0.0 0.0 0.0
Observed values
no_rival 79 87 59 112 50 102
brother 107 235 191 148 116 245
nonkin 476 777 566 612 573 779
many_rivals 0 0 0 0 0 0
Q values
no_rival 0.00367202530936 0.0051105368455 0.00349865285284 0.00453738917583 0.00324275051102 0.00391626863957
brother 0.00274829445521 0.00355544018412 0.00359608971137 0.00405145112578 0.00301597473292 0.00401657373627
nonkin 0.0202459371187 0.0202049632534 0.0222477446116 0.0206398451193 0.0211957315038 0.0235600901455
many_rivals 1 1 1 1 1 1
O' values
no_rival 21514.0129341 17023.6518452 16863.6336561 24683.7984708 15419.0092115 26045.2000073
brother 38933.2372291 66095.8946939 53113.2467012 36530.1210369 38461.8606826 60997.2618672
nonkin 23510.8899731 38455.8977048 25440.7810716 29651.385292 27033.7449735 33064.3896178
many_rivals 0 0 0 0 0 0
