Parameter Female_0 Female_1 Female_2 Female_3 Female_4 Female_5
Size 21.4603428579 25.4426679291 32.512078776 23.5601133973 28.9942417334 30.1936696313
Profit 2.97016667289 3.32171177381 5.16671773901 3.1230003992 3.95361853021 4.28124655363
E values
no_rival 0.0692778160761 0.0774774491359 0.120511392343 0.0728425947394 0.0922163930634 0.0998581709324
brother 0.0216742575376 0.0242395947367 0.0377031942084 0.0227895341902 0.0288508207338 0.0312416273579
nonkin 0.0392244066841 0.0438669569263 0.0682323452307 0.0412427487155 0.0522119995886 0.0565386978002
many_rivals 0.0 0.0 0.0 0.0 0.0 0.0
Observed values
no_rival 222 156 261 245 182 208
brother 32 89 167 70 82 103
nonkin 107 65 241 110 137 184
many_rivals 0 0 0 0 0 0
Q values
no_rival 0.152388374726 0.13866971398 0.0978908451577 0.143684048555 0.117250254987 0.126561357173
brother 0.0425779540873 0.0630344929406 0.0617603692822 0.0547539304064 0.0534747875899 0.056403909758
nonkin 0.0823298814895 0.075101097008 0.0959172169048 0.0812866042887 0.0903608521959 0.080905770344
many_rivals 1 1 1 1 1 1
O' values
no_rival 1456.80404033 1124.97527775 2666.23502514 1705.13012728 1552.23543028 1643.47163025
brother 751.562649872 1411.92537368 2703.99937599 1278.44703532 1533.43292598 1826.11454493
nonkin 1299.64962981 865.500007185 2512.58332734 1353.23650142 1516.14329293 2274.25064019
many_rivals 0 0 0 0 0 0
