Parameter Female_0 Female_1 Female_2 Female_3 Female_4 Female_5
Size 24.4194209821 28.1388091759 31.7613525044 21.1414695901 28.271468622 32.094658711
Profit 3.20507818345 3.7610587859 4.83697141016 2.95177762077 3.788937117 4.97766571971
E values
no_rival 0.072516274416 0.0850955750227 0.109438561572 0.0667852400818 0.0857263342717 0.112621830926
brother 0.0226874416138 0.0266230016016 0.0342389483734 0.020894430212 0.0268203409402 0.0352348660236
nonkin 0.0410579894116 0.0481802636221 0.0619630191763 0.0378131350819 0.0485373932013 0.0637653544521
many_rivals 0.0 0.0 0.0 0.0 0.0 0.0
Observed values
no_rival 153 208 247 229 161 236
brother 44 88 182 33 81 128
nonkin 118 125 187 77 115 247
many_rivals 0 0 0 0 0 0
Q values
no_rival 0.15114379817 0.131744907015 0.10961070442 0.15596300759 0.12577630305 0.110254115262
brother 0.0511099800711 0.0560362552537 0.0638088445692 0.0517983777765 0.0561087567982 0.0540054781528
nonkin 0.0810481561579 0.0838897725425 0.0900091680425 0.0717848572402 0.0869027956751 0.098416743225
many_rivals 1 1 1 1 1 1
O' values
no_rival 1012.28103206 1578.80865919 2253.42954693 1468.29689642 1280.05034411 2140.50967113
brother 860.888615859 1570.41186285 2852.26916784 637.08558871 1443.62492812 2370.12992715
nonkin 1455.92454651 1490.05052954 2077.56614206 1072.64962222 1323.31761144 2509.73555826
many_rivals 0 0 0 0 0 0
