Parameter Female_0 Female_1 Female_2 Female_3 Female_4 Female_5
Size 21.4117662844 26.2215535349 32.0441107771 21.026837966 26.3341717164 31.4881069109
Profit 2.96729391512 3.4267474253 4.95575944919 2.94543078531 3.44324253641 4.7280050377
E values
no_rival 0.0702889753809 0.0811724663292 0.117391557386 0.0697710836464 0.0815632009485 0.111996532599
brother 0.0219906088377 0.0253956178157 0.0367271226438 0.0218285812296 0.0255178630488 0.035039235189
nonkin 0.0397969149709 0.0459590387109 0.0664659258764 0.0395036898498 0.0461802687451 0.0634113167923
many_rivals 0.0 0.0 0.0 0.0 0.0 0.0
Observed values
no_rival 121 67 94 81 132 56
brother 250 195 207 120 192 143
nonkin 504 541 983 539 671 554
many_rivals 0 0 0 0 0 0
Q values
no_rival 0.00489522782611 0.00391094504079 0.0038403211408 0.00326264558024 0.00403823923397 0.00277756595358
brother 0.00413090656361 0.00385586458218 0.0047534597067 0.00315263085631 0.00483440546805 0.00323573217604
nonkin 0.0185927007024 0.0191119589398 0.0256657617425 0.0201883029834 0.0202706240577 0.0215242531814
many_rivals 1 1 1 1 1 1
O' values
no_rival 24717.9506855 17131.4092377 24477.119635 24826.4783924 32687.5136296 20161.5374525
brother 60519.4032231 50572.3154546 43547.2293387 38063.4477899 39715.3282382 44194.0161361
nonkin 27107.4121005 28306.8837529 38300.0516354 26698.6284307 33102.0889189 25738.4075225
many_rivals 0 0 0 0 0 0
