Parameter Female_0 Female_1 Female_2 Female_3 Female_4 Female_5
Size 19.2049494239 26.505595879 30.8604767696 23.7253212568 26.3442863084 29.9907637492
Profit 2.86088222788 3.46902844366 4.49785880413 3.13777190399 3.44474111357 4.22052443827
E values
no_rival 0.070386427414 0.0853486789379 0.110661043349 0.077198757855 0.0847511365505 0.103837772184
brother 0.0220210976807 0.0267021876925 0.0346214140221 0.0241524033825 0.0265152405812 0.0324866854055
nonkin 0.0398520913375 0.0483235685279 0.0626551761336 0.0437091647099 0.0479852460035 0.0587919082328
many_rivals 0.0 0.0 0.0 0.0 0.0 0.0
Observed values
no_rival 251 256 192 238 218 243
brother 91 66 97 100 100 101
nonkin 115 167 135 109 145 143
many_rivals 0 0 0 0 0 0
Q values
no_rival 0.14510841429 0.127680600396 0.102116870373 0.137849512826 0.13207151845 0.121479930586
brother 0.0540527324919 0.0515525458888 0.0531216590389 0.0630044681219 0.0594227602438 0.0525705675052
nonkin 0.0794166431894 0.0903198586497 0.0911375809361 0.0744068604852 0.0833638120733 0.0836802957605
many_rivals 1 1 1 1 1 1
O' values
no_rival 1729.74118164 2005.0031031 1880.19863219 1726.52042884 1650.62083452 2000.33041529
brother 1683.54116073 1280.24715098 1825.99718749 1587.18901978 1682.85686477 1921.22711991
nonkin 1448.05918988 1848.98429312 1481.27697283 1464.91868208 1739.36383658 1708.88497346
many_rivals 0 0 0 0 0 0
