Parameter Female_0 Female_1 Female_2 Female_3 Female_4 Female_5
Size 21.5787943027 26.963884566 31.5241206008 24.1592241892 25.36379522 34.3546963117
Profit 2.97728230592 3.54217214217 4.74204969933 3.17881658083 3.31190512756 6.20283760494
E values
no_rival 0.0661430708516 0.078692619273 0.105349005239 0.0706203405406 0.0735770252859 0.1378017551
brother 0.0206935211466 0.0246197728658 0.032959489779 0.0220942797415 0.0230193081309 0.0431126571006
nonkin 0.0374495452855 0.0445549741062 0.0596475532762 0.0399845306107 0.0416585759466 0.0780219757201
many_rivals 0.0 0.0 0.0 0.0 0.0 0.0
Observed values
no_rival 250 219 222 202 208 209
brother 63 45 145 108 70 142
nonkin 122 118 132 121 103 214
many_rivals 0 0 0 0 0 0
Q values
no_rival 0.150855407055 0.14957584105 0.110438653238 0.141963783928 0.139631642766 0.0872713883599
brother 0.044282438832 0.0463154380705 0.0639563804577 0.0557116963299 0.0465977678589 0.0569809713605
nonkin 0.0791403629759 0.0772386129391 0.0794348296012 0.0728974625478 0.0789315256424 0.091172803446
many_rivals 1 1 1 1 1 1
O' values
no_rival 1657.21603806 1464.14018776 2010.16576615 1422.89811113 1489.63369534 2394.82840743
brother 1422.68586965 971.598280718 2267.17020198 1938.55163484 1502.21787902 2492.06000898
nonkin 1541.56482751 1527.73328663 1661.73957523 1659.86573155 1304.92853346 2347.19117885
many_rivals 0 0 0 0 0 0
