Parameter Female_0 Female_1 Female_2 Female_3 Female_4 Female_5
Size 23.7198319791 27.9391270814 31.1586842485 21.3686451855 28.439792309 33.4672840572
Profit 3.13727372172 3.7203803438 4.60383935733 2.96476559562 3.82532214607 5.65921396511
E values
no_rival 0.0698264651141 0.082804699663 0.102467893079 0.0659869427398 0.0851403948382 0.125957420856
brother 0.0218459078756 0.0259062783366 0.0320581050286 0.0206446749056 0.0266370239291 0.0394070386891
nonkin 0.039535046283 0.0468831929022 0.0580162963822 0.0373611471098 0.0482056401535 0.0713158321147
many_rivals 0.0 0.0 0.0 0.0 0.0 0.0
Observed values
no_rival 110 105 53 74 112 46
brother 269 146 73 87 142 148
nonkin 718 759 533 651 651 707
many_rivals 0 0 0 0 0 0
Q values
no_rival 0.00397801607015 0.00396537035079 0.00271295325992 0.00371952842181 0.00513371832511 0.0035410685411
brother 0.00361957251055 0.00395935177413 0.0025757377988 0.00320722974047 0.00358790860177 0.00411068744164
nonkin 0.0213558981123 0.0222171611796 0.0205989826957 0.0204571309616 0.0212230784654 0.0252558272501
many_rivals 1 1 1 1 1 1
O' values
no_rival 27651.9747684 26479.241713 19535.9060486 19894.9951736 21816.5456122 12990.4291504
brother 74318.1685726 36874.7230175 28341.394079 27126.2139105 39577.37383 36003.7103529
nonkin 33620.6885902 34162.7804679 25875.0642143 31822.6442028 30674.1550743 27993.5395898
many_rivals 0 0 0 0 0 0
