Parameter Female_0 Female_1 Female_2 Female_3 Female_4 Female_5
Size 24.5492529099 29.0297977963 30.6875651177 20.5336749756 28.6843528787 34.2191844973
Profit 3.21866858864 3.96230952468 4.43906490009 2.91962791034 3.88027337674 6.11386743561
E values
no_rival 0.0698188830704 0.0859498322906 0.0962915393948 0.0633321368969 0.0841703163004 0.132621108337
brother 0.0218435357574 0.0268902645304 0.0301257710151 0.0198140923496 0.0263335251578 0.0414918399543
nonkin 0.0395307534056 0.0486639355446 0.0545193066899 0.0358580225896 0.0476563913861 0.0750887453294
many_rivals 0.0 0.0 0.0 0.0 0.0 0.0
Observed values
no_rival 106 86 80 117 101 61
brother 131 113 149 108 98 153
nonkin 836 402 491 561 995 760
many_rivals 0 0 0 0 0 0
Q values
no_rival 0.00478057313884 0.00438862959816 0.00417379388385 0.00400358219688 0.00456540576164 0.00271513383566
brother 0.00325989385361 0.00396992538548 0.00321867643042 0.00428764932455 0.0024329586831 0.00462479205505
nonkin 0.0224061250937 0.0187446795274 0.0198996983315 0.0198504175706 0.0269770517639 0.0251530896127
many_rivals 1 1 1 1 1 1
O' values
no_rival 22173.0735879 19596.0944246 19167.213865 29223.8286231 22122.8966872 22466.664147
brother 40185.3575248 28464.0110399 46292.3202195 25188.6271066 40280.1743741 33082.5685087
nonkin 37311.226127 21446.0855099 24673.7408689 28261.3702209 36883.2001624 30214.9760409
many_rivals 0 0 0 0 0 0
