Parameter Female_0 Female_1 Female_2 Female_3 Female_4 Female_5
Size 24.0561189315 27.7121181393 33.6698793621 20.720452386 27.9018414916 33.4630513549
Profit 3.16875915024 3.6759458259 5.77548578957 2.92912100693 3.71295180436 5.65683151212
E values
no_rival 0.067673498233 0.0785052134159 0.123343968047 0.0625556742839 0.0792955303504 0.12080993196
brother 0.0211723306572 0.0245611410693 0.0385893938431 0.0195711682565 0.0248083996254 0.0377965953131
nonkin 0.0383160579646 0.0444488667839 0.0698361212683 0.0354183972228 0.0448963363291 0.0684013753766
many_rivals 0.0 0.0 0.0 0.0 0.0 0.0
Observed values
no_rival 118 88 105 64 69 49
brother 173 58 120 118 89 170
nonkin 929 673 921 432 587 610
many_rivals 0 0 0 0 0 0
Q values
no_rival 0.0055673242659 0.00372389036786 0.00452742605968 0.00366854687929 0.00274000461932 0.00286047890433
brother 0.00383663386133 0.00296264228722 0.00436438120187 0.00481053469042 0.00382914614062 0.0037702362408
nonkin 0.0224141919237 0.0221791545586 0.0281322855621 0.0190226525756 0.0215565021546 0.0239654099035
many_rivals 1 1 1 1 1 1
O' values
no_rival 21195.1009792 23631.2005207 23191.9856041 17445.5996082 25182.4392971 17129.9987306
brother 45091.6105766 19577.1187936 27495.3067685 24529.4977781 23242.7796516 45090.0127054
nonkin 41446.9548205 30343.8076606 32738.1860946 22709.7665944 27230.7629406 25453.3514117
many_rivals 0 0 0 0 0 0
