Parameter Female_0 Female_1 Female_2 Female_3 Female_4 Female_5
Size 19.5631130876 27.4301187346 29.7248728564 23.6134483516 26.1416414477 34.2534155366
Profit 2.87530693568 3.62331499338 4.14436797178 3.12771929253 3.41525201963 6.13612906605
E values
no_rival 0.0656112638158 0.0826799646912 0.0945698064344 0.0713710293318 0.0779322021162 0.140019549901
brother 0.0205271399974 0.0258672537533 0.0295871096411 0.0223291402367 0.0243818687541 0.043806516382
nonkin 0.0371484414599 0.0468125692085 0.0535444787051 0.0404095630974 0.0441244335161 0.0792776689584
many_rivals 0.0 0.0 0.0 0.0 0.0 0.0
Observed values
no_rival 186 235 253 209 188 232
brother 70 102 69 84 50 182
nonkin 126 92 171 52 83 246
many_rivals 0 0 0 0 0 0
Q values
no_rival 0.155290719353 0.127419103459 0.119015742623 0.147561856454 0.133059104883 0.0853287710752
brother 0.0419771706853 0.0598195732332 0.0553745886523 0.0593000208709 0.0446698617968 0.058010813005
nonkin 0.0805918523832 0.0773028132323 0.0859990022586 0.0648449130323 0.0952837408194 0.0962919459006
many_rivals 1 1 1 1 1 1
O' values
no_rival 1197.75348311 1844.30743601 2125.76920015 1416.35518164 1412.90594255 2718.89536292
brother 1667.57308454 1705.12751073 1246.05891763 1416.52563973 1119.32291681 3137.34613553
nonkin 1563.43347713 1190.1248629 1988.39516168 801.913327791 871.082508792 2554.73080016
many_rivals 0 0 0 0 0 0
