Parameter Female_0 Female_1 Female_2 Female_3 Female_4 Female_5
Size 19.8191907141 29.3495711471 32.9260403824 22.5255893613 28.4845314661 32.7888051027
Profit 2.88622990631 4.0431287599 5.36938405256 3.04020635954 3.8351875442 5.30044807897
E values
no_rival 0.0627591791634 0.0879151870988 0.116753739893 0.0661072963021 0.083393641541 0.115254772292
brother 0.0196348367931 0.0275051454357 0.0365275750629 0.0206823287211 0.0260905346925 0.0360586080593
nonkin 0.0355336196505 0.0497766997834 0.0661047999899 0.0374292900933 0.0472166459041 0.065256099524
many_rivals 0.0 0.0 0.0 0.0 0.0 0.0
Observed values
no_rival 176 198 214 202 210 235
brother 60 105 135 36 77 173
nonkin 72 100 232 95 144 191
many_rivals 0 0 0 0 0 0
Q values
no_rival 0.153127362888 0.119577575322 0.110100759609 0.150330217807 0.137700890621 0.0993182127194
brother 0.0566399303572 0.0652220033222 0.0504826011863 0.0423179068953 0.0507328234178 0.0657772387472
nonkin 0.0748420317851 0.08445462879 0.0965883353614 0.0842391530838 0.087477952021 0.089222992231
many_rivals 1 1 1 1 1 1
O' values
no_rival 1149.37001906 1655.8288581 1943.67414684 1343.70855672 1525.04460249 2366.13198693
brother 1059.32333641 1609.8861527 2674.18866753 850.703700659 1517.75507083 2630.08912041
nonkin 962.026260948 1184.0677229 2401.94635441 1127.74163227 1646.12907222 2140.70381663
many_rivals 0 0 0 0 0 0
