Parameter Female_0 Female_1 Female_2 Female_3 Female_4 Female_5
Size 20.6787736745 28.83360541 34.4768841177 22.4509350491 27.6272889205 31.1738539048
Profit 2.92697377734 3.91506756269 6.28501919292 3.0348295664 3.65982039868 4.60939038349
E values
no_rival 0.0637584070632 0.0852821003299 0.136906867839 0.0661078347746 0.0797220393853 0.100406566898
brother 0.0199474552338 0.0266813579092 0.0428326826721 0.0206824971876 0.0249418372421 0.0314131985198
nonkin 0.0360993724951 0.0482858723858 0.0775152995017 0.037429594971 0.0451378214796 0.0568491941121
many_rivals 0.0 0.0 0.0 0.0 0.0 0.0
Observed values
no_rival 66 70 84 92 69 92
brother 63 113 171 79 44 270
nonkin 647 556 845 752 654 740
many_rivals 0 0 0 0 0 0
Q values
no_rival 0.00294110614837 0.00457798624985 0.00396536237041 0.00341043202624 0.00345656557394 0.00395908801969
brother 0.00269575478172 0.00308813701288 0.00395989808732 0.00268863103673 0.00196904259413 0.00422725429921
nonkin 0.0184516731927 0.0185062302943 0.0243679577844 0.0195048936154 0.0204492978445 0.0205356953709
many_rivals 1 1 1 1 1 1
O' values
no_rival 22440.5365432 15290.5658033 21183.4360024 26976.0544389 19962.0109973 23237.6748237
brother 23370.0781789 36591.6406976 43182.9295172 29382.9829831 22345.8853207 63871.2461776
nonkin 35064.5707435 30043.9360777 34676.6851567 38554.4271518 31981.5381913 36034.8157992
many_rivals 0 0 0 0 0 0
