Parameter Female_0 Female_1 Female_2 Female_3 Female_4 Female_5
Size 24.7766482363 25.3811053088 33.7524400887 23.9236138591 27.77748041 31.6670021044
Profit 3.24328270775 3.31404498732 5.82414838001 3.15611586315 3.68854667684 4.79871381704
E values
no_rival 0.0718432120902 0.0734106947668 0.129012967729 0.0699123455368 0.0817064268174 0.10629816935
brother 0.0224768673346 0.0229672699647 0.0403629970837 0.0218727764246 0.0255626726941 0.0332564452628
nonkin 0.0406769082534 0.04156440127 0.0730458521984 0.0395836709195 0.0462613617998 0.0601849605042
many_rivals 0.0 0.0 0.0 0.0 0.0 0.0
Observed values
no_rival 221 216 207 242 200 173
brother 58 66 118 98 75 112
nonkin 129 115 204 125 100 174
many_rivals 0 0 0 0 0 0
Q values
no_rival 0.150936081394 0.136347249772 0.105507277661 0.150980080434 0.140753027755 0.109374005853
brother 0.0439181061208 0.058328160008 0.0604890675617 0.0499414911176 0.0498001472988 0.0590796705964
nonkin 0.0809355479509 0.0792373615882 0.0833930436519 0.080886739327 0.081258262722 0.0919496608519
many_rivals 1 1 1 1 1 1
O' values
no_rival 1464.19595606 1584.19036953 1961.94996771 1602.86045222 1420.928581 1581.72866259
brother 1320.63982542 1131.52892172 1950.76572935 1962.29623519 1506.01964187 1895.74516698
nonkin 1593.86083453 1451.33555301 2446.2472056 1545.3707374 1230.64408037 1892.33976926
many_rivals 0 0 0 0 0 0
