Parameter Female_0 Female_1 Female_2 Female_3 Female_4 Female_5
Size 22.4172772392 25.8886220015 30.3172301037 22.785644271 25.4690679721 30.6482771816
Profit 3.03242992684 3.37996940382 4.3193701576 3.05953435126 3.32502672171 4.42596951364
E values
no_rival 0.074913548019 0.0834992089988 0.106706288857 0.0755831392871 0.0821418977489 0.109339733379
brother 0.0234374526332 0.0261235625274 0.0333841295319 0.0236469409574 0.0256989141297 0.0342080289849
nonkin 0.0424153017529 0.0472764171431 0.0604160336881 0.042794417633 0.0465079210864 0.0619070636418
many_rivals 0.0 0.0 0.0 0.0 0.0 0.0
Observed values
no_rival 90 106 67 93 66 53
brother 211 314 267 87 177 138
nonkin 669 744 470 780 466 614
many_rivals 0 0 0 0 0 0
Q values
no_rival 0.00362149825965 0.00459918065903 0.00343985905917 0.00380967442141 0.00419131865676 0.00339821627215
brother 0.00341145398049 0.0036796310797 0.00483325555875 0.00234888939688 0.00290294471434 0.00318457117289
nonkin 0.0213031210821 0.0228103039748 0.01975351478 0.0227554102387 0.021404243536 0.0206184016819
many_rivals 1 1 1 1 1 1
O' values
no_rival 24851.5927794 23047.5834412 19477.5422038 24411.5348748 15746.8342078 15596.4175778
brother 61850.4605974 85334.6417613 55242.2682299 37038.7810153 60972.5700684 43333.9349344
nonkin 31403.8491083 32616.8384613 23793.2340261 34277.5626463 21771.3837547 29779.223893
many_rivals 0 0 0 0 0 0
