Parameter Female_0 Female_1 Female_2 Female_3 Female_4 Female_5
Size 19.8406714349 27.9083150884 33.5799720334 20.5614552511 27.4621921953 33.882738888
Profit 2.88717020527 3.71423784287 5.72334198558 2.92101892416 3.62916185258 5.90249609906
E values
no_rival 0.0620123011049 0.0797765351925 0.122929228727 0.0627393233443 0.0779492241746 0.126777203747
brother 0.0194011685237 0.0249588868003 0.0384596384994 0.0196286247015 0.0243871942753 0.0396635159643
nonkin 0.0351107447626 0.0451686764606 0.0696013000127 0.0355223774843 0.0441340712354 0.0717799849896
many_rivals 0.0 0.0 0.0 0.0 0.0 0.0
Observed values
no_rival 77 49 91 151 88 59
brother 153 133 273 120 146 89
nonkin 559 435 687 867 723 733
many_rivals 0 0 0 0 0 0
Q values
no_rival 0.00430357830933 0.00305708863488 0.00464032731991 0.00577797888489 0.00430270976748 0.00348806701168
brother 0.00281924306622 0.00371900050561 0.00508708773873 0.00277337345885 0.00337855181592 0.0029974221023
nonkin 0.0197551255665 0.0190165197523 0.0243008536491 0.0256301636247 0.0208958655522 0.0252126640569
many_rivals 1 1 1 1 1 1
O' values
no_rival 17892.0875758 16028.3216655 19610.6855673 26133.7057487 20452.2277252 16914.8126462
brother 54269.8860674 35762.296832 53665.2823818 43268.6047446 43213.781512 29692.1811352
nonkin 28296.453906 22874.8480619 28270.6118032 33827.3298873 34600.1460525 29072.6913405
many_rivals 0 0 0 0 0 0
