Parameter Female_0 Female_1 Female_2 Female_3 Female_4 Female_5
Size 23.20192197 29.3964241038 30.391870042 22.4454683577 26.8118330643 32.7801031353
Profit 3.09250145636 4.05538219849 4.34283086159 3.03443878791 3.51720518464 5.29613636557
E values
no_rival 0.0705177963353 0.0924742057428 0.0990288497963 0.0691938029642 0.0802022448106 0.120766916641
brother 0.0220621977615 0.0289314800087 0.0309821659473 0.0216479731954 0.0250920743114 0.0377831375403
nonkin 0.0399264711071 0.0523579705495 0.0560691444662 0.0391768393003 0.0454097089893 0.0683770205329
many_rivals 0.0 0.0 0.0 0.0 0.0 0.0
Observed values
no_rival 197 206 231 233 198 254
brother 66 75 139 57 102 137
nonkin 99 145 189 64 126 199
many_rivals 0 0 0 0 0 0
Q values
no_rival 0.14631403853 0.121189159439 0.105306428607 0.162584843388 0.116316127375 0.0960605940772
brother 0.0526223232376 0.0481450044611 0.0629391170876 0.0509563457245 0.0574665884812 0.0534691506276
nonkin 0.0786222672181 0.0879460567889 0.0855687084234 0.0663444023563 0.0848462457411 0.0918131553409
many_rivals 1 1 1 1 1 1
O' values
no_rival 1346.41899013 1699.82200515 2193.59827367 1433.09791457 1702.25749833 2644.16436771
brother 1254.22056533 1557.79401912 2208.4834747 1118.60454649 1774.94441024 2562.22510348
nonkin 1259.18526014 1648.7379343 2208.7513471 964.66314756 1485.03918941 2167.4453869
many_rivals 0 0 0 0 0 0
