Parameter Female_0 Female_1 Female_2 Female_3 Female_4 Female_5
Size 24.344968272 28.1202332267 30.6154984278 23.3209528408 28.9150981004 31.9322417936
Profit 3.19743251916 3.75721005668 4.41511725765 3.10241044244 3.93447995035 4.90800927466
E values
no_rival 0.0729850607644 0.0857626244332 0.100780110104 0.07081607299 0.0898090128664 0.112030935132
brother 0.0228341061107 0.0268316946802 0.0315300652472 0.0221555165956 0.0280976477654 0.0350499983654
nonkin 0.0413234115542 0.0485579403278 0.0570606905398 0.0400953523662 0.0508489649948 0.0634307951624
many_rivals 0.0 0.0 0.0 0.0 0.0 0.0
Observed values
no_rival 57 126 80 117 74 71
brother 11 212 184 104 185 172
nonkin 612 706 487 861 514 878
many_rivals 0 0 0 0 0 0
Q values
no_rival 0.00316722985526 0.00451630763273 0.00326502614091 0.00408394378543 0.00341502931581 0.00374316599088
brother 0.00294045871839 0.00471402405191 0.00460351407988 0.00259358678748 0.00373888452594 0.00352318196351
nonkin 0.0196606371459 0.0205829547166 0.0195578831468 0.023060509147 0.0205783842018 0.0252814701613
many_rivals 1 1 1 1 1 1
O' values
no_rival 17996.7992867 27898.8966754 24502.1009166 28648.7782759 21668.9208662 18967.9004813
brother 3740.91291649 44972.1931126 39969.4661094 40098.9087784 49479.9983033 48819.5051466
nonkin 31128.187528 34300.2260715 24900.4453265 37336.5563835 24977.6656398 34728.9929897
many_rivals 0 0 0 0 0 0
