Parameter Female_0 Female_1 Female_2 Female_3 Female_4 Female_5
Size 23.8920481542 29.3819962164 32.7295101577 23.2927216016 26.8696105897 32.4898284511
Profit 3.15314994531 4.05159741269 5.27120692645 3.1000402467 3.52660862599 5.15626314792
E values
no_rival 0.0691728685969 0.0888827427482 0.115638174649 0.0680077637757 0.0773656944039 0.113116572116
brother 0.0216414236692 0.0278078548962 0.0361785593207 0.0212769089749 0.0242046311512 0.0353896507523
nonkin 0.0391649864709 0.0503245201166 0.0654731781046 0.0385053157722 0.0438036825146 0.0640454719665
many_rivals 0.0 0.0 0.0 0.0 0.0 0.0
Observed values
no_rival 61 142 47 81 89 67
brother 169 262 30 155 202 249
nonkin 606 734 593 568 741 702
many_rivals 0 0 0 0 0 0
Q values
no_rival 0.00342949703487 0.00504381417354 0.00402488007069 0.00491412643268 0.00382686318898 0.00292379553803
brother 0.00300198016032 0.00439008845208 0.00236128811281 0.00319195264528 0.00278397876063 0.00454495159152
nonkin 0.0192320824118 0.0219481011229 0.0212807085198 0.0217134375965 0.023087785469 0.0226005446864
many_rivals 1 1 1 1 1 1
O' values
no_rival 17786.8647734 28153.2973092 11677.3665736 16483.0923888 23256.6453529 22915.4190601
brother 56296.1748494 59679.8909315 12704.9299225 48559.6176463 72558.0248156 54786.0620704
nonkin 31509.848337 33442.528622 27865.6135649 26158.9164533 32094.8928166 31061.1982915
many_rivals 0 0 0 0 0 0
