Parameter Female_0 Female_1 Female_2 Female_3 Female_4 Female_5
Size 24.5754841974 27.3413849469 34.0914267183 19.983863234 27.0576268622 29.7693900179
Profit 3.2214547605 3.60732101491 6.0320312879 2.89353589998 3.55792280116 4.15685568982
E values
no_rival 0.0730494361193 0.0817993067206 0.136781832121 0.0656135757285 0.0806791569969 0.0942605086042
brother 0.0228542465843 0.0255917311006 0.0427935639973 0.0205278633024 0.0252412810581 0.0294903427219
nonkin 0.0413598602364 0.0463139494721 0.0774445055284 0.0371497504417 0.0456797319001 0.0533693573666
many_rivals 0.0 0.0 0.0 0.0 0.0 0.0
Observed values
no_rival 207 196 193 177 247 205
brother 55 97 195 58 113 92
nonkin 100 136 237 44 124 176
many_rivals 0 0 0 0 0 0
Q values
no_rival 0.146675682215 0.132489423162 0.0879288222845 0.154047462474 0.133791068829 0.107300309998
brother 0.0468812697247 0.0553105757668 0.0600613402173 0.0427641307278 0.0539912792998 0.0560897708666
nonkin 0.0844260890044 0.0816518901138 0.0918116587024 0.0741477250555 0.0780762736169 0.0878010407241
many_rivals 1 1 1 1 1 1
O' values
no_rival 1411.27688567 1479.36337348 2194.95718225 1148.99653105 1846.16209558 1910.52570122
brother 1173.17641615 1753.73332596 3246.68079824 1356.27683792 2092.93058926 1640.22777377
nonkin 1184.46799063 1665.60749311 2581.37150934 593.409979431 1588.1905508 2004.53204824
many_rivals 0 0 0 0 0 0
