Parameter Female_0 Female_1 Female_2 Female_3 Female_4 Female_5
Size 20.9552801781 25.8750638231 30.7499864685 19.501141575 28.7379894054 34.6818004676
Profit 2.94153736218 3.37812555628 4.46007028528 2.8727413542 3.89266545801 6.42713584718
E values
no_rival 0.0653020425806 0.0749942875976 0.0990134286328 0.0637747732347 0.0864170582224 0.142682226022
brother 0.0204303970418 0.0234627128178 0.0309773412821 0.0199525755542 0.0270364408355 0.0446395612333
nonkin 0.0369733634887 0.0424610156949 0.0560604131576 0.0361086388578 0.0489284741949 0.0807852495514
many_rivals 0.0 0.0 0.0 0.0 0.0 0.0
Observed values
no_rival 78 70 71 132 86 52
brother 172 117 150 349 245 172
nonkin 525 551 690 589 619 609
many_rivals 0 0 0 0 0 0
Q values
no_rival 0.00495764003249 0.00370597276079 0.00392179538721 0.00582729828224 0.00552258060522 0.00339053547606
brother 0.00329649441325 0.00317490963204 0.00274059401217 0.00468592186818 0.00382627560574 0.00419056638557
nonkin 0.0197586207354 0.0209271261202 0.0230282991823 0.0187482724957 0.0196099806428 0.024724011273
many_rivals 1 1 1 1 1 1
O' values
no_rival 15733.2923506 18888.4280912 18103.9531617 22652.006746 15572.4300192 15336.8104735
brother 52176.6393138 36851.4425795 54732.6599028 74478.407839 64030.933797 41044.5711091
nonkin 26570.6805668 26329.4633403 29963.1333837 31416.2278224 31565.5589506 24631.9253488
many_rivals 0 0 0 0 0 0
