Parameter Female_0 Female_1 Female_2 Female_3 Female_4 Female_5
Size 22.0753598264 26.190567365 33.6988894234 21.3794128 27.445865874 32.5999908703
Profit 3.00889142255 3.42226960896 5.792499086 2.96539502149 3.62618124252 5.20845314305
E values
no_rival 0.0666543462618 0.0758116899158 0.128318103108 0.0656907939861 0.0803288341797 0.115380048839
brother 0.0208534787715 0.0237184453071 0.0401456017383 0.0205520218065 0.0251316790615 0.0360978020797
nonkin 0.03773902431 0.0429238207134 0.0726524267986 0.037193470647 0.0454813826242 0.0653270298521
many_rivals 0.0 0.0 0.0 0.0 0.0 0.0
Observed values
no_rival 111 91 46 92 72 88
brother 85 272 115 73 129 158
nonkin 865 627 505 647 650 767
many_rivals 0 0 0 0 0 0
Q values
no_rival 0.00497124483101 0.0035943680683 0.0030156904885 0.00439322387671 0.00350699152288 0.00432447758367
brother 0.00316079588661 0.00414547268551 0.00326176412457 0.00328215368397 0.00379459155988 0.00319520423923
nonkin 0.0229299787304 0.0193337580994 0.023261959476 0.0226479753517 0.0213383011542 0.0264909190897
many_rivals 1 1 1 1 1 1
O' values
no_rival 22328.4114489 25317.3849396 15253.5547582 20941.3411613 20530.4174619 20349.2787967
brother 26891.9610912 65613.7479691 35256.9945612 22241.4935524 33995.7536837 49449.1081541
nonkin 37723.5413156 32430.3219673 21709.2631651 28567.6750329 30461.6564975 28953.3178295
many_rivals 0 0 0 0 0 0
