Parameter Female_0 Female_1 Female_2 Female_3 Female_4 Female_5
Size 24.8215685302 25.9995751121 30.7894132697 23.2080074564 27.4059324571 31.9788822753
Profit 3.24827028777 3.39523575233 4.47346489549 3.09300271518 3.61892910804 4.9277957598
E values
no_rival 0.075963430138 0.0794003364944 0.104615597828 0.0723323722646 0.0846315866963 0.115240492869
brother 0.023765918753 0.0248411892756 0.0327300359365 0.0226299059867 0.0264778382138 0.0360541405989
nonkin 0.0430097345098 0.0449556765198 0.0592323053343 0.0409538658525 0.0479175580716 0.0652480146573
many_rivals 0.0 0.0 0.0 0.0 0.0 0.0
Observed values
no_rival 99 90 76 94 106 58
brother 131 86 135 136 166 261
nonkin 639 659 474 872 951 459
many_rivals 0 0 0 0 0 0
Q values
no_rival 0.00310644547314 0.00441886778241 0.00374485669199 0.00449500953492 0.00421006462262 0.00331918875473
brother 0.00382130544652 0.00228886761591 0.00425624263031 0.00290622881542 0.00358993687878 0.00419603764698
nonkin 0.0202430740374 0.0219874882597 0.0207540190306 0.0238239200328 0.0242716897053 0.0215735515709
many_rivals 1 1 1 1 1 1
O' values
no_rival 31869.2218666 20367.20817 20294.501566 20912.0802236 25177.760795 17474.1493436
brother 34281.4783673 37573.1647398 31718.1165939 46796.040036 46240.3673394 62201.5391563
nonkin 31566.3519691 29971.5907618 22838.9498584 36601.8689954 39181.4501399 21276.0517661
many_rivals 0 0 0 0 0 0
