Parameter Female_0 Female_1 Female_2 Female_3 Female_4 Female_5
Size 24.6876523469 27.574736351 31.9198956638 21.47791942 25.4192205631 30.0768492901
Profit 3.23352440872 3.64995830593 4.90280049512 2.97121258562 3.31878129515 4.24600503089
E values
no_rival 0.077090207468 0.0870183760774 0.116887290637 0.0708364514087 0.0791228103595 0.10122868034
brother 0.0241184423085 0.0272245691396 0.0365693577486 0.0221618921877 0.0247543624491 0.0316704049311
nonkin 0.0436477045663 0.0492689343513 0.0661804150856 0.0401068904231 0.0447985439974 0.0573146665216
many_rivals 0.0 0.0 0.0 0.0 0.0 0.0
Observed values
no_rival 48 88 69 95 104 58
brother 145 121 276 235 117 98
nonkin 512 744 674 734 746 704
many_rivals 0 0 0 0 0 0
Q values
no_rival 0.00259679318104 0.00482987203066 0.00462667200367 0.00408144594917 0.00474066181337 0.0041451288827
brother 0.00319650584706 0.0044112541766 0.00522012555489 0.00366613961974 0.00321099800014 0.00288325587733
nonkin 0.0216749214459 0.0219993151947 0.0226637746462 0.0193783236928 0.0236807594482 0.0240863120071
many_rivals 1 1 1 1 1 1
O' values
no_rival 18484.3368931 18219.9444295 14913.5274654 23276.0647043 21937.8652379 13992.3272934
brother 45362.0318366 27429.840847 52872.2914991 64100.1228471 36437.2696573 33989.3523744
nonkin 23621.7695773 33819.2345268 29739.0885023 37877.3732773 31502.3680567 29228.2189067
many_rivals 0 0 0 0 0 0
