Parameter Female_0 Female_1 Female_2 Female_3 Female_4 Female_5
Size 24.8114144821 25.5771848489 33.0860474067 19.3664430798 26.0217757027 30.4589833083
Profit 3.24713919205 3.33877485825 5.45202845016 2.86726657948 3.39832867144 4.36420768099
E values
no_rival 0.0762349715107 0.0783863552332 0.128000436382 0.0673164817005 0.0797845346716 0.102461036793
brother 0.0238508731868 0.0245239550982 0.0400462165264 0.0210606344648 0.0249613895173 0.0320559599709
nonkin 0.0431634785196 0.0443815704695 0.0724725670749 0.038113918774 0.0451732056857 0.0580124144216
many_rivals 0.0 0.0 0.0 0.0 0.0 0.0
Observed values
no_rival 91 57 56 134 94 89
brother 215 76 134 161 71 194
nonkin 880 779 613 555 664 565
many_rivals 0 0 0 0 0 0
Q values
no_rival 0.00534891634719 0.00397991227387 0.00282756800254 0.00434576140591 0.00448753541133 0.00486498484078
brother 0.00630180383502 0.00345857028347 0.00430490358518 0.00357078965917 0.00282103170385 0.00447134033959
nonkin 0.0226482589321 0.0229251514536 0.023967219886 0.0193304945967 0.0213638733474 0.0221940050293
many_rivals 1 1 1 1 1 1
O' values
no_rival 17012.7917682 14321.9237203 19805.0055559 30834.6426515 20946.9099147 18293.9932832
brother 34117.2155828 21974.3980232 31127.2941074 45088.066049 25168.097155 43387.4376062
nonkin 38855.083856 33980.146285 25576.6001612 28711.112239 31080.5062923 25457.3250414
many_rivals 0 0 0 0 0 0
