Parameter Female_0 Female_1 Female_2 Female_3 Female_4 Female_5
Size 20.8971953245 28.9293111818 30.1722648479 19.3188950945 26.5463491127 29.8452540318
Profit 2.93841514257 3.93789610214 4.27473147654 2.86536675747 3.4752813926 4.17837806383
E values
no_rival 0.0721629907637 0.0967087175431 0.1049808802 0.0703690339254 0.0853476064028 0.102614587455
brother 0.0225769132903 0.0302562893705 0.0328443181793 0.0220156559539 0.0267018521392 0.0321039998313
nonkin 0.0408579637405 0.0547555087857 0.0594391245603 0.0398422433182 0.0483229612692 0.0580993532714
many_rivals 0.0 0.0 0.0 0.0 0.0 0.0
Observed values
no_rival 209 262 222 202 243 179
brother 59 161 140 47 134 95
nonkin 94 146 194 73 128 134
many_rivals 0 0 0 0 0 0
Q values
no_rival 0.150511346744 0.106797967782 0.123687239645 0.153388685696 0.137586364372 0.112879134481
brother 0.0468962395632 0.0680276476254 0.0596539387645 0.0484026518553 0.0674709548138 0.0504002068252
nonkin 0.0753726922338 0.0888287909093 0.0881688871639 0.0792930130152 0.071110227964 0.0996714431326
many_rivals 1 1 1 1 1 1
O' values
no_rival 1388.59962735 2453.23020129 1794.84965981 1316.91590605 1766.16339206 1585.76694287
brother 1258.09660965 2366.68480566 2346.86934173 971.021177528 1986.03977622 1884.91289985
nonkin 1247.13602784 1643.6112493 2200.32265621 920.635970612 1800.02235494 1344.41717496
many_rivals 0 0 0 0 0 0
