Parameter Female_0 Female_1 Female_2 Female_3 Female_4 Female_5
Size 23.9821791351 26.6852176278 34.2362775002 24.2794511183 26.4412265142 31.8207748659
Profit 3.16166533074 3.49695063165 6.12496576541 3.19079209446 3.45924869065 4.86141555766
E values
no_rival 0.0692564101632 0.0766008485817 0.134167629053 0.0698944331302 0.0757749860007 0.106489509361
brother 0.0216675604836 0.0239653414873 0.0419756844256 0.0218671723491 0.0237069621202 0.0333163078988
nonkin 0.0392122868703 0.0433706344585 0.0759643698936 0.039573529094 0.0429030393238 0.0602932953052
many_rivals 0.0 0.0 0.0 0.0 0.0 0.0
Observed values
no_rival 179 178 210 227 184 193
brother 102 47 183 62 92 106
nonkin 111 86 209 122 116 220
many_rivals 0 0 0 0 0 0
Q values
no_rival 0.143771861209 0.141817470731 0.0866378360715 0.149807121852 0.130221755588 0.103378693908
brother 0.0506410205597 0.0511816079901 0.064083948148 0.0467857783443 0.0563662665081 0.0513513889458
nonkin 0.0823893798423 0.0735442779286 0.0902311772657 0.0802411818973 0.0808912852845 0.0970917184225
many_rivals 1 1 1 1 1 1
O' values
no_rival 1245.02804996 1255.13449847 2423.88325381 1515.28176493 1412.97434648 1866.92240639
brother 2014.17741729 918.298620261 2855.62930014 1325.18902526 1632.18190062 2064.2090151
nonkin 1347.26102093 1169.36357827 2316.27256048 1520.41628893 1434.02345002 2265.89871489
many_rivals 0 0 0 0 0 0
