Parameter Female_0 Female_1 Female_2 Female_3 Female_4 Female_5
Size 20.3745146761 25.0206705466 32.3916557139 21.8770432048 28.0738315135 31.9499052663
Profit 2.91179646932 3.27088922061 5.11065217314 2.99591382753 3.74765444204 4.91548239428
E values
no_rival 0.0675141480585 0.0758402249093 0.118497749114 0.0694645288067 0.0868947055668 0.113972459835
brother 0.0211224763616 0.0237273727651 0.0370732057879 0.0217326724825 0.0271858775836 0.0356574237839
nonkin 0.0382258354892 0.0429399769414 0.0670922405709 0.0393301215651 0.0491989133449 0.0645300670338
many_rivals 0.0 0.0 0.0 0.0 0.0 0.0
Observed values
no_rival 144 83 39 116 79 70
brother 127 104 181 84 125 102
nonkin 824 613 580 732 663 653
many_rivals 0 0 0 0 0 0
Q values
no_rival 0.00476977971641 0.00474100823127 0.00379618622034 0.0042537622973 0.00356076170531 0.00315989936244
brother 0.00426528978869 0.00301899628432 0.00463225322348 0.00230544398113 0.00313506913964 0.00381326498212
nonkin 0.0207438749085 0.0216510235197 0.0226237358198 0.0221219141117 0.0210314237956 0.0222100894601
many_rivals 1 1 1 1 1 1
O' values
no_rival 30190.0734545 17506.8246987 10273.4686173 27269.9769974 22186.2642148 22152.6042355
brother 29775.2336399 34448.5352765 39073.8569909 36435.4981892 39871.5289623 26748.7311997
nonkin 39722.5688853 28312.7492537 25636.7915812 33089.3609072 31524.2565812 29401.0522187
many_rivals 0 0 0 0 0 0
