Parameter Female_0 Female_1 Female_2 Female_3 Female_4 Female_5
Size 21.9097355763 25.1009157774 33.874619217 22.3075947279 29.4067318247 33.4319886138
Profit 2.99802012979 3.28024665257 5.89755773495 3.02471424537 4.05809243527 5.63940496293
E values
no_rival 0.0640812706543 0.0701137298804 0.12605752365 0.0646518448238 0.0867398177554 0.120539629527
brother 0.0200484663369 0.0219357815304 0.039438356849 0.0202269761716 0.0271374193829 0.0377120284938
nonkin 0.0362821746317 0.039697692721 0.0713725093152 0.0366052280208 0.0491112174149 0.0682483328418
many_rivals 0.0 0.0 0.0 0.0 0.0 0.0
Observed values
no_rival 189 221 169 223 274 247
brother 93 70 128 63 75 122
nonkin 66 100 181 79 179 217
many_rivals 0 0 0 0 0 0
Q values
no_rival 0.142589209411 0.148223919794 0.0793940588738 0.161487910892 0.121179039031 0.098494581613
brother 0.0566694582855 0.0553822669328 0.0639426849624 0.0377382745156 0.0421171729979 0.0464407054232
nonkin 0.0738249881346 0.0661869996652 0.0886018677346 0.0775107339645 0.0946889679666 0.0937959583789
many_rivals 1 1 1 1 1 1
O' values
no_rival 1325.48599421 1490.98742164 2128.62275084 1380.90832167 2261.11712217 2507.75216215
brother 1641.09562388 1263.94248334 2001.79270037 1669.39270035 1780.74630042 2627.0057461
nonkin 894.006239183 1510.87072243 2042.84632624 1019.21367479 1890.39973551 2313.53252049
many_rivals 0 0 0 0 0 0
