Parameter Female_0 Female_1 Female_2 Female_3 Female_4 Female_5
Size 21.2014265858 27.3689299052 29.7741788902 19.829054757 28.2319347566 33.2921273564
Profit 2.95515195232 3.6122574828 4.15820525258 2.88666122605 3.78055651051 5.56218514904
E values
no_rival 0.0685115591256 0.0837457417089 0.096402868487 0.0669236859745 0.0876475474279 0.128952413566
brother 0.021434526388 0.0262006927511 0.0301606014349 0.020937744394 0.0274214116883 0.0403440521083
nonkin 0.0387905596613 0.0474160014982 0.0545823401087 0.0378915217619 0.0496251648782 0.073011567037
many_rivals 0.0 0.0 0.0 0.0 0.0 0.0
Observed values
no_rival 96 105 97 112 86 73
brother 101 195 102 201 162 162
nonkin 570 632 637 602 886 617
many_rivals 0 0 0 0 0 0
Q values
no_rival 0.00403741870553 0.0045149486965 0.00401938512461 0.00533212285447 0.00438894362073 0.00403143705309
brother 0.00371387192355 0.00391016804052 0.00380692157482 0.00468634258404 0.00426630399842 0.00429645213474
nonkin 0.0228464575779 0.0233481420898 0.0238726056543 0.0212266196433 0.0265188470944 0.0260189340741
many_rivals 1 1 1 1 1 1
O' values
no_rival 23777.5685411 23256.07821 24133.0444814 21004.7673425 19594.6923524 18107.6869212
brother 27195.3373943 49869.9794943 26793.3021459 42890.5903474 37971.9776322 37705.5288689
nonkin 24949.163259 27068.5349425 26683.3042536 28360.6155909 33410.2005584 23713.5002627
many_rivals 0 0 0 0 0 0
