Parameter Female_0 Female_1 Female_2 Female_3 Female_4 Female_5
Size 20.480056979 29.3163622987 34.4880863723 23.0514953932 25.0925335611 29.6854576244
Profit 2.91696353105 4.03450855294 6.29264820253 3.08029077969 3.27926260702 4.13339799782
E values
no_rival 0.0653981588565 0.0904534556037 0.141080819968 0.0690599466158 0.0735208838312 0.0926705514148
brother 0.0204604679798 0.0282992681202 0.0441385453353 0.0216060948982 0.0230017437154 0.0289929087156
nonkin 0.037027783563 0.0512138420283 0.0798785494578 0.0391010511744 0.0416267892164 0.0524691395055
many_rivals 0.0 0.0 0.0 0.0 0.0 0.0
Observed values
no_rival 119 59 62 71 131 71
brother 146 159 256 114 106 180
nonkin 570 561 501 837 950 637
many_rivals 0 0 0 0 0 0
Q values
no_rival 0.00454988127512 0.0036645257923 0.00373350287844 0.00388823354999 0.00501145749365 0.00328439210088
brother 0.0038330051945 0.00357433496286 0.00680945086682 0.00304249212721 0.00427420845674 0.00347577074564
nonkin 0.0218267264435 0.0210008700908 0.0210641308563 0.0245880585338 0.0232426927663 0.0220765289284
many_rivals 1 1 1 1 1 1
O' values
no_rival 26154.5286139 16100.3096564 16606.3886968 18260.2199912 26140.099994 21617.3945799
brother 38090.2170989 44483.7995466 37594.808305 37469.2834799 24799.9134981 51787.0749173
nonkin 26114.7727065 26713.1789099 23784.5085287 34040.9145703 40873.0610326 28854.1736821
many_rivals 0 0 0 0 0 0
