Parameter Female_0 Female_1 Female_2 Female_3 Female_4 Female_5
Size 20.3370769368 28.436905897 31.9103324572 21.9628614129 25.1530536423 32.7473723797
Profit 2.90998802561 3.82468849998 4.89877408962 3.00147054773 3.28640228715 5.2799814804
E values
no_rival 0.0667483375382 0.0877294328115 0.112366450851 0.0688467332057 0.0753824026829 0.121110459201
brother 0.0208828848822 0.0274470303494 0.0351549678133 0.0215393889508 0.0235841385034 0.0378906182655
nonkin 0.0377922412307 0.0496715275635 0.0636207608075 0.0389803318738 0.042680762575 0.0685715308948
many_rivals 0.0 0.0 0.0 0.0 0.0 0.0
Observed values
no_rival 98 99 84 58 115 74
brother 62 294 265 136 134 78
nonkin 701 599 727 485 698 707
many_rivals 0 0 0 0 0 0
Q values
no_rival 0.00389027624339 0.0040320261028 0.00325689774205 0.00337076567775 0.00478387949296 0.00427273298853
brother 0.00399627899427 0.00482720991959 0.0044276653954 0.00306835291241 0.00394134607463 0.00337519671527
nonkin 0.022508432614 0.0219469577993 0.0258370706569 0.0218690880788 0.0211958058095 0.0250416859876
many_rivals 1 1 1 1 1 1
O' values
no_rival 25191.0131489 24553.412472 25791.4146076 17206.7730435 24039.0670729 17319.1257677
brother 15514.4323229 60904.7472343 59850.9544726 44323.4542708 33998.5369117 23109.7641352
nonkin 31143.8833623 27293.0765839 28137.8647624 22177.422225 32931.0433523 28232.9233084
many_rivals 0 0 0 0 0 0
