Parameter Female_0 Female_1 Female_2 Female_3 Female_4 Female_5
Size 23.3833458905 26.8442431723 32.6715345741 21.4341124283 27.9450714681 34.2412707013
Profit 3.10769341641 3.52246747882 5.24292870936 2.96861219205 3.72156946721 6.1282145167
E values
no_rival 0.0669811511913 0.075920914695 0.11300258858 0.063983487243 0.0802122261597 0.132083448421
brother 0.0209557229617 0.0237526173715 0.0353539898631 0.0200178738189 0.0250951970763 0.0413236276731
nonkin 0.037924057993 0.0429856626912 0.063980935628 0.0362268106421 0.0454153603294 0.0747843276617
many_rivals 0.0 0.0 0.0 0.0 0.0 0.0
Observed values
no_rival 192 194 210 227 163 195
brother 66 70 122 37 89 163
nonkin 90 132 241 104 127 283
many_rivals 0 0 0 0 0 0
Q values
no_rival 0.14729113447 0.135478341568 0.0990534974175 0.16507745645 0.130957164997 0.0837964670975
brother 0.0513537715274 0.0524723154213 0.0514239602735 0.0409145222126 0.053548190046 0.0601582327498
nonkin 0.071436846891 0.0810002117658 0.094823151894 0.0706354713176 0.0859963328939 0.09859629037
many_rivals 1 1 1 1 1 1
O' values
no_rival 1303.54077787 1431.96320353 2120.06648402 1375.11205274 1244.68180114 2327.06707997
brother 1285.20258663 1334.0368047 2372.43493794 904.324381639 1662.0543089 2709.52108381
nonkin 1259.85403775 1629.62536915 2541.57339412 1472.34807187 1476.80715824 2870.29054479
many_rivals 0 0 0 0 0 0
