Parameter Female_0 Female_1 Female_2 Female_3 Female_4 Female_5
Size 24.0071976616 25.5426337251 34.1675216338 19.3718167136 25.945018924 29.7759702571
Profit 3.164054631 3.33435103214 6.0805384045 2.8674823539 3.3876895638 4.15871039289
E values
no_rival 0.0732340879185 0.0771757081075 0.140737988448 0.0663697310258 0.0784102628711 0.0962560379192
brother 0.0229120167462 0.0241451920385 0.0440312870658 0.0207644340487 0.0245314348419 0.0301146640234
nonkin 0.0414644082386 0.0436961141734 0.0796844416794 0.0375778780095 0.044395106735 0.0544992061095
many_rivals 0.0 0.0 0.0 0.0 0.0 0.0
Observed values
no_rival 209 195 232 235 224 233
brother 42 50 152 54 124 107
nonkin 100 129 210 103 164 162
many_rivals 0 0 0 0 0 0
Q values
no_rival 0.140560226501 0.130485620875 0.09382373458 0.150359441966 0.13033121088 0.118047378188
brother 0.04737968223 0.0502402548086 0.0573742674407 0.0548516512219 0.05694853819 0.0524905069344
nonkin 0.0850799681797 0.0824398791701 0.0889473138003 0.0761645117878 0.0768908029354 0.0859998345859
many_rivals 1 1 1 1 1 1
O' values
no_rival 1486.90710881 1494.41753576 2472.72186551 1562.92146957 1718.6980654 1973.78377713
brother 886.455924211 995.217882364 2649.27129845 984.473553614 2177.40444164 2038.46383373
nonkin 1175.36480254 1564.77667482 2360.94819537 1352.33585278 2132.8948813 1883.72455343
many_rivals 0 0 0 0 0 0
