Parameter Female_0 Female_1 Female_2 Female_3 Female_4 Female_5
Size 20.6363014101 25.3766349721 32.9931976404 19.2108323995 28.0835582514 34.4808444664
Profit 2.9248028418 3.31349170306 5.40376971505 2.86111142681 3.74965061798 6.28771445825
E values
no_rival 0.0634269942655 0.0718560636791 0.117185632423 0.062045788341 0.0813145641291 0.136354773453
brother 0.0198437694259 0.0224808880826 0.0366626969598 0.0194116453404 0.0254400745334 0.0426599544224
nonkin 0.0359117298832 0.0406841846945 0.0663493332215 0.0351297049008 0.0460394930643 0.0772027091811
many_rivals 0.0 0.0 0.0 0.0 0.0 0.0
Observed values
no_rival 215 211 219 165 299 215
brother 67 66 145 46 92 177
nonkin 98 76 195 87 143 187
many_rivals 0 0 0 0 0 0
Q values
no_rival 0.152558969085 0.141568894773 0.0973878325906 0.135282629432 0.142689543049 0.0792203452754
brother 0.047519367071 0.0489815380829 0.0541831764664 0.0522264929023 0.0441781691473 0.055736852403
nonkin 0.0728577282682 0.0738552671716 0.0930654051245 0.0788308567527 0.0778066224184 0.0934040947365
many_rivals 1 1 1 1 1 1
O' values
no_rival 1409.29111732 1490.44039891 2248.74087629 1219.668783 2095.45838896 2713.94929235
brother 1409.95143938 1347.44645806 2676.10740928 880.779034618 2082.47652123 3175.63680705
nonkin 1345.08723137 1029.03967328 2095.30060863 1103.62875128 1837.88982936 2002.05355587
many_rivals 0 0 0 0 0 0
