Parameter Female_0 Female_1 Female_2 Female_3 Female_4 Female_5
Size 22.5921861209 29.2314502107 32.168667269 24.2902366673 26.0938409624 30.1957688562
Profit 3.04506669228 4.01270973903 5.01011574224 3.19187965717 3.40845768405 4.28188691244
E values
no_rival 0.0706111979125 0.0930496012669 0.116178169475 0.0740156025996 0.0790377697522 0.0992914752836
brother 0.0220914193789 0.0291114982524 0.036347502102 0.0231565214293 0.0247277566447 0.0310643309572
nonkin 0.0399793541461 0.0526837537413 0.0657789177752 0.0419068940359 0.044750394856 0.0562178403908
many_rivals 0.0 0.0 0.0 0.0 0.0 0.0
Observed values
no_rival 209 232 202 226 261 204
brother 117 63 86 84 132 99
nonkin 79 145 195 119 117 137
many_rivals 0 0 0 0 0 0
Q values
no_rival 0.150886049721 0.12476471024 0.110262779069 0.132954795869 0.149050385444 0.130586504149
brother 0.060840691227 0.0517662113839 0.0538276085689 0.0476625006302 0.0637900729818 0.0537769374781
nonkin 0.0695899725672 0.0899608972182 0.100169360999 0.0940331025496 0.0728689435771 0.0847123055728
many_rivals 1 1 1 1 1 1
O' values
no_rival 1385.15124749 1859.5001708 1831.987201 1699.82585827 1751.08570986 1562.18287126
brother 1923.0550745 1217.01005957 1597.69312229 1762.39179416 2069.28748988 1840.93785631
nonkin 1135.22102518 1611.81140344 1946.70304428 1265.51179078 1605.62228923 1617.23847644
many_rivals 0 0 0 0 0 0
