Parameter Female_0 Female_1 Female_2 Female_3 Female_4 Female_5
Size 21.1045086471 29.1898840463 29.6915283868 24.3490197224 26.5526995021 31.2365301247
Profit 2.94971629082 4.00216452299 4.13508232919 3.19784583139 3.47626006651 4.63249341411
E values
no_rival 0.0701001136276 0.0951115836771 0.0982703801166 0.0759969210739 0.0826134453743 0.110091372421
brother 0.0219315215495 0.0297566100692 0.0307448711233 0.0237763967272 0.0258464425198 0.0344431867755
nonkin 0.0396899833348 0.0538512275621 0.0556397065182 0.0430286967429 0.0467749066365 0.0623326341508
many_rivals 0.0 0.0 0.0 0.0 0.0 0.0
Observed values
no_rival 102 88 83 69 102 43
brother 212 257 325 36 141 62
nonkin 799 604 773 538 657 461
many_rivals 0 0 0 0 0 0
Q values
no_rival 0.00411960999951 0.00380766457405 0.00389081402371 0.00402725398178 0.00477919733515 0.00391392378283
brother 0.00436431469427 0.00419845021501 0.00480669105102 0.00235519858964 0.00319451914562 0.00291710432464
nonkin 0.0207344729288 0.0200374995682 0.0227355142965 0.0212829097484 0.0224705509832 0.0198337976582
many_rivals 1 1 1 1 1 1
O' values
no_rival 24759.6253073 23111.2794441 21332.2969163 17133.2625934 21342.4959982 10986.4173106
brother 48575.7821906 61213.0635922 67614.0814024 15285.3352403 44138.0982779 21253.9536129
nonkin 38534.8594461 30143.4816227 33999.6707318 25278.498399 29238.2683669 23243.1533257
many_rivals 0 0 0 0 0 0
