Parameter Female_0 Female_1 Female_2 Female_3 Female_4 Female_5
Size 21.1015304896 26.0180662261 31.8235948439 19.9127531524 25.0812348792 31.9506051373
Profit 2.94955081795 3.39781098301 4.86258236752 2.89035330878 3.27793862021 4.91577900751
E values
no_rival 0.0704091749848 0.0811096613802 0.116075441287 0.0689960622637 0.0782481700247 0.11734530635
brother 0.0220282144857 0.0253759686594 0.0363153625611 0.0215861080398 0.0244807224739 0.0367126525445
nonkin 0.0398649707846 0.0459234791768 0.0657207541024 0.0390648804931 0.0443033313863 0.0664397390021
many_rivals 0.0 0.0 0.0 0.0 0.0 0.0
Observed values
no_rival 105 56 65 110 99 90
brother 118 95 209 162 241 192
nonkin 548 539 723 692 563 856
many_rivals 0 0 0 0 0 0
Q values
no_rival 0.00441026247027 0.0041556235868 0.00313075990033 0.00444428891994 0.00487329363285 0.00462376966036
brother 0.00461139167849 0.00370940452084 0.00466141062976 0.00294482201552 0.00400040683863 0.00455379981562
nonkin 0.0216554828405 0.02183793122 0.0249342204405 0.0218716715322 0.0211720467168 0.0274853506369
many_rivals 1 1 1 1 1 1
O' values
no_rival 23808.1068208 13475.7152159 20761.7326366 24750.8661074 20314.8029769 19464.6374303
brother 25588.804471 25610.5796675 44836.2130266 55011.8136669 60243.8726163 42162.5911929
nonkin 25305.3697319 24681.8251496 28996.2945393 31639.0998731 26591.6662442 31143.8631913
many_rivals 0 0 0 0 0 0
