Parameter Female_0 Female_1 Female_2 Female_3 Female_4 Female_5
Size 19.4885135201 25.158383748 30.1603263515 24.1701685517 26.8116542718 30.1607059833
Profit 2.87222220331 3.28703497738 4.27110903018 3.1798955992 3.51717624336 4.27122409557
E values
no_rival 0.0714320438701 0.0817484198948 0.106222299677 0.0790838681225 0.087472023378 0.106225161348
brother 0.0223482292452 0.0255758106483 0.0332327086769 0.0247421789808 0.027366497234 0.0332336039794
nonkin 0.0404441089188 0.0462851378602 0.060142003854 0.0447764952923 0.0495257849164 0.0601436241037
many_rivals 0.0 0.0 0.0 0.0 0.0 0.0
Observed values
no_rival 96 113 82 98 72 110
brother 152 206 169 88 137 114
nonkin 636 659 692 668 473 921
many_rivals 0 0 0 0 0 0
Q values
no_rival 0.00497775186159 0.00478398427753 0.00446507780674 0.00528066636328 0.0049025650549 0.00451434433047
brother 0.00337116279061 0.00328631593895 0.00393278055361 0.00286199041327 0.00375874399406 0.00325068995096
nonkin 0.0212007153616 0.0225960941062 0.0230001796285 0.0228892751962 0.0203128252179 0.0269680493755
many_rivals 1 1 1 1 1 1
O' values
no_rival 19285.8146949 23620.4789658 18364.7415676 18558.2639118 14686.1896158 24366.7722149
brother 45088.3002219 62684.1739587 42972.14088 30747.8318557 36448.3455687 35069.4780861
nonkin 29998.9877299 29164.3324242 30086.7215464 29183.9734668 23285.7810238 34151.5245384
many_rivals 0 0 0 0 0 0
