Parameter Female_0 Female_1 Female_2 Female_3 Female_4 Female_5
Size 21.7605231212 28.5187422138 33.9417158935 24.0239608549 28.1550870613 34.4929513662
Profit 2.98851072131 3.84278730698 5.93859206183 3.16566181261 3.76444240846 6.29596637133
E values
no_rival 0.0611801602609 0.0786687300846 0.121573602355 0.0648067599845 0.0770648698697 0.128889693735
brother 0.0191408249392 0.0246122988943 0.0380355172328 0.0202754429287 0.0241105151874 0.0403244295821
nonkin 0.0346395949381 0.0445414482866 0.0688337579174 0.0366929394356 0.0436333586715 0.0729760556961
many_rivals 0.0 0.0 0.0 0.0 0.0 0.0
Observed values
no_rival 117 55 42 97 94 96
brother 110 186 23 203 106 324
nonkin 577 415 510 636 704 1118
many_rivals 0 0 0 0 0 0
Q values
no_rival 0.00502833718798 0.00414300917713 0.00357470163753 0.00334843238472 0.00467752931576 0.00434985727895
brother 0.00351013701518 0.00411655081724 0.00170455244932 0.00332123435679 0.00298073413414 0.00576482058146
nonkin 0.0202312510298 0.0180689054818 0.0235426399243 0.0208297184098 0.0227082947047 0.0283907834365
many_rivals 1 1 1 1 1 1
O' values
no_rival 23268.1293291 13275.3748902 11749.2323161 28968.7796721 20096.0792877 22069.6896113
brother 31337.8080469 45183.4577679 13493.2779623 61121.8535618 35561.7090387 56202.9633744
nonkin 28520.2333335 22967.6335635 21662.8212316 30533.2980258 31001.887599 39378.9767197
many_rivals 0 0 0 0 0 0
