Parameter Female_0 Female_1 Female_2 Female_3 Female_4 Female_5
Size 24.4143577711 25.1353753414 29.9618751508 20.7937327038 28.7728133289 34.3979058821
Profit 3.20455484872 3.2843083667 4.21206531819 2.93293719398 3.90077802433 6.23168495895
E values
no_rival 0.0717574956422 0.0735433638795 0.0943180170051 0.0656753395874 0.0873475647308 0.139542035445
brother 0.0224500500866 0.0230087768233 0.0295083348002 0.0205471867433 0.0273275591017 0.0436571212094
nonkin 0.0406283764577 0.0416395171949 0.0534019180481 0.037184720521 0.049455317675 0.0790073050487
many_rivals 0.0 0.0 0.0 0.0 0.0 0.0
Observed values
no_rival 76 131 113 151 54 43
brother 135 156 151 156 147 170
nonkin 465 631 906 800 466 611
many_rivals 0 0 0 0 0 0
Q values
no_rival 0.00411678145585 0.0046541931838 0.00409636485297 0.00474730482026 0.00312841796646 0.00297417034326
brother 0.00375961495631 0.00253996798833 0.00392445063421 0.00320101566703 0.00264747998623 0.0036500144451
nonkin 0.0202384850567 0.0202388695809 0.0226762797054 0.0208895399492 0.0201579813003 0.0230927040683
many_rivals 1 1 1 1 1 1
O' values
no_rival 18461.0236941 28146.6614785 27585.4334406 31807.521471 17261.1206619 14457.8134529
brother 35907.9324795 61418.0968882 38476.7230051 48734.5318572 55524.4990575 46575.1581417
nonkin 22976.0280326 31177.6306219 39953.6437093 38296.678718 23117.3942002 26458.5731577
many_rivals 0 0 0 0 0 0
