Parameter Female_0 Female_1 Female_2 Female_3 Female_4 Female_5
Size 20.6418024363 27.5111678552 33.9052988438 20.6018700751 27.3539189924 33.9260893962
Profit 2.92508304968 3.63815795816 5.91625649904 2.92305554358 3.60956414537 5.92898924327
E values
no_rival 0.062414306444 0.0776296268639 0.126238824629 0.0623710442923 0.0770195029927 0.126510511069
brother 0.0195269399141 0.0242872050606 0.0394950786733 0.0195134049173 0.0240963217063 0.0395800784929
nonkin 0.0353383561655 0.0439531184341 0.0714751601165 0.0353138615678 0.0436076723995 0.0716289862619
many_rivals 0.0 0.0 0.0 0.0 0.0 0.0
Observed values
no_rival 78 77 60 98 146 49
brother 163 171 256 94 87 63
nonkin 544 717 787 484 665 607
many_rivals 0 0 0 0 0 0
Q values
no_rival 0.00493401743627 0.00406120160903 0.00351019110172 0.00513039465643 0.00573254399652 0.00265830468384
brother 0.00353645539462 0.00354014156492 0.00539208483051 0.00345964848763 0.00295135715155 0.0032836748669
nonkin 0.0207006494441 0.0223722798925 0.0252491340976 0.0187041650099 0.0219091229876 0.0221368260709
many_rivals 1 1 1 1 1 1
O' values
no_rival 15808.6186373 18959.9058143 17093.086462 19101.8443147 25468.6226724 18432.8005356
brother 46091.3490519 48303.1530983 47476.9978676 27170.3903839 29477.9640459 19185.8215425
nonkin 26279.3687449 32048.5888539 31169.3857285 25876.5895053 30352.6526542 27420.3717396
many_rivals 0 0 0 0 0 0
