Parameter Female_0 Female_1 Female_2 Female_3 Female_4 Female_5
Size 23.5246346179 26.580747748 33.2456469789 23.3374974292 25.954955146 33.6603145524
Profit 3.11988736768 3.48059660248 5.53696714398 3.10380530398 3.38905820066 5.76989662752
E values
no_rival 0.0680466881605 0.0759139814068 0.120764704683 0.067695928327 0.0739174718059 0.125845041907
brother 0.0212890868579 0.0237504482229 0.0377824455071 0.0211793481364 0.0231258202292 0.039371879811
nonkin 0.0385273543696 0.0429817371327 0.0683757681444 0.0383287576595 0.0418513333618 0.0712522042773
many_rivals 0.0 0.0 0.0 0.0 0.0 0.0
Observed values
no_rival 229 193 258 173 261 153
brother 82 103 99 84 95 115
nonkin 113 87 255 68 85 210
many_rivals 0 0 0 0 0 0
Q values
no_rival 0.14899029947 0.128648974649 0.0931477093483 0.147406509398 0.146310053796 0.0949324435432
brother 0.0550194032295 0.0630918299934 0.0475623400128 0.0489643489044 0.0495781560985 0.0545310365738
nonkin 0.0723017444847 0.0732543703557 0.105193846824 0.0730675608579 0.0727320857734 0.0939474173345
many_rivals 1 1 1 1 1 1
O' values
no_rival 1537.01281771 1500.20628246 2769.79436 1173.6252402 1783.88287906 1611.67240924
brother 1490.38330456 1632.54101222 2081.47874923 1715.53389108 1916.16646273 2108.89077533
nonkin 1562.89451666 1187.6424516 2424.09615864 930.645545049 1168.67265796 2235.29295385
many_rivals 0 0 0 0 0 0
