Parameter Female_0 Female_1 Female_2 Female_3 Female_4 Female_5
Size 21.8858040356 25.3042869742 31.659958258 19.3964186392 26.0659292581 30.7758823217
Profit 2.99647700536 3.30460146435 4.79588467941 2.86847300466 3.4045183701 4.46885682441
E values
no_rival 0.0730203005423 0.0805288983255 0.11686955716 0.0699010072572 0.0829637451386 0.108900307867
brother 0.0228451312277 0.0251942711301 0.0365638096531 0.0218692291305 0.0259560373041 0.0340705503191
nonkin 0.0413433639641 0.0455946569429 0.0661703745684 0.039577251299 0.04697324286 0.061658265311
many_rivals 0.0 0.0 0.0 0.0 0.0 0.0
Observed values
no_rival 201 199 288 197 199 275
brother 29 86 128 46 84 165
nonkin 135 140 194 80 113 184
many_rivals 0 0 0 0 0 0
Q values
no_rival 0.137857648427 0.131127745633 0.107879300857 0.147779108066 0.133793349163 0.105268791119
brother 0.053349497325 0.0504209895642 0.0615154199803 0.0530083436102 0.0637121695741 0.0579634964418
nonkin 0.0878506992299 0.0934998513016 0.0891517080869 0.0745257335124 0.0758554326153 0.093934437111
many_rivals 1 1 1 1 1 1
O' values
no_rival 1458.025741 1517.60406647 2669.6502268 1333.07070653 1487.36840242 2612.3601979
brother 543.585252984 1705.63887665 2080.77909638 867.787915394 1318.42943917 2846.61916773
nonkin 1536.69807052 1497.3285845 2176.06599092 1073.45471463 1489.67577013 1958.81303661
many_rivals 0 0 0 0 0 0
