Parameter Female_0 Female_1 Female_2 Female_3 Female_4 Female_5
Size 20.2651240463 27.2986387718 33.6568436537 23.7220920931 26.8756355815 30.9384503014
Profit 2.90654772251 3.59971051583 5.76787089524 3.13747877751 3.52759508111 4.52500097255
E values
no_rival 0.0659224434598 0.0816438385351 0.130819163928 0.0711601140126 0.080008212314 0.102630044041
brother 0.0206244956608 0.0255430913241 0.0409280836264 0.02226315327 0.0250313693046 0.0321088355786
nonkin 0.0373246282625 0.0462259249402 0.0740685024243 0.0402901449528 0.0452998497301 0.0581081046355
many_rivals 0.0 0.0 0.0 0.0 0.0 0.0
Observed values
no_rival 137 82 48 83 115 57
brother 135 94 123 42 247 123
nonkin 818 595 712 590 557 780
many_rivals 0 0 0 0 0 0
Q values
no_rival 0.00540675422954 0.00426032895923 0.00334377708494 0.00367543643244 0.00497589489248 0.00369807381025
brother 0.00315835972312 0.00405383955192 0.00400406208877 0.00373781217199 0.00415284327686 0.0030143529593
nonkin 0.0226549389834 0.0220193840466 0.0261628671704 0.0220030822463 0.0209408146519 0.0250475785942
many_rivals 1 1 1 1 1 1
O' values
no_rival 25338.6771774 19247.3400023 14355.0239088 22582.3521984 23111.420656 15413.4295108
brother 42743.706175 23187.8935503 30718.8043724 11236.5196718 59477.3227722 40804.7768993
nonkin 36106.9169332 27021.6459616 27214.1426765 26814.4250608 26598.7741766 31140.7347048
many_rivals 0 0 0 0 0 0
