Parameter Female_0 Female_1 Female_2 Female_3 Female_4 Female_5
Size 21.0555561316 26.9444425371 30.0895764199 22.9253837237 29.3773134488 34.0020166917
Profit 2.94700805972 3.53893996048 4.2498071372 3.07031565473 4.05037120583 5.97591282679
E values
no_rival 0.0658075966926 0.0790256181589 0.0948995009308 0.0685610932278 0.090446035222 0.133443972058
brother 0.0205885647012 0.0247239548972 0.0296902578612 0.0214500236273 0.0282969465796 0.0417492810981
nonkin 0.0372596031714 0.0447435147454 0.053731148432 0.0388186053747 0.0512096406824 0.0755546425395
many_rivals 0.0 0.0 0.0 0.0 0.0 0.0
Observed values
no_rival 103 129 71 91 71 51
brother 54 145 204 184 138 178
nonkin 875 852 541 600 408 687
many_rivals 0 0 0 0 0 0
Q values
no_rival 0.00529289043459 0.0052553302244 0.00333761045713 0.0033622090009 0.00386520032035 0.00294808643629
brother 0.0033168742269 0.00326327704542 0.00380116907148 0.00303663067727 0.0037535143221 0.00347637373747
nonkin 0.020959646898 0.0219800563025 0.0217482912345 0.0191394455817 0.0185986367067 0.0238699488182
many_rivals 1 1 1 1 1 1
O' values
no_rival 19460.0665313 24546.5069733 21272.7042032 27065.539345 18369.0350086 17299.3570922
brother 16280.3881926 44433.8614166 53667.6996376 60593.4733444 36765.5450753 51202.7800928
nonkin 41746.8864938 38762.4120827 24875.5175369 31348.8704487 21937.0917576 28780.9582346
many_rivals 0 0 0 0 0 0
