Parameter Female_0 Female_1 Female_2 Female_3 Female_4 Female_5
Size 23.5959224013 25.7256612731 29.831453138 22.1356518762 27.6406355214 34.5354625933
Profit 3.12616345343 3.35811461496 4.17444000346 3.0129333736 3.66234053783 6.32509016265
E values
no_rival 0.0703194480129 0.075536922367 0.0938992222188 0.0677724677187 0.0823801342737 0.142275621699
brother 0.0220001425053 0.0236324815317 0.0293773106634 0.0212032942505 0.0257734488089 0.0445123510047
nonkin 0.0398141682704 0.042768250075 0.0531648006281 0.0383720934976 0.0466428082244 0.0805550342498
many_rivals 0.0 0.0 0.0 0.0 0.0 0.0
Observed values
no_rival 119 95 50 95 103 54
brother 104 226 158 115 133 278
nonkin 671 748 545 568 739 435
many_rivals 0 0 0 0 0 0
Q values
no_rival 0.00444966186275 0.0036234228352 0.00254890150983 0.00481916770682 0.00362646772141 0.00360768572181
brother 0.00284292978078 0.00391061077304 0.00326281958044 0.00234694608601 0.0043720902859 0.00453737192077
nonkin 0.0224766550738 0.0228368233185 0.0228052170164 0.0214604153967 0.0216178419636 0.0229372145151
many_rivals 1 1 1 1 1 1
O' values
no_rival 26743.6051706 26218.3036098 19616.2934531 19712.9475004 28402.2933369 14968.0443819
brother 36581.9798657 57791.4840203 48424.3753308 48999.8473699 30420.231812 61268.9470589
nonkin 29853.1964742 32754.1177495 23898.0405057 26467.3348349 34184.725804 18964.8136967
many_rivals 0 0 0 0 0 0
