Parameter Female_0 Female_1 Female_2 Female_3 Female_4 Female_5
Size 21.3643215821 27.1612988734 31.664300868 20.5397469703 27.321827832 33.0828853892
Profit 2.96451321438 3.57566696224 4.79762843309 2.9199313294 3.60383151709 5.45037114745
E values
no_rival 0.0676762971965 0.0816282075715 0.109524128987 0.066658545991 0.0822711707316 0.124425465812
brother 0.0211732063409 0.0255382010208 0.034265718995 0.0208547926987 0.0257393584751 0.038927751234
nonkin 0.0383176427097 0.0462170748449 0.0620114665913 0.0377414021547 0.0465811141565 0.0704484544882
many_rivals 0.0 0.0 0.0 0.0 0.0 0.0
Observed values
no_rival 225 197 267 253 203 197
brother 44 71 107 99 91 110
nonkin 108 99 146 133 123 199
many_rivals 0 0 0 0 0 0
Q values
no_rival 0.143260024067 0.134817828786 0.120121060687 0.143459254814 0.136966337994 0.0941962173247
brother 0.0549953042766 0.0498437971275 0.0537872774684 0.0544985508898 0.0583294000516 0.051640208947
nonkin 0.076176304232 0.0823431441617 0.07841979817 0.072750079554 0.0812566204101 0.0955825462051
many_rivals 1 1 1 1 1 1
O' values
no_rival 1570.57072596 1461.23106843 2222.75759532 1763.56694678 1482.11599269 2091.37909775
brother 800.068307263 1424.45006383 1989.31801415 1816.56206236 1560.10519429 2130.12306191
nonkin 1417.76371391 1202.28588558 1861.7747483 1828.176695 1513.72281273 2081.97006568
many_rivals 0 0 0 0 0 0
