Parameter Female_0 Female_1 Female_2 Female_3 Female_4 Female_5
Size 22.0309246651 25.2183979491 31.3988047902 23.7492177297 28.2474130423 33.9548138183
Profit 3.005941592 3.29420250546 4.69358489863 3.13994661943 3.78383029254 5.94666269959
E values
no_rival 0.0670341168921 0.0734624905569 0.104669471814 0.0700225011962 0.084381453986 0.132613781845
brother 0.0209722938109 0.0229834747956 0.0327468909516 0.0219072397242 0.0263995816941 0.0414895477881
nonkin 0.0379540466431 0.0415937275284 0.0592628082462 0.0396460399523 0.0477759354323 0.075084597143
many_rivals 0.0 0.0 0.0 0.0 0.0 0.0
Observed values
no_rival 73 138 87 105 102 46
brother 115 85 205 125 124 176
nonkin 562 896 735 538 670 612
many_rivals 0 0 0 0 0 0
Q values
no_rival 0.00338965213301 0.00433481555321 0.00411292892318 0.00423829214924 0.00413936829269 0.0024689514736
brother 0.00364062012482 0.00200819257369 0.00362135988595 0.00473018644361 0.00364100190024 0.00401124965842
nonkin 0.0184634072658 0.025340003261 0.0235686611336 0.0203946849039 0.0219410261509 0.0232672702623
many_rivals 1 1 1 1 1 1
O' values
no_rival 21536.1332478 31835.2645703 21152.8090139 24774.1298388 24641.4411059 18631.3908928
brother 31588.0251323 42326.6180313 56608.5687301 26426.0196697 34056.5600891 43876.6008071
nonkin 30438.5854631 35359.1114718 31185.4795583 26379.4220178 30536.4022353 26303.0425615
many_rivals 0 0 0 0 0 0
