Parameter Female_0 Female_1 Female_2 Female_3 Female_4 Female_5
Size 24.6455524029 26.0323908807 33.8446137399 22.144176926 26.7598424044 31.824386605
Profit 3.22896456832 3.39981209718 5.8793734991 3.01350858132 3.5088301206 4.86291008185
E values
no_rival 0.0719195577969 0.0757248887217 0.130952797168 0.0671206512181 0.0781530751791 0.108312846206
brother 0.0225007528523 0.0236912886855 0.0409698921221 0.0209993669401 0.0244509711005 0.0338867570641
nonkin 0.040720134429 0.0428746747453 0.0741441642287 0.0380030415132 0.0442494896357 0.0613256503934
many_rivals 0.0 0.0 0.0 0.0 0.0 0.0
Observed values
no_rival 81 110 50 129 53 65
brother 82 175 113 191 137 79
nonkin 852 697 1015 568 481 549
many_rivals 0 0 0 0 0 0
Q values
no_rival 0.00295571698365 0.00500546116648 0.00259912162779 0.00566772328224 0.00294871471395 0.00319572340837
brother 0.00263593242016 0.00366005125921 0.00405697326344 0.00297381677806 0.00356285660866 0.00288314475425
nonkin 0.0214527859671 0.0232659672972 0.0273813511508 0.0191914401377 0.0183754645766 0.0227069493926
many_rivals 1 1 1 1 1 1
O' values
no_rival 27404.5182431 21975.9970843 19237.2682623 22760.4619308 17973.932761 20339.6826614
brother 31108.5365364 47813.5380098 27853.2769783 64227.225231 38452.2912505 27400.6360186
nonkin 39715.1214442 29957.9205583 37069.0253526 29596.5282399 26176.2089331 24177.6202742
many_rivals 0 0 0 0 0 0
