Parameter Female_0 Female_1 Female_2 Female_3 Female_4 Female_5
Size 21.2386023828 28.2390531699 33.182908628 24.0620698774 26.6980412289 34.0231332075
Profit 2.95726328912 3.78206093348 5.50327466384 3.16933437013 3.49898021832 5.98908202248
E values
no_rival 0.0632051384566 0.0808334130516 0.117620652301 0.0677377014133 0.0747831719852 0.128003739082
brother 0.0197743596175 0.0252895416073 0.0367987972789 0.0211924172642 0.0233966631873 0.0400472498093
nonkin 0.0357861173428 0.0457670701357 0.0665956371263 0.0383524091632 0.0423414841463 0.0724744370311
many_rivals 0.0 0.0 0.0 0.0 0.0 0.0
Observed values
no_rival 131 101 111 85 118 58
brother 89 156 210 200 169 199
nonkin 751 645 808 572 474 591
many_rivals 0 0 0 0 0 0
Q values
no_rival 0.00592468642414 0.00416145014655 0.00469037150135 0.00384049050764 0.00493457233511 0.00451220101857
brother 0.00329995609768 0.00306496546775 0.00422389452198 0.00414855573852 0.00384843780763 0.00348565377206
nonkin 0.0197387480791 0.0214749179795 0.0249337079115 0.0204361487691 0.0194424282445 0.0229152108491
many_rivals 1 1 1 1 1 1
O' values
no_rival 22110.8748416 24270.3856692 23665.5028217 22132.5895302 23912.9132145 12854.0372562
brother 26970.0557721 50897.8002008 49717.150584 48209.5487215 43913.9225961 57091.155064
nonkin 38046.9924936 30035.0390449 32405.930272 27989.6181254 24379.6707921 25790.7293061
many_rivals 0 0 0 0 0 0
