Parameter Female_0 Female_1 Female_2 Female_3 Female_4 Female_5
Size 24.8330350453 28.1513345191 32.9535772315 20.3890285698 25.9178433229 33.6546183344
Profit 3.2495501729 3.76366146641 5.38343109181 2.91250098656 3.38395932151 5.76657281737
E values
no_rival 0.070702409238 0.0818882365476 0.117130534353 0.0633690282351 0.0736268295808 0.125466778336
brother 0.0221199557542 0.0256195536863 0.0366454589776 0.0198256341736 0.0230348899026 0.0392535362702
nonkin 0.0400309970865 0.0463643006509 0.0663181372452 0.0358789100964 0.0416867746403 0.071038035226
many_rivals 0.0 0.0 0.0 0.0 0.0 0.0
Observed values
no_rival 190 248 182 211 195 191
brother 85 82 131 54 71 116
nonkin 137 176 192 100 80 173
many_rivals 0 0 0 0 0 0
Q values
no_rival 0.13556585489 0.136020821118 0.108479642054 0.150474615835 0.137634376713 0.0941629163763
brother 0.0554598908613 0.0531643643944 0.0578166917574 0.0547743134479 0.0492716688194 0.0498384727276
nonkin 0.0787611768307 0.0795051243417 0.0867959394947 0.0724838807735 0.0851004395106 0.102612069135
many_rivals 1 1 1 1 1 1
O' values
no_rival 1401.53285762 1823.2502786 1677.7341495 1402.22986335 1416.79720327 2028.39936729
brother 1532.6391502 1542.38653907 2265.78166301 985.863566347 1440.99036427 2327.51915642
nonkin 1739.43566504 2213.69378964 2212.08504819 1379.61708083 940.06565019 1685.96151952
many_rivals 0 0 0 0 0 0
