Parameter Female_0 Female_1 Female_2 Female_3 Female_4 Female_5
Size 23.143304333 25.3395048839 30.7012143837 21.0499424447 25.8816936741 32.0486269449
Profit 3.08770229351 3.30891404995 4.44363705244 2.9466990743 3.37902659933 4.95770822201
E values
no_rival 0.0742744719031 0.0795957058909 0.106891391729 0.0708826489072 0.0812822585712 0.119257339289
brother 0.0232375112796 0.024902312545 0.0334420408164 0.0221763455371 0.0254299674166 0.0373108511698
nonkin 0.0420534632468 0.0450662927184 0.0605208370831 0.0401330469848 0.0460212019804 0.0675223129318
many_rivals 0.0 0.0 0.0 0.0 0.0 0.0
Observed values
no_rival 260 174 278 235 132 249
brother 76 72 72 66 59 125
nonkin 112 157 171 115 120 199
many_rivals 0 0 0 0 0 0
Q values
no_rival 0.136967719203 0.133711213878 0.112641670037 0.153045049169 0.137605985199 0.101849307104
brother 0.0545324584198 0.0465594884348 0.0567128351904 0.0476357135233 0.0581931485158 0.0612342961468
nonkin 0.0840425253113 0.0912127612493 0.0894733751892 0.0824919735044 0.0761548114975 0.086295128746
many_rivals 1 1 1 1 1 1
O' values
no_rival 1898.25749829 1301.3119465 2468.00318132 1535.49560261 959.26060054 2444.78835526
brother 1393.66539126 1546.40874332 1269.55388067 1385.5150919 1013.8650598 2041.33970447
nonkin 1332.65866994 1721.25038042 1911.18307137 1394.07502469 1575.73760135 2306.03978338
many_rivals 0 0 0 0 0 0
