Parameter Female_0 Female_1 Female_2 Female_3 Female_4 Female_5
Size 20.2351769253 27.7294201083 30.7338256674 22.6527524048 26.8881371103 33.3748343584
Profit 2.90512946147 3.67926638307 4.4546084368 3.04953986359 3.52964547647 5.60760449252
E values
no_rival 0.0665666317387 0.0843048041882 0.102070590411 0.0698755768942 0.0808764682321 0.128489744826
brother 0.0208260364058 0.0263756010383 0.031933804916 0.0218612729871 0.0253030118511 0.0401993015662
nonkin 0.0376893612242 0.0477325370833 0.0577913475848 0.0395628528817 0.0457914475483 0.072749608623
many_rivals 0.0 0.0 0.0 0.0 0.0 0.0
Observed values
no_rival 108 69 84 119 72 50
brother 133 257 277 109 152 113
nonkin 658 383 844 703 558 838
many_rivals 0 0 0 0 0 0
Q values
no_rival 0.00429099174154 0.00419653427911 0.00367648589158 0.00424739181956 0.00502112346795 0.00379954783045
brother 0.00346049533833 0.00429112552363 0.00537181219119 0.00378258762958 0.00369907574755 0.00272841972005
nonkin 0.0213893015873 0.0204431928754 0.0260579238412 0.0230238276697 0.0221931095984 0.0273145940216
many_rivals 1 1 1 1 1 1
O' values
no_rival 25169.0067251 16442.1390154 22847.9048954 28017.1938581 14339.4203428 13159.4606072
brother 38433.8041224 59891.0469024 51565.4662042 28816.2524373 41091.3456154 41415.9152896
nonkin 30763.042791 18734.8425627 32389.3801035 30533.5850357 25142.9389615 30679.5700253
many_rivals 0 0 0 0 0 0
