Parameter Female_0 Female_1 Female_2 Female_3 Female_4 Female_5
Size 20.5175514671 25.2954742448 31.8106464637 22.3738738613 29.2072619224 30.2295518574
Profit 2.91882388748 3.3035267502 4.8572298517 3.02935772455 4.00656325491 4.2922269672
E values
no_rival 0.0693221019681 0.0784587995234 0.115359266623 0.0719472819104 0.0951559248539 0.101940441411
brother 0.0216881128218 0.0245466200189 0.0360913001557 0.0225094266185 0.0297704826498 0.0318930864998
nonkin 0.0392494809133 0.0444225877022 0.0653152631694 0.0407358315449 0.053876333093 0.0577176585225
many_rivals 0.0 0.0 0.0 0.0 0.0 0.0
Observed values
no_rival 78 87 71 105 82 45
brother 192 98 91 78 243 277
nonkin 661 597 807 719 653 576
many_rivals 0 0 0 0 0 0
Q values
no_rival 0.00386648206569 0.00438963808619 0.00279188175618 0.00423765328047 0.0038290765095 0.00251783317441
brother 0.00225388834998 0.00372421247412 0.0027350548247 0.00347625999037 0.00413548208717 0.00409624183528
nonkin 0.0215413581544 0.0204331312533 0.0251957100092 0.0215848867204 0.0230639076803 0.0206616774257
many_rivals 1 1 1 1 1 1
O' values
no_rival 20173.3769031 19819.4015752 25430.8764484 24777.8647876 21415.0852814 17872.5105608
brother 85186.11847 26314.2881028 33271.7279296 22437.9074684 58759.7757354 67622.9605425
nonkin 30685.158998 29217.2546928 32029.2621127 33310.3439139 28312.6350076 27877.6978331
many_rivals 0 0 0 0 0 0
