Parameter Female_0 Female_1 Female_2 Female_3 Female_4 Female_5
Size 20.5034304666 27.5456460505 33.2367197628 19.1763329507 26.4035633383 32.934922722
Profit 2.91812171449 3.64454077492 5.53214875147 2.85977093399 3.45358089953 5.37390717919
E values
no_rival 0.0653003348261 0.0815557938203 0.123795784112 0.0639945889124 0.0772825848794 0.12025472974
brother 0.0204298627537 0.0255155456546 0.0387307490172 0.0200213470871 0.0241786295054 0.0376228947465
nonkin 0.0369723965752 0.0461760749031 0.0700919350062 0.0362330962963 0.0437566267329 0.0680870254316
many_rivals 0.0 0.0 0.0 0.0 0.0 0.0
Observed values
no_rival 114 65 55 81 106 67
brother 241 91 174 190 88 168
nonkin 523 455 857 477 907 808
many_rivals 0 0 0 0 0 0
Q values
no_rival 0.00387589246839 0.00291689878709 0.00374073787454 0.00454302701332 0.00512250251478 0.00355104957554
brother 0.00405358746929 0.00270384669127 0.00298131501141 0.00374535970904 0.00284030465869 0.00361037380487
nonkin 0.0198854739766 0.0232384218403 0.0277965966082 0.0189805421843 0.0244278869454 0.0258207688834
many_rivals 1 1 1 1 1 1
O' values
no_rival 29412.5806972 22283.9408373 14702.9815626 17829.5219823 20693.0108271 18867.6611168
brother 59453.509225 33655.7543347 58363.5071551 50729.4398296 30982.5918606 46532.5778104
nonkin 26300.6051862 19579.6428487 30831.1126027 25130.9997032 37129.6953366 31292.6390244
many_rivals 0 0 0 0 0 0
