Parameter Female_0 Female_1 Female_2 Female_3 Female_4 Female_5
Size 20.1611821798 27.9451385946 34.4026649574 24.0602552616 27.9131428515 30.6876548058
Profit 2.90165908021 3.72158290284 6.23487648578 3.16915890097 3.71519793724 4.43909490518
E values
no_rival 0.0638592113467 0.0819039530722 0.137216083703 0.069746301152 0.0817634338533 0.0976948331634
brother 0.0199789928619 0.0256244707582 0.0429294239472 0.0218208277784 0.0255805079153 0.0305648055035
nonkin 0.0361564468724 0.0463731991899 0.0776903744316 0.0394896582492 0.0462936386134 0.0553138375888
many_rivals 0.0 0.0 0.0 0.0 0.0 0.0
Observed values
no_rival 197 260 207 222 213 251
brother 78 116 170 58 84 130
nonkin 89 110 190 93 119 153
many_rivals 0 0 0 0 0 0
Q values
no_rival 0.148389752222 0.130581390098 0.0941044983825 0.150422575143 0.131629638369 0.123018037773
brother 0.0527465581207 0.0625255066709 0.0568706395609 0.0480738568788 0.04796160311 0.062054263744
nonkin 0.071334138313 0.0755301156766 0.091402582815 0.0775762145475 0.0850502737378 0.0759752051459
many_rivals 1 1 1 1 1 1
O' values
no_rival 1327.58493798 1991.09536056 2199.68230593 1475.84230485 1618.17659487 2040.35119194
brother 1478.76947386 1855.24286289 2989.24016527 1206.47694538 1751.40100733 2094.94065607
nonkin 1247.64947198 1456.37271987 2078.71587595 1198.82106316 1399.17245142 2013.81489798
many_rivals 0 0 0 0 0 0
