Parameter Female_0 Female_1 Female_2 Female_3 Female_4 Female_5
Size 23.9992233893 28.8458643438 33.058962445 23.5985469585 27.7654356184 31.3972259662
Profit 3.16329186213 3.91796886436 5.43786421162 3.1263961194 3.68621301444 4.69298152956
E values
no_rival 0.0700717029559 0.0867889408944 0.12045692347 0.0692544064061 0.0816551980144 0.103956644549
brother 0.0219226329868 0.0271527880482 0.0376861530769 0.0216669335882 0.0255466452508 0.0325238758136
nonkin 0.0396738974966 0.049139030445 0.0682015054996 0.0392111523631 0.0462323565638 0.0588592125773
many_rivals 0.0 0.0 0.0 0.0 0.0 0.0
Observed values
no_rival 93 97 64 99 57 67
brother 85 268 248 106 72 165
nonkin 593 721 645 679 571 751
many_rivals 0 0 0 0 0 0
Q values
no_rival 0.00365047895413 0.00393431588725 0.00307893408564 0.00462512741413 0.00328911904788 0.00277106134654
brother 0.00345263284638 0.00372342558881 0.0046516596006 0.00246559984556 0.00273370915447 0.00291592544291
nonkin 0.0195365670334 0.0217544509521 0.0212945267422 0.022296984385 0.0204168580802 0.0229538923984
many_rivals 1 1 1 1 1 1
O' values
no_rival 25476.1090719 24654.8581201 20786.4144603 21404.8157241 17329.8683235 24178.4614706
brother 24618.8934016 71976.7304617 53314.3052789 42991.5666124 26337.8420789 56585.8089414
nonkin 30353.3368471 33142.642928 30289.4733379 30452.5485723 27967.0847374 32717.7625025
many_rivals 0 0 0 0 0 0
