Parameter Female_0 Female_1 Female_2 Female_3 Female_4 Female_5
Size 21.4998177068 27.5950368506 33.3590088335 22.4744075108 25.6892156299 32.0488393027
Profit 2.97252049409 3.65375642479 5.59885923046 3.03651201625 3.35331747185 4.95779989717
E values
no_rival 0.0671082609389 0.0824879895863 0.126401048183 0.0685529472834 0.075705215274 0.111928355025
brother 0.0209954905173 0.025807192422 0.0395458319344 0.0214474750871 0.0236851336506 0.0350179051531
nonkin 0.037996026261 0.0467038748238 0.0715670094705 0.0388139932224 0.042863535836 0.0633727153316
many_rivals 0.0 0.0 0.0 0.0 0.0 0.0
Observed values
no_rival 159 87 75 102 115 49
brother 47 260 133 73 110 196
nonkin 817 580 657 647 662 527
many_rivals 0 0 0 0 0 0
Q values
no_rival 0.00544625350401 0.00358667694518 0.00335336378739 0.00451793524568 0.00570782047834 0.00311985765612
brother 0.00271077320913 0.00456577756183 0.00336801344768 0.00429419525114 0.00416766397727 0.00478251095978
nonkin 0.0215763867916 0.02278175942 0.0244938799394 0.0212756584283 0.0212129299003 0.0233754905393
many_rivals 1 1 1 1 1 1
O' values
no_rival 29194.3810333 24256.4360632 22365.6020507 22576.6848025 20147.7955441 15705.8447535
brother 17338.2265406 56945.3935237 39489.1534924 16999.6927784 26393.6825521 40982.6556903
nonkin 37865.4687594 25458.9643103 26823.0268796 30410.3396931 31207.3816824 22544.9814247
many_rivals 0 0 0 0 0 0
