Parameter Female_0 Female_1 Female_2 Female_3 Female_4 Female_5
Size 23.7129178764 26.1595157304 32.7723562639 24.4280797081 25.808847145 30.316548204
Profit 3.13664695719 3.41780832832 5.29230379876 3.20597430245 3.3691873786 4.31915733235
E values
no_rival 0.073403413016 0.0799831156509 0.123849820158 0.0750258027293 0.0788452943716 0.101076370364
brother 0.0229649917962 0.0250235175625 0.0387476547346 0.0234725726419 0.0246675387971 0.0316227532322
nonkin 0.0415602784156 0.0452856402504 0.0701225296752 0.0424788592473 0.0446414172203 0.0572284301366
many_rivals 0.0 0.0 0.0 0.0 0.0 0.0
Observed values
no_rival 128 79 74 103 111 57
brother 259 130 112 202 121 61
nonkin 607 559 662 862 777 427
many_rivals 0 0 0 0 0 0
Q values
no_rival 0.00441189159671 0.00357431665759 0.00384487878979 0.00534361552008 0.00540061706885 0.00324937806052
brother 0.00392977108958 0.0037446674367 0.00334432354536 0.00429481103887 0.00410337903011 0.00330734217893
nonkin 0.0219205039958 0.0219348693385 0.0252924381371 0.0231725510451 0.0211714917746 0.0217883310483
many_rivals 1 1 1 1 1 1
O' values
no_rival 29012.4988781 22102.1268029 19246.3804572 19275.3388811 20553.2068993 17541.818446
brother 65907.1467767 34716.0334523 33489.5827156 47033.5011649 29487.8925666 18443.8127958
nonkin 27690.9691546 25484.5374902 26173.8309455 37199.1844283 36700.2952967 19597.6460544
many_rivals 0 0 0 0 0 0
