Parameter Female_0 Female_1 Female_2 Female_3 Female_4 Female_5
Size 23.7951587573 28.3722942573 31.8952509399 22.2086779923 26.8909067749 32.8092966067
Profit 3.14415495985 3.81059377967 4.89243894257 3.01789053224 3.53010038355 5.31062915989
E values
no_rival 0.0705847445755 0.0855459708743 0.109832866867 0.0677501697898 0.0792490310055 0.119221033178
brother 0.0220831431879 0.0267639124477 0.0343623107279 0.0211963181204 0.0247938518404 0.0372994924402
nonkin 0.0399643765312 0.0484352732493 0.0621862708912 0.0383594686333 0.044870008865 0.0675017567753
many_rivals 0.0 0.0 0.0 0.0 0.0 0.0
Observed values
no_rival 103 90 84 101 83 61
brother 126 231 202 79 104 119
nonkin 637 651 818 748 455 704
many_rivals 0 0 0 0 0 0
Q values
no_rival 0.00501021861591 0.00342327766041 0.00369942858607 0.00449058337218 0.00472796130754 0.0033792059777
brother 0.00312443207412 0.00414848055896 0.00362001819228 0.00333700125061 0.00473931850218 0.0039616865531
nonkin 0.0220596048985 0.0218449795939 0.0259197358874 0.0233483729911 0.020969806666 0.0257421149277
many_rivals 1 1 1 1 1 1
O' values
no_rival 20557.9851691 26290.5930888 22706.2093633 22491.5098171 17555.1352054 18051.5779158
brother 40327.3289388 55683.0378538 55800.8245457 23673.9497732 21944.0833006 30037.7120716
nonkin 28876.3104748 29800.8976023 31558.9635463 32036.4935186 21697.8633731 27348.1802866
many_rivals 0 0 0 0 0 0
