Parameter Female_0 Female_1 Female_2 Female_3 Female_4 Female_5
Size 24.6218477091 27.0458167924 32.5857919426 22.521230004 27.2519683346 32.4734073068
Profit 3.2264128943 3.5559232036 5.20166571952 3.03989031629 3.59147063237 5.1485753659
E values
no_rival 0.0722542163458 0.0796334669118 0.116489207231 0.0680771183901 0.0804295372516 0.11530027016
brother 0.0226054541259 0.024914126458 0.0364448133743 0.0212986072595 0.0251631850245 0.0360728425222
nonkin 0.0409096147528 0.0450876726308 0.0659550242421 0.0385445836613 0.0455383996965 0.0652818599618
many_rivals 0.0 0.0 0.0 0.0 0.0 0.0
Observed values
no_rival 89 83 80 134 104 90
brother 93 42 164 241 170 284
nonkin 601 605 587 660 732 579
many_rivals 0 0 0 0 0 0
Q values
no_rival 0.00391348261832 0.00313731913905 0.00345833109572 0.00474133104557 0.00457475240812 0.00449937547805
brother 0.00314680811816 0.00356175835526 0.00374902030063 0.00257511305002 0.00389192792263 0.00556740835671
nonkin 0.0211269086345 0.0205020525912 0.022565508358 0.0215175651617 0.0208695402247 0.0214125662555
many_rivals 1 1 1 1 1 1
O' values
no_rival 22741.8922428 26455.7083043 23132.5450877 28262.1058754 22733.4707372 20002.7760384
brother 29553.7562215 11791.9285395 43744.7617908 93588.1242178 43680.1511691 51011.1674596
nonkin 28447.1339559 29509.2404679 26013.1520499 30672.6153745 35075.0420047 27040.1965412
many_rivals 0 0 0 0 0 0
