Parameter Female_0 Female_1 Female_2 Female_3 Female_4 Female_5
Size 23.8098518382 27.6736552346 30.3216678016 22.7912438907 25.9622119892 33.3356031325
Profit 3.14550855265 3.66860254572 4.32075585562 3.05996097245 3.39005938481 5.58597255565
E values
no_rival 0.072245430482 0.0842597518801 0.0992382826407 0.0702805902488 0.0778622265735 0.128297534465
brother 0.0226027053806 0.0263615059732 0.031047689107 0.0219879854652 0.0243599762058 0.0401391666327
nonkin 0.0409046402846 0.047707028917 0.0561877232483 0.039792167393 0.0440848140637 0.0726407810388
many_rivals 0.0 0.0 0.0 0.0 0.0 0.0
Observed values
no_rival 107 65 82 78 97 80
brother 140 162 140 112 113 88
nonkin 676 586 749 370 584 988
many_rivals 0 0 0 0 0 0
Q values
no_rival 0.0055523954749 0.00293947090628 0.00443970223917 0.00338264127453 0.00417838254929 0.00388622065009
brother 0.00338545269939 0.00310689247099 0.00387433817255 0.00439364349561 0.0036754991295 0.00346988280947
nonkin 0.0195108345021 0.0222435230131 0.0231322074424 0.0185544316849 0.0203579109757 0.0267909195183
many_rivals 1 1 1 1 1 1
O' values
no_rival 19270.9616027 22112.8230462 18469.707107 23058.9038771 23214.7245629 20585.552701
brother 41353.4060084 52142.1328587 36135.2039406 25491.371822 30744.1237282 25361.0870545
nonkin 34647.4160255 26344.7476218 32379.0974928 19941.3275644 28686.63689 36878.1668477
many_rivals 0 0 0 0 0 0
