Parameter Female_0 Female_1 Female_2 Female_3 Female_4 Female_5
Size 20.3483179758 26.4412416039 30.5096134388 19.2995757754 27.70453966 29.621302073
Profit 2.91052969651 3.45925096946 4.38051308562 2.86459965802 3.67449476591 4.11571463828
E values
no_rival 0.0723629694653 0.0860055379527 0.10891039354 0.0712210350685 0.0913570312869 0.102326848977
brother 0.0226394786269 0.0269076926039 0.0340737057229 0.0222822130315 0.0285819608084 0.0320139779709
nonkin 0.0409711896816 0.0486954755334 0.0616639757184 0.0403246378454 0.0517254375443 0.0579364386222
many_rivals 0.0 0.0 0.0 0.0 0.0 0.0
Observed values
no_rival 192 230 235 245 209 210
brother 54 84 128 83 87 102
nonkin 139 149 132 105 162 157
many_rivals 0 0 0 0 0 0
Q values
no_rival 0.138809598542 0.136167150104 0.12546309556 0.148270549534 0.114612519462 0.114913004174
brother 0.0504209589599 0.0542578830574 0.058112009264 0.0573706565772 0.0599208137315 0.0593023852404
nonkin 0.0928090394816 0.0827075641304 0.0812445963397 0.0732262211796 0.0869730607157 0.0886754793348
many_rivals 1 1 1 1 1 1
O' values
no_rival 1383.18964983 1689.10049028 1873.06075106 1652.38478423 1823.53551759 1827.46941053
brother 1070.98320052 1548.16213362 2202.64282067 1446.73261475 1451.9161971 1719.99826966
nonkin 1497.69893942 1801.52808956 1624.72343943 1433.91258362 1862.64572808 1770.5007199
many_rivals 0 0 0 0 0 0
