Parameter Female_0 Female_1 Female_2 Female_3 Female_4 Female_5
Size 21.1008491383 28.7954935664 31.7409486275 21.6575690914 28.453022947 32.8927943628
Profit 2.94951297357 3.90609012893 4.82864056849 2.98210264258 3.82823101987 5.3525209234
E values
no_rival 0.0658228122167 0.0871702682313 0.107758366974 0.0665500996308 0.085432725267 0.11944954397
brother 0.0205933250301 0.0272720901189 0.0337132826916 0.0208208641705 0.026728482427 0.0373709843264
nonkin 0.037268218049 0.0493549341699 0.0610117097972 0.03768000091 0.0483711547189 0.0676311373003
many_rivals 0.0 0.0 0.0 0.0 0.0 0.0
Observed values
no_rival 119 127 59 105 32 70
brother 156 145 125 133 57 113
nonkin 760 1179 375 641 408 796
many_rivals 0 0 0 0 0 0
Q values
no_rival 0.00418434587124 0.00443965198957 0.00356347081377 0.0044811709791 0.00311061306582 0.00361752484956
brother 0.00465538437966 0.0040870766377 0.00302261342714 0.00357914877324 0.00338337693073 0.00316669497271
nonkin 0.0219476565929 0.0266637812866 0.0212169819156 0.0199516298287 0.0202835683824 0.0265897046545
many_rivals 1 1 1 1 1 1
O' values
no_rival 28439.331657 28605.8457506 16556.8916047 23431.3755243 10287.3611481 19350.2471748
brother 33509.5853055 35477.6807125 41354.9410181 37159.6735499 16847.0735502 35683.8915569
nonkin 34627.842694 44217.2843877 17674.5213571 32127.7011203 20114.8038801 29936.3987056
many_rivals 0 0 0 0 0 0
