Parameter Female_0 Female_1 Female_2 Female_3 Female_4 Female_5
Size 24.8845202446 25.6715787794 31.5409825285 24.1269201686 28.9726838443 33.268131937
Profit 3.25533092069 3.35100776049 4.74865816875 3.1756445568 3.94837723645 5.54913898111
E values
no_rival 0.0721001776229 0.0742192608473 0.105174897968 0.0703352569033 0.0874500033962 0.122904219552
brother 0.0225572615711 0.0232202379487 0.0329050185784 0.0220050884748 0.0273596080625 0.0384518141291
nonkin 0.0408223995683 0.0420222032991 0.0595489754807 0.0398231191061 0.0495133174229 0.0695871400683
many_rivals 0.0 0.0 0.0 0.0 0.0 0.0
Observed values
no_rival 209 220 222 205 180 216
brother 90 63 71 67 116 123
nonkin 108 123 169 128 177 241
many_rivals 0 0 0 0 0 0
Q values
no_rival 0.132948340023 0.142313845132 0.111993834165 0.147371312037 0.1323223358 0.104513291747
brother 0.0607045005408 0.0490543047387 0.051608129511 0.0432590473048 0.0517128520268 0.0598138062701
nonkin 0.076023207837 0.0810036068199 0.0928345069785 0.0887377649391 0.0893387162183 0.0892924418665
many_rivals 1 1 1 1 1 1
O' values
no_rival 1572.03918427 1545.87910822 1982.25198427 1391.04413991 1360.31455999 2066.72277171
brother 1482.5918869 1284.29095745 1375.75224432 1548.80895846 2243.1561102 2056.38142212
nonkin 1420.6188225 1518.45090396 1820.4437714 1442.45237738 1981.22390261 2698.99663356
many_rivals 0 0 0 0 0 0
