Parameter Female_0 Female_1 Female_2 Female_3 Female_4 Female_5
Size 21.8274568948 28.1425811112 30.4817024373 19.6623174178 26.5303124044 31.8910783905
Profit 2.99274360049 3.76184192577 4.37150524091 2.87947643364 3.47281511217 4.89068937836
E values
no_rival 0.0712005277851 0.0894981883898 0.10400272189 0.0685057823818 0.082621935553 0.116354660291
brother 0.0222757971228 0.0280004032196 0.0325382915704 0.021432719076 0.0258490987571 0.0364027190186
nonkin 0.0403130268266 0.0506729792844 0.0588853011067 0.0387872889268 0.0467797136907 0.0658788451101
many_rivals 0.0 0.0 0.0 0.0 0.0 0.0
Observed values
no_rival 85 68 82 83 71 73
brother 177 93 154 117 169 220
nonkin 797 722 828 494 385 772
many_rivals 0 0 0 0 0 0
Q values
no_rival 0.00411564805452 0.00384221682912 0.00303499487914 0.00514074345989 0.00444443907455 0.00254168247749
brother 0.0026411200721 0.00302591921378 0.00364652687803 0.00330596801892 0.00370317088897 0.00430359655335
nonkin 0.0232853239417 0.021270712357 0.0235596639721 0.018814233745 0.0184692768589 0.0258282226843
many_rivals 1 1 1 1 1 1
O' values
no_rival 20652.8835493 17698.1162241 27018.1674979 16145.5246012 15975.0193014 28721.1328113
brother 67017.0212515 30734.4623004 42231.9662382 35390.5419927 45636.5652753 51120.0335052
nonkin 34227.5676299 33943.3859987 35144.8136519 26256.7164146 20845.4290301 29889.7841108
many_rivals 0 0 0 0 0 0
