Parameter Female_0 Female_1 Female_2 Female_3 Female_4 Female_5
Size 22.853886239 29.1210721535 34.1713076652 24.5949576778 28.0563119045 29.8366190864
Profit 3.06476416559 3.98488660274 6.08296993329 3.22353201954 3.74406813117 4.17591290563
E values
no_rival 0.0671860645494 0.0873570800389 0.133351471274 0.0706665892188 0.0820778335777 0.091544777631
brother 0.0210198321549 0.027330536061 0.0417203413029 0.022108749103 0.0256788710131 0.0286406991296
nonkin 0.0380400778872 0.0494607051472 0.0755022695208 0.0400107161498 0.0464716485934 0.0518317376469
many_rivals 0.0 0.0 0.0 0.0 0.0 0.0
Observed values
no_rival 90 90 59 103 87 86
brother 84 113 272 206 81 232
nonkin 605 643 615 656 558 778
many_rivals 0 0 0 0 0 0
Q values
no_rival 0.00446915212054 0.00386152623361 0.003132057378 0.00397181898843 0.00493980031957 0.00354296423171
brother 0.00321866130392 0.00343596922225 0.00568333089463 0.00412545024494 0.0033603215884 0.00342636471076
nonkin 0.0227923782787 0.023657480661 0.023078002076 0.0229938475115 0.0212871899526 0.0242563867552
many_rivals 1 1 1 1 1 1
O' values
no_rival 20138.0480173 23306.8467117 18837.4582198 25932.7024469 17612.0479314 24273.459842
brother 26097.8065314 32887.3725842 47859.258073 49933.9436351 24104.8357632 67710.2467439
nonkin 26543.9609945 27179.5635898 26648.7539941 28529.3707228 26212.9478452 32074.0268471
many_rivals 0 0 0 0 0 0
