Parameter Female_0 Female_1 Female_2 Female_3 Female_4 Female_5
Size 23.9826003093 26.2043681052 31.4652350222 24.775720678 28.1567320406 32.2792493067
Profit 3.1617054608 3.42426074656 4.7191344967 3.24318016088 3.7647849184 5.05944787698
E values
no_rival 0.0719909078916 0.0779691982883 0.107453012652 0.0738460578103 0.0857228124669 0.115201827181
brother 0.022523075443 0.0243934433765 0.0336177495382 0.0231034776465 0.0268192391084 0.036042043652
nonkin 0.0407605321392 0.0441453803789 0.0608388212332 0.0418108994716 0.0485353991906 0.0652261225318
many_rivals 0.0 0.0 0.0 0.0 0.0 0.0
Observed values
no_rival 258 166 174 182 216 238
brother 109 51 78 117 84 137
nonkin 124 96 129 101 191 226
many_rivals 0 0 0 0 0 0
Q values
no_rival 0.149940503076 0.136242392197 0.113794757639 0.131903228695 0.131589294767 0.0987317512348
brother 0.0523827338944 0.0504561666334 0.0595612466766 0.0612018698405 0.0446670322579 0.059882908377
nonkin 0.0760343216392 0.080801226143 0.0770112075302 0.0789488167985 0.0989384831568 0.0962807419682
many_rivals 1 1 1 1 1 1
O' values
no_rival 1720.68250211 1218.41665669 1529.06868129 1379.79943175 1641.47091435 2410.57205026
brother 2080.83832012 1010.77833301 1309.57634959 1911.70629762 1880.58162259 2287.79803308
nonkin 1630.84245807 1188.10078241 1675.08086339 1279.30986297 1930.49250308 2347.30222659
many_rivals 0 0 0 0 0 0
