Parameter Female_0 Female_1 Female_2 Female_3 Female_4 Female_5
Size 20.4831498306 26.3506331471 33.948319016 21.9760988851 26.338115606 29.9896574729
Profit 2.9171164945 3.44568291144 5.94265827802 3.00233565217 3.44382652512 4.22019965637
E values
no_rival 0.0675802884233 0.079825487055 0.137672445096 0.0695545445988 0.0797824805029 0.0977685706138
brother 0.0211431690361 0.02497420188 0.0430722011728 0.0217608348232 0.0249607468501 0.0305878750022
nonkin 0.0382632835024 0.0451963925157 0.0779487616891 0.0393810876064 0.0451720426359 0.0553555869958
many_rivals 0.0 0.0 0.0 0.0 0.0 0.0
Observed values
no_rival 228 206 215 149 235 243
brother 47 97 216 86 67 138
nonkin 72 120 220 91 120 160
many_rivals 0 0 0 0 0 0
Q values
no_rival 0.153341940729 0.14024025581 0.0930616084271 0.142827887157 0.132776967073 0.111972978063
brother 0.0392205292688 0.053209277897 0.0619957771053 0.0538837624752 0.0539176492631 0.0666674264292
nonkin 0.0788374914069 0.0758039863525 0.0898898558588 0.0732503665319 0.08134996517 0.0772888019475
many_rivals 1 1 1 1 1 1
O' values
no_rival 1486.87305584 1468.90775983 2310.29748608 1043.21363962 1769.88528342 2170.16644734
brother 1198.35200789 1822.99034743 3484.10827456 1596.02811774 1242.63577726 2069.97640964
nonkin 913.27106831 1583.03020427 2447.43967935 1242.31460276 1475.10819149 2070.15759034
many_rivals 0 0 0 0 0 0
