Parameter Female_0 Female_1 Female_2 Female_3 Female_4 Female_5
Size 22.4191798667 27.43828864 30.5331372858 24.7531257387 26.6173346098 34.315902535
Profit 3.03256517196 3.62480100083 4.38814170098 3.24068765631 3.48628764334 6.17713645879
E values
no_rival 0.0673865443856 0.080546599885 0.0975087718599 0.0720112281874 0.07746869851 0.137261973462
brother 0.0210825542765 0.02519980924 0.0305065943641 0.0225294328507 0.0242368570158 0.0429437810174
nonkin 0.0381535875657 0.0456046793889 0.0552084915394 0.0407720372874 0.0438620024094 0.0777163567545
many_rivals 0.0 0.0 0.0 0.0 0.0 0.0
Observed values
no_rival 87 89 66 124 109 30
brother 79 60 199 158 244 60
nonkin 815 631 798 764 734 474
many_rivals 0 0 0 0 0 0
Q values
no_rival 0.00340714879765 0.00400005629643 0.00314446291095 0.0042125657545 0.00423920688943 0.00179251267133
brother 0.0029747015111 0.00295086484552 0.00372997084554 0.00288644826971 0.0034721177333 0.0026543393204
nonkin 0.0203566528409 0.019941501991 0.0216444793834 0.0199448326994 0.0201283510167 0.0211984477317
many_rivals 1 1 1 1 1 1
O' values
no_rival 25534.5466743 22249.6868555 20989.2760287 29435.7423068 25712.3567788 16736.2833634
brother 26557.2864051 20333.02206 53351.6234418 54738.552448 70274.1147457 22604.4950391
nonkin 40036.051426 31642.5513126 36868.5236482 38305.6609957 36465.9777342 22360.1277791
many_rivals 0 0 0 0 0 0
