Parameter Female_0 Female_1 Female_2 Female_3 Female_4 Female_5
Size 19.187978385 25.3674724234 30.3639058066 24.4447293942 27.8964892862 33.8780131742
Profit 2.86022245483 3.31235912039 4.33400274322 3.20770152084 3.71188971737 5.89962101788
E values
no_rival 0.0652566825139 0.0755722923322 0.0988813441946 0.0731845033213 0.0846876816887 0.134601312239
brother 0.0204162056913 0.0236435473791 0.0309360173447 0.0228965037091 0.0264953880931 0.0421113665472
nonkin 0.0369476810726 0.0427882761956 0.0559856282696 0.0414363339355 0.0479493184953 0.0762099169768
many_rivals 0.0 0.0 0.0 0.0 0.0 0.0
Observed values
no_rival 232 265 240 164 211 205
brother 53 78 109 76 65 131
nonkin 105 162 174 95 155 204
many_rivals 0 0 0 0 0 0
Q values
no_rival 0.1585334273 0.145801776071 0.11375068039 0.128339465869 0.122814446532 0.0906111099237
brother 0.0470407461442 0.0479356474973 0.0529310954649 0.0577585808669 0.0468369189177 0.0576950772051
nonkin 0.0706385933696 0.076280304741 0.089162146056 0.0757109902 0.0910665268168 0.0915062417604
many_rivals 1 1 1 1 1 1
O' values
no_rival 1463.41376674 1817.53615862 2109.87748977 1277.86101407 1718.03892749 2262.41572554
brother 1126.68280893 1627.18152507 2059.28101511 1315.82180274 1387.79410563 2270.5576688
nonkin 1486.43956499 2123.74610392 1951.5008072 1254.77159589 1702.0523942 2229.35611905
many_rivals 0 0 0 0 0 0
