Parameter Female_0 Female_1 Female_2 Female_3 Female_4 Female_5
Size 24.7600193976 25.4413220964 32.8497899371 22.2836300011 26.0363933572 31.5416272703
Profit 3.24144699521 3.32154322171 5.33086330236 3.02304942956 3.40037219233 4.74891126831
E values
no_rival 0.0747867723598 0.0766347551486 0.122993854554 0.0697478964965 0.0784534997679 0.109567037963
brother 0.0233977896005 0.0239759494958 0.0384798573358 0.0218213268979 0.0245449619374 0.0342791434972
nonkin 0.0423435226424 0.0433898320176 0.0696378905101 0.0394905615174 0.0444195870336 0.0620357612244
many_rivals 0.0 0.0 0.0 0.0 0.0 0.0
Observed values
no_rival 93 111 79 108 58 70
brother 262 178 110 123 142 250
nonkin 693 617 778 507 561 540
many_rivals 0 0 0 0 0 0
Q values
no_rival 0.00347093782853 0.00497729250733 0.00432342038313 0.00472891102828 0.00325639263108 0.00358388759608
brother 0.00455451181357 0.00465680268061 0.00308537128365 0.00257330841263 0.00345109471713 0.00410583750766
nonkin 0.0218202564106 0.0207178611392 0.0240159849804 0.0183115546189 0.0190668115501 0.0208790176989
many_rivals 1 1 1 1 1 1
O' values
no_rival 26793.911212 22301.2812361 18272.5696322 22838.2389421 17811.1200248 19531.8625719
brother 57525.3749961 38223.6509056 35652.1111682 47798.3903508 41146.3641653 60888.9171901
nonkin 31759.4801344 29781.0664843 32395.0902132 27687.4361872 29422.8533452 25863.2857057
many_rivals 0 0 0 0 0 0
