Parameter Female_0 Female_1 Female_2 Female_3 Female_4 Female_5
Size 22.4943533437 28.4821172659 31.4423673566 19.7940845974 26.4565575741 30.8267523181
Profit 3.0379475108 3.83465307787 4.71030350422 2.88513569324 3.46156727978 4.48624175233
E values
no_rival 0.0721251518555 0.0910400639154 0.111829238102 0.0684971841216 0.0821824817002 0.106509696595
brother 0.0225650750095 0.0284827943966 0.0349868954327 0.0214300290243 0.0257116112247 0.0333226236768
nonkin 0.0408365397291 0.0515459737883 0.0633165963211 0.0387824206778 0.0465308993138 0.0603047251152
many_rivals 0.0 0.0 0.0 0.0 0.0 0.0
Observed values
no_rival 121 100 54 125 110 45
brother 135 204 77 31 132 114
nonkin 706 774 688 718 662 556
many_rivals 0 0 0 0 0 0
Q values
no_rival 0.00438917498296 0.00378328868732 0.0031402735703 0.00528157372818 0.0037828872477 0.00288371398965
brother 0.00395870243097 0.00344610597137 0.00338167540738 0.00192161999209 0.00328478177658 0.00313625141081
nonkin 0.0195972865532 0.0237993194742 0.0230356215322 0.023155494272 0.021230250246 0.022290965834
many_rivals 1 1 1 1 1 1
O' values
no_rival 27567.8232173 26432.0299784 17195.9540439 23667.1883104 29078.318437 15604.8762677
brother 34102.0832846 59197.2509537 22769.7785044 16132.2218377 40185.3179232 36349.1267336
nonkin 36025.395561 32521.9383201 29866.7869255 31007.7596084 31181.9216603 24942.8402583
many_rivals 0 0 0 0 0 0
