Parameter Female_0 Female_1 Female_2 Female_3 Female_4 Female_5
Size 22.0958030919 27.4241844076 33.8428707906 24.3150445539 27.9284507996 32.6423123161
Profit 3.01025681793 3.62223703563 5.87832035599 3.19438951919 3.71824796708 5.22879121578
E values
no_rival 0.0649843491777 0.0781955595701 0.126899080609 0.0689593401759 0.0802682092712 0.112877277487
brother 0.0203310034837 0.0244642627671 0.0397016463592 0.0215746191674 0.0251127119526 0.0353147850344
nonkin 0.0367934886609 0.044273543873 0.0718489904498 0.0390440888142 0.0454470574072 0.0639099857401
many_rivals 0.0 0.0 0.0 0.0 0.0 0.0
Observed values
no_rival 154 112 46 84 78 80
brother 146 114 112 181 195 259
nonkin 814 737 498 413 593 770
many_rivals 0 0 0 0 0 0
Q values
no_rival 0.00496815250179 0.00498102585561 0.00282152382495 0.00446103066419 0.00429187014313 0.0032110261113
brother 0.00213349401674 0.00350757000657 0.00376269013343 0.00325212510654 0.00444736404342 0.00442635075662
nonkin 0.0228956746986 0.0218299142052 0.0213312523372 0.0190513669669 0.0206086316282 0.0236619436467
many_rivals 1 1 1 1 1 1
O' values
no_rival 30997.4381713 22485.3279719 16303.2470587 18829.7293436 18173.895621 24914.1543005
brother 68432.3456521 32501.1332023 29765.9376744 55655.9154616 43846.1970049 58513.2119529
nonkin 35552.5666185 33761.0122089 23346.0273278 21678.2344657 28774.3509951 32541.7054278
many_rivals 0 0 0 0 0 0
