Parameter Female_0 Female_1 Female_2 Female_3 Female_4 Female_5
Size 21.1932290443 28.0107360884 33.60681519 20.6952688309 29.0314307137 31.7772179473
Profit 2.95468836183 3.73479358256 5.73881844014 2.92782158122 3.96271005173 4.84347126245
E values
no_rival 0.0650781223184 0.0822602331738 0.126399634302 0.0644863713719 0.0872801791181 0.106679276006
brother 0.0203603413485 0.0257359365508 0.0395453895876 0.0201752061474 0.0273064768389 0.0333756782913
nonkin 0.0368465820755 0.0465749214207 0.0715662089453 0.0365115386071 0.0494171646149 0.0604007392819
many_rivals 0.0 0.0 0.0 0.0 0.0 0.0
Observed values
no_rival 257 198 228 202 137 227
brother 57 93 166 40 75 120
nonkin 108 128 275 100 145 177
many_rivals 0 0 0 0 0 0
Q values
no_rival 0.163205363235 0.126823681444 0.0910413303944 0.154465899153 0.119985347866 0.109309814067
brother 0.0523219200999 0.0613100749203 0.0574248306128 0.0488263828299 0.0554307497772 0.0507395313475
nonkin 0.0654432247424 0.0811093166279 0.0970649885539 0.0735074953648 0.0816749558431 0.0906131533751
many_rivals 1 1 1 1 1 1
O' values
no_rival 1574.70315255 1561.22261824 2504.3570762 1307.73200497 1141.80608246 2076.66623475
brother 1089.40956087 1516.87956867 2890.7355621 819.229229806 1353.03960891 2365.01987333
nonkin 1650.28542565 1578.11710567 2833.15337587 1360.40548659 1775.33000787 1953.35879403
many_rivals 0 0 0 0 0 0
