Parameter Female_0 Female_1 Female_2 Female_3 Female_4 Female_5
Size 24.7889584243 25.7600719677 31.5620609739 24.5658892823 25.2738003148 34.2793968774
Profit 3.24464535804 3.36267406425 4.75694856931 3.22043404264 3.3008911445 6.15312117107
E values
no_rival 0.0718319509115 0.0744449428704 0.105312247846 0.0712959459471 0.0730771546629 0.136221574052
brother 0.0224733441622 0.0232908448264 0.0329479898612 0.022305649649 0.0228629186078 0.0426182816579
nonkin 0.0406705322866 0.0421499822038 0.0596267416081 0.0403670516358 0.0413755541986 0.0771272930125
many_rivals 0.0 0.0 0.0 0.0 0.0 0.0
Observed values
no_rival 218 233 209 258 208 197
brother 55 84 119 101 54 165
nonkin 88 110 169 119 105 166
many_rivals 0 0 0 0 0 0
Q values
no_rival 0.135057523016 0.149205656075 0.109722876774 0.147809487425 0.130308871134 0.0896752393235
brother 0.05376150328 0.054880623772 0.0508194200625 0.0556905474548 0.0438219053768 0.0627486430128
nonkin 0.0798879523208 0.0732809903838 0.092807562881 0.070411235084 0.0903343834598 0.0928230765899
many_rivals 1 1 1 1 1 1
O' values
no_rival 1614.12704106 1561.60299904 1904.79876344 1745.49012039 1596.20751979 2196.81599387
brother 1023.03686922 1530.59484799 2341.62451782 1813.59323289 1232.26043084 2629.53893627
nonkin 1101.54281645 1501.07141598 1820.97228667 1690.07119188 1162.3481113 1788.34839459
many_rivals 0 0 0 0 0 0
