Parameter Female_0 Female_1 Female_2 Female_3 Female_4 Female_5
Size 22.0744517785 26.9761410999 34.2342658731 23.6652791578 25.7803868555 31.3191367303
Profit 3.00883089567 3.54421581328 6.12365778883 3.13235049292 3.36537963426 4.66336023884
E values
no_rival 0.0671727866517 0.0791253682668 0.136711956384 0.0699303878066 0.0751328127145 0.104110504467
brother 0.0210156780318 0.0247551627159 0.0427717026744 0.0218784211292 0.0235060517858 0.0325720124274
nonkin 0.0380325600743 0.044799992259 0.0774049425852 0.0395938862722 0.0425394472308 0.0589463265239
many_rivals 0.0 0.0 0.0 0.0 0.0 0.0
Observed values
no_rival 91 68 78 63 68 64
brother 79 240 221 148 117 147
nonkin 519 509 968 503 791 825
many_rivals 0 0 0 0 0 0
Q values
no_rival 0.00533185311965 0.00320170784428 0.00360333056813 0.00307337013443 0.00307327929576 0.00301310163559
brother 0.00333208547082 0.00433850750785 0.00541836416737 0.00284096169597 0.00303351179085 0.00335129478825
nonkin 0.020681580116 0.019565348966 0.0266895996005 0.0193146148442 0.0227702248372 0.0234741013691
many_rivals 1 1 1 1 1 1
O' values
no_rival 17067.236842 21238.6648961 21646.6401084 20498.6699435 22126.202488 21240.5712585
brother 23708.8756251 55318.5627928 40787.2179081 52095.0353571 38569.159465 43863.6435432
nonkin 25094.7943576 26015.3806039 36268.8093673 26042.4556253 34738.3482445 35145.1153349
many_rivals 0 0 0 0 0 0
