Parameter Female_0 Female_1 Female_2 Female_3 Female_4 Female_5
Size 20.6931887085 28.3911611128 34.5119364861 23.6894826958 25.3967554948 31.7085476521
Profit 2.92771452449 3.81469187625 6.30894413322 3.13452858244 3.31598563233 4.8154765978
E values
no_rival 0.0640728880039 0.0834843436108 0.138070931264 0.0685990034643 0.0725701820536 0.105386467894
brother 0.0200458437409 0.0261189117421 0.0431968715553 0.0214618842238 0.0227043071573 0.0329712103452
nonkin 0.0362774284589 0.047268000509 0.0781743805724 0.0388400697714 0.0410885113769 0.0596687642567
many_rivals 0.0 0.0 0.0 0.0 0.0 0.0
Observed values
no_rival 278 223 224 239 225 184
brother 68 73 175 59 85 101
nonkin 83 113 197 116 125 159
many_rivals 0 0 0 0 0 0
Q values
no_rival 0.150333666056 0.125982370344 0.0886527266444 0.14762333009 0.14670946258 0.0943068428895
brother 0.0499907393859 0.0560883160579 0.0575549286885 0.0405176978019 0.050909169071 0.0583036777019
nonkin 0.0768619098429 0.078593786807 0.0964149656443 0.0826297839115 0.0755021534597 0.093356040242
many_rivals 1 1 1 1 1 1
O' values
no_rival 1849.21985403 1770.08893698 2526.71303499 1618.98529084 1533.6434068 1951.07793202
brother 1360.25193536 1301.51883905 3040.57365699 1456.15380934 1669.64029371 1732.30924671
nonkin 1079.85867343 1437.7726865 2043.25125963 1403.85215244 1655.5819175 1703.15707037
many_rivals 0 0 0 0 0 0
