Parameter Female_0 Female_1 Female_2 Female_3 Female_4 Female_5
Size 21.1216142959 27.548130064 31.2393906442 20.7166153518 29.4029212301 32.2482968943
Profit 2.95066850743 3.6450022247 4.63355431348 2.92892262691 4.05708989568 5.0455364559
E values
no_rival 0.0675084167562 0.0833940948103 0.106011202163 0.0670108922253 0.0928222586866 0.115436951649
brother 0.0211206832663 0.0260906765024 0.0331666647087 0.0209650277416 0.0290403718527 0.0361156046928
nonkin 0.0382225904832 0.0472169025407 0.0600224825527 0.037940897069 0.0525550346457 0.065359247654
many_rivals 0.0 0.0 0.0 0.0 0.0 0.0
Observed values
no_rival 95 106 65 84 64 89
brother 111 164 285 101 202 123
nonkin 573 734 813 551 445 842
many_rivals 0 0 0 0 0 0
Q values
no_rival 0.00429699656649 0.00386636938933 0.00280758870143 0.0039193731375 0.00258882153394 0.00393188171726
brother 0.00288473622551 0.00341447877955 0.00494841778707 0.00336617553388 0.00382849083865 0.00313053416162
nonkin 0.018688319486 0.0215988026991 0.0250412121691 0.0193000738571 0.0188809209795 0.0251082165549
many_rivals 1 1 1 1 1 1
O' values
no_rival 22108.46542 27415.9008946 23151.5392432 21431.9987031 24721.673225 22635.4723768
brother 38478.3880822 48030.7568412 57594.1669163 30004.3770693 52762.3046556 39290.4193501
nonkin 30660.8628149 33983.3651997 32466.4794383 28549.1135464 23568.7655535 33534.8390101
many_rivals 0 0 0 0 0 0
