Parameter Female_0 Female_1 Female_2 Female_3 Female_4 Female_5
Size 21.4982750087 28.2748319109 29.9159152089 23.5734789581 29.2475899984 31.7406981163
Profit 2.97242817835 3.789652954 4.1987013745 3.12417851512 4.01682653674 4.82853848326
E values
no_rival 0.0689862921577 0.087953043833 0.0974465394366 0.072508225217 0.0932254548752 0.112064260771
brother 0.0215830513644 0.0275169892936 0.0304871243281 0.0226849233414 0.0291665158122 0.0350604246247
nonkin 0.0390593487567 0.0497981338878 0.0551732561636 0.0410534320356 0.0527833202958 0.0634496638058
many_rivals 0.0 0.0 0.0 0.0 0.0 0.0
Observed values
no_rival 231 201 185 193 307 205
brother 38 105 96 81 94 131
nonkin 103 117 112 98 184 208
many_rivals 0 0 0 0 0 0
Q values
no_rival 0.156008925353 0.136797917096 0.113718422637 0.147401346649 0.128727305974 0.109966366619
brother 0.0467791917975 0.0528653603895 0.0489571743427 0.046374560212 0.0546814406198 0.0560922952319
nonkin 0.07618530657 0.0815541461126 0.0908261200372 0.0838885873197 0.0828177174972 0.0926961628016
many_rivals 1 1 1 1 1 1
O' values
no_rival 1480.68451518 1469.32061735 1626.82523825 1309.35031726 2384.8863897 1864.20635967
brother 812.326988557 1986.17770174 1960.89748416 1746.64729174 1719.0476135 2335.43661315
nonkin 1351.96673266 1434.6296979 1233.12544843 1168.21612011 2221.7468141 2243.89007822
many_rivals 0 0 0 0 0 0
