Parameter Female_0 Female_1 Female_2 Female_3 Female_4 Female_5
Size 19.2764426091 25.6188209894 33.3545149812 20.2931322171 29.3548321598 33.4252701276
Profit 2.86368476915 3.34414400768 5.59638062792 2.90788137607 4.04449931737 5.63564913432
E values
no_rival 0.0624791629243 0.0729617032396 0.122100442341 0.0634434335152 0.0882418814108 0.122957192859
brother 0.0195472309125 0.0228267984755 0.0382003443909 0.0198489126096 0.0276073550182 0.0384683873579
nonkin 0.0353750772561 0.0413101867572 0.0691320494491 0.035921037622 0.049961670836 0.0696171330249
many_rivals 0.0 0.0 0.0 0.0 0.0 0.0
Observed values
no_rival 188 237 241 227 163 245
brother 65 81 121 95 45 132
nonkin 71 104 221 90 160 163
many_rivals 0 0 0 0 0 0
Q values
no_rival 0.149459585977 0.143174755386 0.104110388844 0.154919315753 0.104869837823 0.0951088253869
brother 0.051882069671 0.0512914524939 0.0537391053588 0.0506194011018 0.0498607936108 0.0614663799892
nonkin 0.0697153194048 0.0757192800956 0.0858520935094 0.0719751077983 0.0960572267974 0.0922796188567
many_rivals 1 1 1 1 1 1
O' values
no_rival 1257.86511966 1655.31974797 2314.85063763 1465.27887046 1554.30773408 2575.99648617
brother 1252.84130745 1579.2104934 2251.61917364 1876.7507701 902.512710713 2147.5154389
nonkin 1018.42752219 1373.49430513 2574.19465229 1250.43230574 1665.67373778 1766.37053793
many_rivals 0 0 0 0 0 0
