Parameter Female_0 Female_1 Female_2 Female_3 Female_4 Female_5
Size 20.8025102479 26.3015635329 31.2381411816 20.7560692976 27.6840129782 32.3378220224
Profit 2.93339782116 3.43843059575 4.63309084728 2.93096927114 3.67057482841 5.08599486402
E values
no_rival 0.0687940826636 0.0806381176569 0.108655304929 0.0687371282781 0.0860823671264 0.119276815636
brother 0.0215229167021 0.0252284414902 0.0339938987 0.0215050979531 0.0269317293792 0.03731694454
nonkin 0.0389505216633 0.0456564958362 0.0615195470977 0.0389182746598 0.0487389754433 0.0675333402451
many_rivals 0.0 0.0 0.0 0.0 0.0 0.0
Observed values
no_rival 171 238 244 215 249 224
brother 33 93 89 76 120 161
nonkin 96 139 177 105 130 180
many_rivals 0 0 0 0 0 0
Q values
no_rival 0.141504523735 0.129320480947 0.113925180781 0.155586725559 0.12514343738 0.100473535891
brother 0.0447416069059 0.0528635714488 0.0491569558429 0.0517211127765 0.0636661170865 0.0675297097594
nonkin 0.0905557518836 0.0856197922988 0.0892546948923 0.0740959473801 0.0773082243811 0.0822244439494
many_rivals 1 1 1 1 1 1
O' values
no_rival 1208.44193165 1840.38907262 2141.75653115 1381.86596078 1989.71680188 2229.44278823
brother 737.568502388 1759.24549649 1810.52708562 1469.41927426 1884.83302409 2384.13582072
nonkin 1060.120401 1623.45640264 1983.08895923 1417.08155051 1681.58046625 2189.13003669
many_rivals 0 0 0 0 0 0
