Parameter Female_0 Female_1 Female_2 Female_3 Female_4 Female_5
Size 24.1705258476 28.3980995033 31.3757753469 22.8453476806 27.8610681572 30.8409596002
Profit 3.17993086276 3.81620262 4.68480153977 3.06410613706 3.70488755635 4.4911267865
E values
no_rival 0.073767649527 0.0885278043912 0.108677456525 0.0710807616225 0.0859455310787 0.104184613146
brother 0.023078946831 0.0276968088818 0.0340008290483 0.0222383270812 0.0268889188533 0.0325951980689
nonkin 0.0417665054857 0.0501235575682 0.0615320891097 0.040245216423 0.0486615002415 0.0589882861172
many_rivals 0.0 0.0 0.0 0.0 0.0 0.0
Observed values
no_rival 54 130 61 137 86 55
brother 105 317 85 155 148 71
nonkin 351 791 684 627 785 702
many_rivals 0 0 0 0 0 0
Q values
no_rival 0.00298627556104 0.00552507942151 0.00294868657921 0.00495312239075 0.00318926112026 0.00308207219326
brother 0.00256064514314 0.00561462724585 0.00328356900254 0.00433226114788 0.0032287916541 0.00240856036318
nonkin 0.0197431667152 0.022050291142 0.0244480229462 0.021069122604 0.0245264729668 0.024005649049
many_rivals 1 1 1 1 1 1
O' values
no_rival 18082.7250855 23529.0735358 20687.1765993 27659.3205643 26965.4934974 17845.1368272
brother 41005.2912959 56459.6697375 25886.4668092 35778.0832478 45837.5813169 29478.1899949
nonkin 17778.3029979 35872.542222 27977.722432 29759.1889223 32006.2326558 29243.1168416
many_rivals 0 0 0 0 0 0
