Parameter Female_0 Female_1 Female_2 Female_3 Female_4 Female_5
Size 20.9413890351 29.436531046 31.3542743645 24.7980035421 27.9666727198 33.3563208759
Profit 2.94078758187 4.06595711952 4.67663526042 3.24564859267 3.72590177644 5.59737642575
E values
no_rival 0.0645315752403 0.0892218871569 0.102622386615 0.0712213346019 0.0817598361427 0.122826796533
brother 0.0201893486297 0.0279139596159 0.0321064398764 0.0222823067435 0.0255793823356 0.0384275915634
nonkin 0.0365371325853 0.0505165402893 0.0581037690776 0.0403248074382 0.0462916016256 0.0695433039292
many_rivals 0.0 0.0 0.0 0.0 0.0 0.0
Observed values
no_rival 110 92 122 74 88 62
brother 125 111 236 40 253 67
nonkin 789 708 832 621 724 459
many_rivals 0 0 0 0 0 0
Q values
no_rival 0.00479275174459 0.00423282745218 0.00603507659249 0.00423217571514 0.00352082685276 0.00327743062362
brother 0.00380861227776 0.00337517089626 0.00377564478755 0.00358299040556 0.00346984493959 0.00346818478026
nonkin 0.0227212771521 0.0231237141097 0.0256098546644 0.0214871374942 0.023294474749 0.0210951983173
many_rivals 1 1 1 1 1 1
O' values
no_rival 22951.3243877 21734.8807716 20215.1535495 17485.0963147 24994.1288453 18917.2577913
brother 32820.3531585 32887.2236138 62505.8799965 11163.8590876 72913.9210554 19318.4631861
nonkin 34725.1606817 30617.9187583 32487.4940097 28901.0111359 31080.3316151 21758.5060399
many_rivals 0 0 0 0 0 0
