Parameter Female_0 Female_1 Female_2 Female_3 Female_4 Female_5
Size 20.3085166875 29.1362962967 33.4179429496 24.2194960955 28.0381261352 34.1292931325
Profit 2.90861691458 3.98869005836 5.63155841394 3.18478640943 3.74035788308 6.0560830192
E values
no_rival 0.0606786838455 0.0832108421689 0.117483863497 0.0664400480808 0.078030211651 0.126340167047
brother 0.0189839330279 0.0260333440809 0.0367560015336 0.0207864334426 0.0244125320171 0.0395267846624
nonkin 0.0343556640065 0.0471131467276 0.0665181886733 0.0376176908229 0.0441799255347 0.0715325391804
many_rivals 0.0 0.0 0.0 0.0 0.0 0.0
Observed values
no_rival 108 82 86 99 65 41
brother 42 120 229 96 116 138
nonkin 723 658 846 816 545 514
many_rivals 0 0 0 0 0 0
Q values
no_rival 0.00475958094723 0.00334002268984 0.00329281594341 0.00392824518757 0.00450286048476 0.00299424117221
brother 0.00248767502011 0.00294061481214 0.00427673836665 0.00352382948478 0.00322391501902 0.00453534071259
nonkin 0.0201874684048 0.0204649766246 0.0253461742839 0.0204564729841 0.0196084929464 0.019135644828
many_rivals 1 1 1 1 1 1
O' values
no_rival 22691.0732683 24550.7314215 26117.463435 25202.0928615 14435.2684743 13692.9517838
brother 16883.2342088 40807.7928141 53545.4779712 27243.088922 35981.0973042 30427.7029545
nonkin 35814.2975385 32152.4921367 33377.818306 39889.5743481 27794.0788968 26860.8664417
many_rivals 0 0 0 0 0 0
