Parameter Female_0 Female_1 Female_2 Female_3 Female_4 Female_5
Size 21.8645798518 28.222769361 32.9364576956 21.4816785712 25.3611455491 34.2936330136
Profit 2.9951142291 3.77862242502 5.37468959198 2.97143672539 3.31157818916 6.16246690157
E values
no_rival 0.0648108188676 0.0817650329251 0.116302086322 0.064298464985 0.0716587341139 0.133348679077
brother 0.0202767127909 0.0255810082009 0.0363862707266 0.0201164177552 0.0224191515549 0.041719467736
nonkin 0.0366952375346 0.0462945439918 0.0658490782544 0.0364051478899 0.0405724586679 0.0755006886066
many_rivals 0.0 0.0 0.0 0.0 0.0 0.0
Observed values
no_rival 80 110 51 87 75 69
brother 72 236 82 167 80 261
nonkin 478 896 628 552 470 744
many_rivals 0 0 0 0 0 0
Q values
no_rival 0.00388792650612 0.00459127267192 0.00269312653615 0.00584400406282 0.00355415293594 0.00310188537284
brother 0.00376151566831 0.00485563848017 0.00200278777842 0.00247560914883 0.00364193376701 0.0053300640479
nonkin 0.0216027437938 0.0244004421158 0.0260932233288 0.0207247852682 0.0205051859111 0.0256632145619
many_rivals 1 1 1 1 1 1
O' values
no_rival 20576.52064 23958.4986256 18937.0975761 14887.0533054 21102.0744891 22244.5357279
brother 19141.2202817 48603.2889317 40942.9300916 67458.1446263 21966.3522508 48967.516648
nonkin 22126.8189153 36720.6461157 24067.5516431 26634.7753598 22921.0309059 28990.9121948
many_rivals 0 0 0 0 0 0
