Parameter Female_0 Female_1 Female_2 Female_3 Female_4 Female_5
Size 21.3090756569 25.9452247548 29.7158556278 20.6822689584 25.93824059 32.5665804119
Profit 2.96130627698 3.38771788955 4.14185116399 2.92715320628 3.38675736178 5.19251084177
E values
no_rival 0.071643315735 0.0819595542241 0.100204410795 0.0708170455022 0.0819363160353 0.125623173998
brother 0.0224143277609 0.0256418661345 0.0313499519614 0.0221558208558 0.0256345958348 0.0393024662171
nonkin 0.040563728936 0.0464046800061 0.0567347353482 0.0400959029929 0.046391522776 0.071126584886
many_rivals 0.0 0.0 0.0 0.0 0.0 0.0
Observed values
no_rival 106 100 82 84 80 39
brother 134 104 137 232 144 58
nonkin 591 729 578 601 912 657
many_rivals 0 0 0 0 0 0
Q values
no_rival 0.00423994941876 0.00375532012841 0.00390557187955 0.00418673709701 0.00371416941446 0.00246942301819
brother 0.00403904751017 0.00401745811799 0.00331761024352 0.00331509326617 0.00234546886672 0.00244668258106
nonkin 0.0183848060626 0.0204505266358 0.0215671720023 0.0204489803497 0.0242645369949 0.0228178919318
many_rivals 1 1 1 1 1 1
O' values
no_rival 25000.298242 26628.8882387 20995.6448195 20063.356751 21539.1359609 15793.1629019
brother 33176.1385977 25887.0153579 41294.7844815 69982.9481021 61394.9739616 23705.5678775
nonkin 32146.1101079 35647.0037659 26799.9902787 29390.2184716 37585.7161499 28793.1944793
many_rivals 0 0 0 0 0 0
