Parameter Female_0 Female_1 Female_2 Female_3 Female_4 Female_5
Size 21.7111774015 25.8313450862 32.0534027091 24.2300897814 25.4272656642 31.9854067413
Profit 2.98542391601 3.37221180979 4.95977080751 3.18584267752 3.31978533102 4.93057746855
E values
no_rival 0.069826025518 0.0788726005108 0.116003988952 0.0745136162753 0.0776463985552 0.115321186479
brother 0.0218457703436 0.0246760817958 0.0362930079834 0.0233123299879 0.024292452252 0.0360793864019
nonkin 0.039534797388 0.0446568776832 0.0656802985046 0.0421888643989 0.043962614398 0.0652937025726
many_rivals 0.0 0.0 0.0 0.0 0.0 0.0
Observed values
no_rival 77 98 36 119 114 72
brother 140 143 81 176 110 119
nonkin 574 884 355 780 638 810
many_rivals 0 0 0 0 0 0
Q values
no_rival 0.00588943829187 0.00369766190391 0.00295421484005 0.00474799261548 0.00494235295491 0.00350605997163
brother 0.00351985504266 0.00378564614248 0.00333204457157 0.00448100107046 0.00589407120555 0.00331340578724
nonkin 0.0225683492122 0.0261935461288 0.0214699783988 0.0220920039753 0.0213920350456 0.0271152249799
many_rivals 1 1 1 1 1 1
O' values
no_rival 13074.2519378 26503.2343537 12185.9789992 25063.2234794 23065.9366176 20535.8723418
brother 39774.3652233 37774.2648462 24309.3987071 39276.9377272 18662.8217006 35914.7075973
nonkin 25433.8496185 33748.7713826 16534.7162166 35306.8920716 29824.1844986 29872.516293
many_rivals 0 0 0 0 0 0
