Parameter Female_0 Female_1 Female_2 Female_3 Female_4 Female_5
Size 21.9339696931 28.9254654422 31.6458922166 19.5019490488 25.02089256 29.7007652128
Profit 2.99958982946 3.93697087079 4.79024625745 2.87277459197 3.27091491615 4.13764876091
E values
no_rival 0.0725337435891 0.0952007614023 0.115834001821 0.0694671963469 0.0790947153839 0.100053397747
brother 0.0226929070193 0.0297845102123 0.0362398258096 0.0217335070491 0.024745572655 0.0313027060192
nonkin 0.0410678802827 0.0539017190984 0.0655840534908 0.0393316318997 0.0447826369032 0.0566492332705
many_rivals 0.0 0.0 0.0 0.0 0.0 0.0
Observed values
no_rival 114 79 83 59 44 76
brother 182 173 296 140 71 58
nonkin 680 598 1001 410 521 859
many_rivals 0 0 0 0 0 0
Q values
no_rival 0.00433659382032 0.00458718274969 0.00424821817708 0.00347765136174 0.00350182952425 0.00353107521456
brother 0.0031190746962 0.00397064980222 0.00470266671114 0.00262149293528 0.00318922469743 0.00309666682849
nonkin 0.0217887818264 0.0221608284689 0.0281554940082 0.0183608622989 0.0200709184479 0.023810642529
many_rivals 1 1 1 1 1 1
O' values
no_rival 26287.9127544 17221.8994339 19537.6029527 16965.4729192 12564.8606522 21523.189222
brother 58350.6384831 43569.6947898 62943.0104623 53404.683307 22262.4639955 18729.8160288
nonkin 31208.7204056 26984.5507282 35552.5639049 22330.1059245 25957.9551057 36076.3049109
many_rivals 0 0 0 0 0 0
