Parameter Female_0 Female_1 Female_2 Female_3 Female_4 Female_5
Size 22.7021377176 29.351377246 31.4562914697 21.0241117221 25.2480999168 33.0612829252
Profit 3.05322500166 4.04359911827 4.7156761876 2.94528149357 3.29777974444 5.43907490772
E values
no_rival 0.0691594839788 0.0915927349882 0.106816147375 0.0667144243077 0.0746989643007 0.12320206134
brother 0.0216372361576 0.0286557030684 0.0334184998676 0.0208722747889 0.0233703179711 0.0385449969108
nonkin 0.039157408234 0.051858890623 0.060478234482 0.0377730398988 0.0422938065974 0.0697557751101
many_rivals 0.0 0.0 0.0 0.0 0.0 0.0
Observed values
no_rival 113 74 83 82 89 87
brother 178 69 165 92 201 170
nonkin 713 602 742 509 688 755
many_rivals 0 0 0 0 0 0
Q values
no_rival 0.00393078450202 0.00301249338384 0.00331224382205 0.0036341897174 0.00382451966711 0.00356043191967
brother 0.00228476392539 0.00228391008126 0.00393975982963 0.00337240475113 0.00371950215522 0.00479312945241
nonkin 0.0222900969934 0.0220419155211 0.0227503852123 0.018097876608 0.0223981971686 0.0250115365248
many_rivals 1 1 1 1 1 1
O' values
no_rival 28747.4421306 24564.3693018 25058.5417195 22563.4890791 23270.8961508 24435.2376237
brother 77907.3925414 30211.347008 41880.72551 27280.2367418 54039.4901286 35467.433477
nonkin 31987.2991226 27311.6009098 32614.8323677 28124.8464129 30716.7579078 30186.0703061
many_rivals 0 0 0 0 0 0
