Parameter Female_0 Female_1 Female_2 Female_3 Female_4 Female_5
Size 19.1396921876 28.5920899227 33.4485150824 22.1593729157 29.1546790606 30.0203258272
Profit 2.85835669303 3.85924623297 5.64866387588 3.01453617563 3.99329711216 4.22922828239
E values
no_rival 0.0644473164647 0.0870143547507 0.127360321859 0.0679686924235 0.0900367974903 0.0953563333021
brother 0.0201629874291 0.0272233110273 0.0398459502968 0.0212646851116 0.0281689124628 0.0298331824369
nonkin 0.0364894261091 0.0492666575163 0.0721101406333 0.0384831939633 0.050977934371 0.0539898023523
many_rivals 0.0 0.0 0.0 0.0 0.0 0.0
Observed values
no_rival 213 256 243 150 188 263
brother 66 84 172 58 75 118
nonkin 64 162 188 52 128 162
many_rivals 0 0 0 0 0 0
Q values
no_rival 0.163011770893 0.132942137095 0.0996382042365 0.156046513153 0.128596524182 0.118759173061
brother 0.0491340394705 0.0469138318603 0.0654968191928 0.053690762798 0.0515035921687 0.051849398357
nonkin 0.0713676022756 0.0864131165966 0.0842440484339 0.0674872802654 0.0863109977937 0.0908447761166
many_rivals 1 1 1 1 1 1
O' values
no_rival 1306.65410745 1925.64980219 2438.82356032 961.251853499 1461.93686956 2214.56577393
brother 1343.26427689 1790.51671264 2626.0817261 1080.2603088 1456.20910779 2275.82197169
nonkin 896.765450419 1874.71539484 2231.61165085 770.515566719 1483.0091561 1783.26159109
many_rivals 0 0 0 0 0 0
