Parameter Female_0 Female_1 Female_2 Female_3 Female_4 Female_5
Size 21.6025984543 29.4631792356 34.5633423545 23.8656297325 25.5631433244 30.6582844789
Profit 2.97873142274 4.07302745295 6.34431646311 3.15068111138 3.33697356798 4.42929598693
E values
no_rival 0.0652009608316 0.0891538261552 0.138869696696 0.0689647392068 0.0730424640642 0.0969521293364
brother 0.0203987726058 0.0278926660509 0.0434467733083 0.0215763083082 0.0228520653071 0.0303324431842
nonkin 0.0369161320132 0.0504780048308 0.0786266335723 0.0390471456915 0.0413559127285 0.054893326109
many_rivals 0.0 0.0 0.0 0.0 0.0 0.0
Observed values
no_rival 47 78 56 70 134 72
brother 167 68 295 112 93 148
nonkin 466 770 736 556 1076 585
many_rivals 0 0 0 0 0 0
Q values
no_rival 0.00296809301254 0.00462985886251 0.00207293767179 0.00437478288904 0.00432919632887 0.00341142855952
brother 0.00284686314809 0.00187197666933 0.00534407512627 0.00242120618431 0.00221791375328 0.00381568456765
nonkin 0.0188128163311 0.0231067017387 0.0244122372938 0.0202662612418 0.0237549417266 0.021055063923
many_rivals 1 1 1 1 1 1
O' values
no_rival 15835.0832677 16847.1658243 27014.8016326 16000.7940452 30952.6271901 21105.5277119
brother 58661.0565078 36325.239045 55201.3197849 46257.9357041 41931.2968605 38787.2732601
nonkin 24770.3476076 33323.6655196 30148.8139388 27434.7593454 45295.8383305 27784.2899048
many_rivals 0 0 0 0 0 0
