Parameter Female_0 Female_1 Female_2 Female_3 Female_4 Female_5
Size 19.4710982409 26.7646455729 30.3571544905 20.8621192565 25.2483589672 34.4699217325
Profit 2.87150825675 3.50960043788 4.33187831936 2.93654609267 3.29781103152 6.28028569818
E values
no_rival 0.0657910528691 0.0804108110833 0.0992505714937 0.0672811783776 0.0755583618527 0.143891840614
brother 0.0205833888006 0.0251573263555 0.0310515337975 0.0210495894672 0.0236391890893 0.0450180012544
nonkin 0.0372502362239 0.0455277971273 0.056194681074 0.0380939303856 0.0427803888974 0.0814701212371
many_rivals 0.0 0.0 0.0 0.0 0.0 0.0
Observed values
no_rival 200 208 216 212 222 224
brother 84 132 79 81 104 104
nonkin 77 128 106 123 109 262
many_rivals 0 0 0 0 0 0
Q values
no_rival 0.161275779328 0.137060692366 0.118190552221 0.135949263742 0.123079705422 0.0839874064433
brother 0.0501717661982 0.0478843312501 0.0510465316703 0.0489519468266 0.0618825702322 0.0562997694776
nonkin 0.0684358952237 0.0850684635497 0.0851788628422 0.0804165541167 0.075384857202 0.098543771937
many_rivals 1 1 1 1 1 1
O' values
no_rival 1240.11181861 1517.57587394 1827.55724498 1559.40528227 1803.70922434 2667.06652207
brother 1674.2484143 2756.6428632 1547.60759282 1654.68393498 1680.60246382 1847.2544553
nonkin 1125.14053843 1504.67041085 1244.44018696 1529.53581947 1445.91372917 2658.71698282
many_rivals 0 0 0 0 0 0
