Parameter Female_0 Female_1 Female_2 Female_3 Female_4 Female_5
Size 24.8718132005 29.4482661456 30.8367274836 22.2594077783 25.0957672842 31.3542764271
Profit 3.25389899056 4.06906634367 4.48967025515 3.02137430242 3.27964205279 4.67663604227
E values
no_rival 0.0759829091943 0.0950181611028 0.10483982702 0.0705531456045 0.0765840442529 0.109205729116
brother 0.0237720129705 0.0297273818826 0.0328001882813 0.0220732571338 0.023960084085 0.0341661044113
nonkin 0.0430207633567 0.0537983326348 0.0593592616602 0.0399464855098 0.0433611200155 0.0618311917683
many_rivals 0.0 0.0 0.0 0.0 0.0 0.0
Observed values
no_rival 81 73 29 171 98 87
brother 98 131 110 93 183 144
nonkin 732 615 421 950 734 698
many_rivals 0 0 0 0 0 0
Q values
no_rival 0.00442180031821 0.00298738536889 0.00233645949013 0.00659941949979 0.00416971542009 0.00362607362393
brother 0.00294246851124 0.00314951593987 0.00291441826783 0.0033983817577 0.00309895523101 0.00338734423954
nonkin 0.0200773746407 0.0232088820655 0.0190721096626 0.022667027369 0.0215155793306 0.0227112058646
many_rivals 1 1 1 1 1 1
O' values
no_rival 18318.3305828 24436.084062 12411.9421383 25911.3699327 23502.8029797 23992.8939737
brother 33305.3691571 41593.6932853 37743.381317 27365.9661071 59052.1599567 42511.1797965
nonkin 36458.9500919 26498.4758105 22074.1180418 41911.0977604 34114.8146058 30733.7269611
many_rivals 0 0 0 0 0 0
