Parameter Female_0 Female_1 Female_2 Female_3 Female_4 Female_5
Size 20.2058195468 26.3192114867 30.0551193196 21.4300023353 26.3906513493 31.7656590365
Profit 2.9037468307 3.44103122863 4.23953432561 2.96836930904 3.45164700773 4.83873382721
E values
no_rival 0.0707468134496 0.0838371967668 0.10329190578 0.0723212738577 0.084095839337 0.117890787099
brother 0.0221338480558 0.0262293053805 0.0323159056425 0.0226264337391 0.026310224295 0.0368833116517
nonkin 0.040056138307 0.0474677824374 0.0584828441339 0.0409475820455 0.0476142232742 0.0667485847473
many_rivals 0.0 0.0 0.0 0.0 0.0 0.0
Observed values
no_rival 81 105 27 85 77 62
brother 153 120 83 160 160 168
nonkin 434 792 731 670 719 688
many_rivals 0 0 0 0 0 0
Q values
no_rival 0.00450594736 0.00364561177279 0.00153326046505 0.00436458643597 0.00347549772756 0.00306683651373
brother 0.00333362069324 0.00284560687069 0.00252177115311 0.00262987958601 0.00354907903021 0.00390303867402
nonkin 0.0190114214846 0.0206788788075 0.0220400617958 0.0210005238681 0.0235190972826 0.0214332440168
many_rivals 1 1 1 1 1 1
O' values
no_rival 17976.2419595 28801.7503081 17609.5325064 19474.9264901 22155.1000852 20216.2716279
brother 45896.0433951 42170.2664679 32913.3751482 60839.287415 45082.1181039 43043.3859439
nonkin 22828.3824201 38299.9488208 33166.8761536 31903.9660253 30570.9012281 32099.6672021
many_rivals 0 0 0 0 0 0
