Parameter Female_0 Female_1 Female_2 Female_3 Female_4 Female_5
Size 24.0704770826 26.6873209475 32.4609270031 19.1149088608 29.1638844403 31.228404583
Profit 3.17014810617 3.49728318916 5.14274833669 2.85740560722 3.99561011482 4.62948294063
E values
no_rival 0.0724305507509 0.0799048306385 0.11749990282 0.0652851081143 0.0912904481147 0.105772975852
brother 0.0226606221079 0.0249990253136 0.0367610195962 0.0204250989246 0.0285611295972 0.0330921332251
nonkin 0.0410094535296 0.0452413160592 0.0665272699775 0.0369637753632 0.051687738818 0.0598876011976
many_rivals 0.0 0.0 0.0 0.0 0.0 0.0
Observed values
no_rival 71 113 81 75 61 59
brother 84 227 119 201 252 176
nonkin 764 579 693 521 688 660
many_rivals 0 0 0 0 0 0
Q values
no_rival 0.00239446538536 0.0049330259842 0.00360264028251 0.00391114580242 0.00284735287221 0.00261455582995
brother 0.00327508206021 0.00379837541636 0.00176291305918 0.00363476638017 0.00395326601953 0.00436393735308
nonkin 0.0191931004357 0.019594587372 0.0250881446047 0.01865052696 0.0208584072517 0.0226789584827
many_rivals 1 1 1 1 1 1
O' values
no_rival 29651.712835 22906.8325125 22483.510328 19175.966274 21423.4071918 22565.9744283
brother 25648.2123061 59762.3918431 67501.9107609 55299.2899616 63744.7616111 40330.5514631
nonkin 39805.9710342 29548.976409 27622.6086433 27934.8675304 32984.3018068 29101.8655245
many_rivals 0 0 0 0 0 0
