Parameter Female_0 Female_1 Female_2 Female_3 Female_4 Female_5
Size 23.4415139024 25.9638401058 30.4009625086 21.2500579562 27.4840191785 31.4613256276
Profit 3.11267456863 3.3902841935 4.34571126758 2.95791685789 3.63316095479 4.71762209218
E values
no_rival 0.0747613564107 0.0814290859308 0.104376882893 0.0710443291035 0.0872625888284 0.113309573124
brother 0.0233898379667 0.0254759038243 0.0326553515819 0.0222269288033 0.0273009735408 0.0354500330475
nonkin 0.0423291323862 0.0461043341632 0.0590971473252 0.0402245886951 0.0494072051687 0.0641547472069
many_rivals 0.0 0.0 0.0 0.0 0.0 0.0
Observed values
no_rival 100 161 76 81 89 59
brother 180 190 117 131 230 189
nonkin 679 895 635 453 612 623
many_rivals 0 0 0 0 0 0
Q values
no_rival 0.00488319051248 0.00529518103102 0.00361120324281 0.00342538344486 0.00427376628642 0.00313140480926
brother 0.00357810951081 0.00360566858248 0.00352231289342 0.00364772471137 0.00398762681691 0.00412038860875
nonkin 0.0215194799525 0.0252771356651 0.0229095681216 0.018858702193 0.0209008599512 0.0222485373618
many_rivals 1 1 1 1 1 1
O' values
no_rival 20478.4146235 30405.003919 21045.6169011 23646.987645 20824.7232149 18841.3838497
brother 50305.8946229 52694.80421 33216.8105277 35912.7978028 57678.4164016 45869.4598851
nonkin 31552.8071077 35407.492837 27717.6765895 24020.7409483 29281.0918511 28001.8407443
many_rivals 0 0 0 0 0 0
