Parameter Female_0 Female_1 Female_2 Female_3 Female_4 Female_5
Size 19.1258974189 28.0158426913 32.1049621936 24.0988601504 28.9214474491 31.0751729845
Profit 2.85782675975 3.7358288274 4.9821565079 3.17290479724 3.93600490929 4.57356094085
E values
no_rival 0.065391291702 0.0854812741075 0.113999089834 0.072600741956 0.0900615981308 0.10464982056
brother 0.0204583195219 0.0267436714173 0.0356657552453 0.0227138681284 0.0281766715912 0.0327407428605
nonkin 0.0370238954488 0.0483986425869 0.0645451446729 0.0411058140881 0.0509919762457 0.059251681903
many_rivals 0.0 0.0 0.0 0.0 0.0 0.0
Observed values
no_rival 146 244 200 141 267 206
brother 81 68 149 72 88 156
nonkin 72 147 238 98 131 145
many_rivals 0 0 0 0 0 0
Q values
no_rival 0.143931002512 0.133105650413 0.108636139911 0.146278308919 0.134187390181 0.103891697922
brother 0.0561938942526 0.0487267543569 0.0579759570417 0.0473193085065 0.059114383973 0.0612508982979
nonkin 0.0773624302922 0.0833992532069 0.096969459165 0.0773359217527 0.0741215714194 0.0907484099064
many_rivals 1 1 1 1 1 1
O' values
no_rival 1014.37492585 1833.13029344 1841.00797547 963.915983455 1989.75477233 1982.83408704
brother 1441.43774119 1395.53723406 2570.03088182 1521.57760273 1488.63938158 2546.90142243
nonkin 930.684309271 1762.60571105 2454.38101903 1267.19896497 1767.36673942 1597.82413983
many_rivals 0 0 0 0 0 0
