Parameter Female_0 Female_1 Female_2 Female_3 Female_4 Female_5
Size 19.1323688927 29.0554806346 30.2590815703 22.8125579482 29.0441128501 30.7459313245
Profit 2.85807519431 3.96862330186 4.30131895454 3.06158893713 3.96582493937 4.45869821845
E values
no_rival 0.0672597793818 0.0933945783737 0.101223986167 0.0720491178395 0.0933287238277 0.1049276307
brother 0.0210428945774 0.02921942779 0.0316689363122 0.0225412870073 0.0291988245367 0.032827658541
nonkin 0.0380818144882 0.0528790763294 0.0573120087279 0.0407934900296 0.052841790144 0.0594089752263
many_rivals 0.0 0.0 0.0 0.0 0.0 0.0
Observed values
no_rival 222 229 214 225 240 227
brother 66 86 140 44 97 86
nonkin 92 131 127 105 198 182
many_rivals 0 0 0 0 0 0
Q values
no_rival 0.149191369886 0.123146499667 0.109743383064 0.149964816246 0.129781487765 0.121607584586
brother 0.0608202543178 0.0615393056733 0.064082038718 0.0449764882632 0.04754156656 0.0503865372186
nonkin 0.0738597679009 0.0838999670669 0.0829632584824 0.0874386821396 0.0929949944173 0.0904540113995
many_rivals 1 1 1 1 1 1
O' values
no_rival 1488.02172786 1859.57376473 1950.00367243 1500.35192009 1849.26220321 1866.65988617
brother 1085.16481459 1397.48083049 2184.69953205 978.288917146 2040.31980893 1706.80512588
nonkin 1245.60369758 1561.38321122 1530.79811863 1200.84152037 2129.14685614 2012.07218104
many_rivals 0 0 0 0 0 0
