Parameter Female_0 Female_1 Female_2 Female_3 Female_4 Female_5
Size 21.2692242843 26.4834198226 29.7390589802 22.6968028635 29.0865458651 31.9165838706
Profit 2.95901348511 3.46564587346 4.14833608962 3.0528252699 3.9763009669 4.90140531142
E values
no_rival 0.0699774346134 0.0819587368302 0.098103614237 0.0721959807838 0.0940351716254 0.1159128782
brother 0.0218931401931 0.0256416104047 0.0306926967502 0.022587234548 0.0294198437947 0.0362645030738
nonkin 0.0396205237037 0.0464042172059 0.0555452853449 0.04087664236 0.0532417738226 0.0656287125083
many_rivals 0.0 0.0 0.0 0.0 0.0 0.0
Observed values
no_rival 69 96 83 87 110 29
brother 186 148 200 95 154 69
nonkin 450 935 895 500 773 555
many_rivals 0 0 0 0 0 0
Q values
no_rival 0.0041631868654 0.00392258833423 0.00352337629736 0.00383283776195 0.00477830149848 0.00207973093631
brother 0.00314804346929 0.0042992898881 0.00429437020048 0.00323487395293 0.0027350216752 0.00292251568269
nonkin 0.0221101535745 0.023633372481 0.0243216579919 0.0203792191423 0.0235109198483 0.02221601569
many_rivals 1 1 1 1 1 1
O' values
no_rival 16573.8416821 24473.6362371 23556.9502077 22698.5866357 23020.7323742 13944.1114683
brother 59084.3175498 34424.2895576 46572.6033535 29367.4502878 56306.6835618 23609.7963165
nonkin 20352.6401788 39562.698923 36798.4781423 24534.7967706 32878.3392989 24981.9773151
many_rivals 0 0 0 0 0 0
