Parameter Female_0 Female_1 Female_2 Female_3 Female_4 Female_5
Size 21.9322037142 27.862567474 32.8702559046 22.4935237235 26.9400066233 32.5713123069
Profit 2.99947520208 3.70518300538 5.34114849072 3.03788769637 3.53820415019 5.1947626765
E values
no_rival 0.0670233390433 0.0827923953547 0.119348079933 0.067881667069 0.0790612491805 0.11607708571
brother 0.0209689218531 0.0259024288107 0.0373392402878 0.0212374583592 0.0247351024186 0.0363158770352
nonkin 0.0379479443329 0.0468762263259 0.0675736893771 0.0384339210778 0.0447636886735 0.0657216851581
many_rivals 0.0 0.0 0.0 0.0 0.0 0.0
Observed values
no_rival 240 262 232 176 183 225
brother 60 90 101 68 76 119
nonkin 101 109 239 83 114 210
many_rivals 0 0 0 0 0 0
Q values
no_rival 0.153592931538 0.126031451175 0.0981075687865 0.153255576376 0.143841500448 0.101668954802
brother 0.0397950511405 0.0620148654466 0.0528093026722 0.0516092174716 0.048977818154 0.0585389015291
nonkin 0.0877047693474 0.0782262814009 0.0955403130775 0.0702719315005 0.0783340160339 0.0950349456983
many_rivals 1 1 1 1 1 1
O' values
no_rival 1562.57190743 2078.84617338 2364.75129156 1148.40845705 1272.23366991 2213.0649463
brother 1507.72516382 1451.2649403 1912.54182292 1317.59409136 1551.72285872 2032.83623183
nonkin 1151.59073733 1393.39360184 2501.56182559 1181.12592365 1455.30646547 2209.71347389
many_rivals 0 0 0 0 0 0
