Parameter Female_0 Female_1 Female_2 Female_3 Female_4 Female_5
Size 22.4417306026 27.6059573714 33.7121833286 21.1323392223 29.3372745093 29.6660027863
Profit 3.03417183015 3.65580558005 5.80032639781 2.95126708767 4.03993059958 4.12801314392
E values
no_rival 0.0683934917142 0.0824057840637 0.130745586485 0.06652472978 0.0910643745493 0.0930498496984
brother 0.0213975878177 0.0257814736022 0.0409050641876 0.020812926959 0.0284904002215 0.0291115759767
nonkin 0.0387237110736 0.046657330879 0.0740268436117 0.0376656367541 0.0515597382261 0.0526838944008
many_rivals 0.0 0.0 0.0 0.0 0.0 0.0
Observed values
no_rival 87 107 68 124 78 86
brother 122 165 129 180 108 27
nonkin 699 686 874 687 702 478
many_rivals 0 0 0 0 0 0
Q values
no_rival 0.00368924964999 0.00349694038444 0.00333412406355 0.00440682467484 0.00369950113725 0.00437935847583
brother 0.00349946717394 0.00429761299951 0.00400117846604 0.00446729552732 0.00292092666433 0.00277785555394
nonkin 0.0228793344119 0.0227787178551 0.0280452441156 0.019556193883 0.0250641346871 0.0218870250862
many_rivals 1 1 1 1 1 1
O' values
no_rival 23582.031105 30598.1767593 20395.1618788 28138.1741162 21083.9237795 19637.5794479
brother 34862.4501777 38393.4058322 32240.501416 40292.8346466 36974.5674613 9719.72785327
nonkin 30551.5880583 30115.8302396 31163.9291281 35129.5351288 28008.1482471 21839.4230425
many_rivals 0 0 0 0 0 0
