Parameter Female_0 Female_1 Female_2 Female_3 Female_4 Female_5
Size 22.9313436216 27.7021366193 32.1142702065 20.8778657678 27.1046267845 31.7291431456
Profit 3.07078178232 3.67403508294 4.98622087727 2.93738363644 3.56592447059 4.82383494594
E values
no_rival 0.0708737771814 0.0847968896144 0.115082194856 0.0677949421689 0.0823016919762 0.111334320493
brother 0.022173569929 0.0265295548848 0.0360046154826 0.0212103256069 0.0257489073517 0.0348320555096
nonkin 0.0401280239023 0.0480111509308 0.0651583879055 0.0383848183066 0.04659839498 0.0630363789202
many_rivals 0.0 0.0 0.0 0.0 0.0 0.0
Observed values
no_rival 207 273 220 184 253 215
brother 52 66 152 78 77 104
nonkin 117 163 178 101 101 185
many_rivals 0 0 0 0 0 0
Q values
no_rival 0.151708152675 0.139723560758 0.104403747017 0.147393327025 0.137178233247 0.122943654473
brother 0.0475716458923 0.0452796930632 0.0631670945903 0.0535667535292 0.0550010113284 0.0526625911245
nonkin 0.0848109773563 0.088027745129 0.0877387790512 0.0741357946353 0.0800829030086 0.0835131681882
many_rivals 1 1 1 1 1 1
O' values
no_rival 1364.46193794 1953.85802165 2107.2040639 1248.36044965 1844.31592397 1748.76857957
brother 1093.08809953 1457.60705374 2406.3161522 1456.1270725 1399.97425757 1974.83636447
nonkin 1379.53839995 1851.6889165 2028.74945292 1362.36484005 1261.19304128 2215.21951584
many_rivals 0 0 0 0 0 0
