Parameter Female_0 Female_1 Female_2 Female_3 Female_4 Female_5
Size 23.3788730679 26.7141838915 32.258079091 20.6542108594 26.8915547386 30.0435064333
Profit 3.10731263363 3.5015420524 5.04992430587 2.92571616343 3.53020684326 4.23608704794
E values
no_rival 0.0739867166358 0.08337352245 0.120241302599 0.0696628110084 0.0840560459063 0.10086341769
brother 0.0231474841667 0.0260842402337 0.0376186939312 0.0217947070521 0.0262977745223 0.0315561288586
nonkin 0.041890539092 0.047205254676 0.0680794231187 0.0394423869648 0.0475916926317 0.0571078584621
many_rivals 0.0 0.0 0.0 0.0 0.0 0.0
Observed values
no_rival 214 153 241 209 256 172
brother 90 86 113 95 99 140
nonkin 168 99 226 86 136 112
many_rivals 0 0 0 0 0 0
Q values
no_rival 0.14116248513 0.1335839206 0.0970755708932 0.152235682831 0.139798260414 0.113567075073
brother 0.0476178068516 0.0528138804647 0.0536110596004 0.0510709039249 0.0586184752693 0.0641741720812
nonkin 0.0938787631428 0.0838989155107 0.102142866692 0.0759413871094 0.0766819267634 0.0827420176081
many_rivals 1 1 1 1 1 1
O' values
no_rival 1515.98351221 1145.34742889 2482.60193355 1372.87130135 1831.21019705 1514.52346457
brother 1890.04924734 1628.3598032 2107.77404592 1860.15896918 1688.88732682 2181.56300985
nonkin 1789.54211129 1179.99141464 2212.58720574 1132.45231979 1773.56002568 1353.60489432
many_rivals 0 0 0 0 0 0
