Parameter Female_0 Female_1 Female_2 Female_3 Female_4 Female_5
Size 21.8408420204 27.6754706906 31.9881658007 20.5601003827 25.3712290836 29.6524401562
Profit 2.99359645931 3.66894796154 4.93175481776 2.92095091517 3.31282324609 4.12427077018
E values
no_rival 0.0725728230118 0.088945158331 0.119558990128 0.070811699798 0.0803117381971 0.0999834068238
brother 0.0227051334075 0.0278273822354 0.0374052256516 0.0221541483988 0.0251263304123 0.0312808086589
nonkin 0.0410900066611 0.0503598591954 0.0676931046208 0.0400928763086 0.0454717030498 0.0566096051096
many_rivals 0.0 0.0 0.0 0.0 0.0 0.0
Observed values
no_rival 105 95 84 82 66 94
brother 198 64 134 48 25 184
nonkin 836 629 1026 643 628 632
many_rivals 0 0 0 0 0 0
Q values
no_rival 0.00436339459735 0.00451531304298 0.00390696112119 0.00323125580646 0.0029757294641 0.00373806882867
brother 0.00390323929984 0.00270787567249 0.00309781028808 0.00431346238365 0.00365941671092 0.00452080093793
nonkin 0.0218270590691 0.0231851237255 0.0298586624918 0.0209079700315 0.0220572618866 0.0234249955867
many_rivals 1 1 1 1 1 1
O' values
no_rival 24063.8332513 21039.5157757 21500.0859733 25377.1304136 22179.4355959 25146.6744751
brother 50727.0973645 23634.7630913 43256.3609578 11127.9514531 6831.68984974 40700.7524831
nonkin 38301.0829518 27129.4648865 34361.8874517 30753.8225391 28471.3489475 26979.7276017
many_rivals 0 0 0 0 0 0
