Parameter Female_0 Female_1 Female_2 Female_3 Female_4 Female_5
Size 20.3764769502 26.9301055719 34.3004488267 24.0164293105 26.8135498962 34.1518838587
Profit 2.91189160791 3.53656400996 6.16695017214 3.16493909675 3.5174831389 6.07051349927
E values
no_rival 0.0610864366911 0.0741909804994 0.129371921072 0.0663949342206 0.0737906969109 0.127348846897
brother 0.0191115025832 0.023211390159 0.0404752992264 0.0207723191203 0.0230861574355 0.0398423602401
nonkin 0.0345865295901 0.0420061912489 0.0732490879915 0.0375921478064 0.041779554684 0.0721036436244
many_rivals 0.0 0.0 0.0 0.0 0.0 0.0
Observed values
no_rival 84 68 64 80 59 102
brother 105 81 130 86 156 248
nonkin 492 648 869 596 624 961
many_rivals 0 0 0 0 0 0
Q values
no_rival 0.00339575660158 0.00425704107726 0.00253936142883 0.00378834039618 0.00318163620192 0.00381919936566
brother 0.0034309174492 0.00227019553421 0.0032427280917 0.00282772807143 0.00373160265596 0.0041436663503
nonkin 0.0191598779104 0.0225177853626 0.0277335812894 0.0206337458928 0.0197303931456 0.0279547949618
many_rivals 1 1 1 1 1 1
O' values
no_rival 24736.7552671 15973.5362581 25203.1866253 21117.4265334 18543.9177378 26707.1682398
brother 30604.0589885 35679.7459864 40089.701117 30413.1082719 41805.0940528 59850.3786344
nonkin 25678.6604958 28777.2527167 31333.854468 28884.7213247 31626.3338188 34376.9289424
many_rivals 0 0 0 0 0 0
