Parameter Female_0 Female_1 Female_2 Female_3 Female_4 Female_5
Size 23.7412065454 27.1695775231 33.1609642011 19.3070120766 25.9170532595 30.8313982176
Profit 3.13921647101 3.57709882079 5.49158296621 2.86489459776 3.38385115772 4.48783776892
E values
no_rival 0.0728122873964 0.0829687120305 0.127374050464 0.0664495522176 0.0784864456715 0.10409276851
brother 0.0227800522348 0.0259575912458 0.0398502454283 0.0207894069068 0.0245552693928 0.032566463556
nonkin 0.041225589001 0.0469760550645 0.0721179136324 0.0376230719701 0.0444382406747 0.0589362846026
many_rivals 0.0 0.0 0.0 0.0 0.0 0.0
Observed values
no_rival 269 166 204 240 185 208
brother 84 60 153 76 88 78
nonkin 159 119 160 104 124 159
many_rivals 0 0 0 0 0 0
Q values
no_rival 0.150722363043 0.124952508263 0.09499495951 0.143890745678 0.126828797174 0.114006198463
brother 0.040597270719 0.0508323407348 0.0637721005211 0.051427098916 0.0602930606024 0.04964895398
nonkin 0.0907029993479 0.0889223438304 0.083382996887 0.0777273090903 0.0774526529336 0.0932216142137
many_rivals 1 1 1 1 1 1
O' values
no_rival 1784.73847257 1328.50474399 2147.48236172 1667.93214441 1458.65926447 1824.46220297
brother 2069.10461005 1180.35091701 2399.16826872 1477.820091 1459.53778297 1571.03007712
nonkin 1752.97400464 1338.24632678 1918.85643325 1338.01106995 1600.97808536 1705.61303128
many_rivals 0 0 0 0 0 0
