Parameter Female_0 Female_1 Female_2 Female_3 Female_4 Female_5
Size 21.0932565099 26.3331723425 31.4022790572 24.8731074587 26.7030140727 32.2275789899
Profit 2.94909158191 3.44309462331 4.69491326553 3.25404468196 3.49976858124 5.03626984641
E values
no_rival 0.0686036756117 0.0800954938417 0.109216108672 0.0756976918438 0.0814138801031 0.117156966218
brother 0.0214633459519 0.0250586762033 0.0341693517591 0.0236827798703 0.0254711465291 0.0366537284509
nonkin 0.0388427150946 0.0453492676582 0.0618370685689 0.0428592761451 0.0460957247756 0.0663331027029
many_rivals 0.0 0.0 0.0 0.0 0.0 0.0
Observed values
no_rival 107 86 94 56 147 86
brother 204 92 170 71 364 161
nonkin 725 647 394 500 883 730
many_rivals 0 0 0 0 0 0
Q values
no_rival 0.00432019662542 0.00403123487635 0.00379359053019 0.00391686514303 0.0044993143605 0.00410689717762
brother 0.0029837940781 0.00430923229691 0.0048100700046 0.00376787888065 0.00433219309869 0.00347402793068
nonkin 0.0225238214342 0.0204947860775 0.0203383927834 0.0194233893478 0.0258112034113 0.0235128867304
many_rivals 1 1 1 1 1 1
O' values
no_rival 24767.3912272 21333.4133678 24778.6362951 14297.1478351 32671.64466 20940.3830387
brother 68369.3293372 21349.5104606 35342.520969 18843.4931825 84022.1088276 46343.8991317
nonkin 32188.1436558 31569.0047973 19372.2288774 25742.1601887 34209.9508469 31046.8046042
many_rivals 0 0 0 0 0 0
