Parameter Female_0 Female_1 Female_2 Female_3 Female_4 Female_5
Size 23.806538271 29.0756586687 34.1502753917 23.166908973 25.3241566316 31.3106069541
Profit 3.1452029665 3.97360514737 6.06948402417 3.08962852566 3.30703109202 4.66015084136
E values
no_rival 0.0690376999237 0.0872212581197 0.133226129193 0.0678178322043 0.0725898527381 0.102291044111
brother 0.0215991347981 0.0272880428153 0.0416811267793 0.0212174869835 0.0227104613276 0.0320027760607
nonkin 0.0390884553198 0.0493838041348 0.0754313020877 0.0383977784158 0.0410996487218 0.0579161662654
many_rivals 0.0 0.0 0.0 0.0 0.0 0.0
Observed values
no_rival 126 66 68 113 113 51
brother 181 153 117 39 234 147
nonkin 769 697 778 525 699 594
many_rivals 0 0 0 0 0 0
Q values
no_rival 0.00424993225137 0.00320160112558 0.0044441003613 0.00493523150292 0.00481161251479 0.0036722425614
brother 0.00330534606528 0.0035359928785 0.00356537803282 0.00312402365613 0.00335258370218 0.00311287475035
nonkin 0.0212883236874 0.0211469157113 0.0256471301005 0.0208036473288 0.0220343261224 0.0215518787323
many_rivals 1 1 1 1 1 1
O' values
no_rival 29647.5314305 20614.6854062 15301.1845979 22896.5956173 23484.8503807 13887.9714908
brother 54759.7729331 43269.3179136 32815.5945662 12483.9003454 69796.915092 47223.2299046
nonkin 36123.0884728 32959.8892583 30334.7780805 25235.9594307 31723.2302053 27561.4022971
many_rivals 0 0 0 0 0 0
