Parameter Female_0 Female_1 Female_2 Female_3 Female_4 Female_5
Size 21.0215975581 27.7019274441 34.3128120276 24.0122136242 29.2028346215 33.1531043807
Profit 2.94514388308 3.67399507915 6.17509699649 3.16453501057 4.00544124574 5.48740703401
E values
no_rival 0.0615818544151 0.0768218596673 0.129118963057 0.0661692406377 0.0837522747463 0.114739623767
brother 0.0192664989723 0.0240344870155 0.040396158782 0.0207017086259 0.0262027366771 0.0358974386917
nonkin 0.0348670301513 0.043495768725 0.0731058656932 0.0374643623566 0.0474197004386 0.0649644275806
many_rivals 0.0 0.0 0.0 0.0 0.0 0.0
Observed values
no_rival 95 123 63 86 125 58
brother 172 141 47 189 173 284
nonkin 498 721 570 408 891 693
many_rivals 0 0 0 0 0 0
Q values
no_rival 0.00549407853869 0.00390508890891 0.00463210893701 0.00456354433004 0.00389609683547 0.00259196683031
brother 0.00291647293999 0.00363143296719 0.00270653970344 0.00275761994786 0.00331999508356 0.00486290494572
nonkin 0.0210487652493 0.0204729611747 0.0217497403959 0.0189789903406 0.0231788448441 0.0227878041055
many_rivals 1 1 1 1 1 1
O' values
no_rival 17291.3436404 31497.3622545 13600.716403 18845.0015559 32083.3914758 22376.829565
brother 58975.3457479 38827.6477285 17365.3465864 68537.363224 52108.5109001 58401.3060445
nonkin 23659.3450543 35217.1820113 26207.2093563 21497.4554851 38440.2245234 30411.0039209
many_rivals 0 0 0 0 0 0
