Parameter Female_0 Female_1 Female_2 Female_3 Female_4 Female_5
Size 21.9545988306 29.3723786578 32.7484565915 23.6165681773 29.4966537346 32.6252331888
Profit 3.00093165203 4.04908016871 5.28051502916 3.12799678614 4.08195910798 5.22056423049
E values
no_rival 0.0644983736207 0.0870260025301 0.113492965103 0.06722935701 0.087732662446 0.11220445558
brother 0.020178961171 0.0272269551516 0.0355074090622 0.0210333766342 0.0274480407729 0.0351042859728
nonkin 0.0365183341603 0.0492732523725 0.0642585819117 0.0380645896455 0.0496733561503 0.0635290407049
many_rivals 0.0 0.0 0.0 0.0 0.0 0.0
Observed values
no_rival 125 98 55 102 78 71
brother 142 166 71 134 62 144
nonkin 500 886 624 545 817 700
many_rivals 0 0 0 0 0 0
Q values
no_rival 0.00445907806819 0.00421174950308 0.00296850284957 0.0047584924413 0.00391477644908 0.00405505854792
brother 0.00414955951368 0.00353142671991 0.00227219022752 0.00428871766495 0.0032633747923 0.00306405835076
nonkin 0.0199071925507 0.02421094018 0.0235489614801 0.0207702490185 0.0220463619151 0.0244306116253
many_rivals 1 1 1 1 1 1
O' values
no_rival 28032.7005019 23268.2404137 18527.8582461 21435.3603076 19924.5093595 17508.9950394
brother 34220.4996775 47006.4971373 31247.3837533 31244.770691 18998.7371804 46996.4940336
nonkin 25116.5501477 36595.0266041 26497.9838083 26239.4543038 37058.2685318 28652.5777879
many_rivals 0 0 0 0 0 0
