Parameter Female_0 Female_1 Female_2 Female_3 Female_4 Female_5
Size 19.6648275057 25.4579230614 34.3537396019 23.4665964176 26.7725453485 33.5436059658
Profit 2.87958293936 3.32362530019 6.20220152942 3.11483928515 3.51086888764 5.70249882064
E values
no_rival 0.0619588899073 0.0715131803474 0.133450409256 0.0670208111424 0.0755420293387 0.122698496298
brother 0.0193844582964 0.0223736136035 0.0417512950399 0.020968130974 0.0236340792989 0.0383874515518
nonkin 0.0350805038766 0.0404900475809 0.0755582872168 0.0379465130607 0.0427711415913 0.069470661619
many_rivals 0.0 0.0 0.0 0.0 0.0 0.0
Observed values
no_rival 76 88 56 93 137 49
brother 48 223 210 132 288 184
nonkin 364 631 897 439 825 773
many_rivals 0 0 0 0 0 0
Q values
no_rival 0.00447701487634 0.00456926690248 0.00292386137202 0.00414965095552 0.0055243168911 0.00230526092275
brother 0.00378772585276 0.00428759398412 0.00405931121034 0.00282003166362 0.00311636928113 0.00448490579795
nonkin 0.0194432891058 0.0186331989809 0.0270741232076 0.0207667063418 0.021510822235 0.024745148257
many_rivals 1 1 1 1 1 1
O' values
no_rival 16975.5969321 19259.1069592 19152.7548248 22411.5235226 24799.4462846 21255.7283717
brother 12672.511651 52010.5217112 51732.9145558 46807.9850673 92415.2351725 41026.5027381
nonkin 18721.1123602 33864.2871065 33131.2668234 21139.6064823 38352.7877729 31238.4469057
many_rivals 0 0 0 0 0 0
