Parameter Female_0 Female_1 Female_2 Female_3 Female_4 Female_5
Size 20.5503994018 25.7145314562 34.0315204716 23.1503382458 26.69039276 33.7991338369
Profit 2.92046446848 3.35664618243 5.99432716263 3.08827539813 3.49776911128 5.85200540686
E values
no_rival 0.0628998845776 0.0722942051585 0.129103603457 0.0665141343723 0.0753336586536 0.126038330071
brother 0.0196788578889 0.0226179650259 0.0403913533776 0.0208096120797 0.0235688884464 0.039432351946
nonkin 0.035613285649 0.0409322560187 0.0730971692414 0.0376596377403 0.0426531641931 0.0713616421029
many_rivals 0.0 0.0 0.0 0.0 0.0 0.0
Observed values
no_rival 133 87 54 92 101 59
brother 149 77 161 225 82 267
nonkin 780 488 560 671 759 576
many_rivals 0 0 0 0 0 0
Q values
no_rival 0.005155252445 0.00476591850624 0.00234097981884 0.00404835202137 0.00355138468458 0.00266149976755
brother 0.00355208183183 0.00339959457819 0.00466139282306 0.00328154798257 0.00226370595603 0.00413670957691
nonkin 0.0209111297786 0.0186818371775 0.0204628544151 0.0181131044049 0.0231651650403 0.0210748193967
many_rivals 1 1 1 1 1 1
O' values
no_rival 25798.9305895 18254.6134362 23067.2642136 22725.2964946 28439.6112982 22167.95234
brother 41947.2318077 22649.7596196 34539.0328838 68565.2019093 36223.7859477 64544.0524736
nonkin 37300.710591 26121.6279407 27366.6610063 37045.0026124 32764.7136845 27331.1950702
many_rivals 0 0 0 0 0 0
