Parameter Female_0 Female_1 Female_2 Female_3 Female_4 Female_5
Size 24.4718887296 27.2831583701 32.3467873086 19.9295235245 26.0556990864 32.2422192806
Profit 3.2105305831 3.59696939103 5.09008397523 2.89110006552 3.40307968626 5.04281436044
E values
no_rival 0.0735366234542 0.0823879345915 0.116587454612 0.0662201251112 0.0779469259038 0.115504752618
brother 0.0230066680139 0.0257758892163 0.0364755510498 0.0207176283423 0.0243864752383 0.036136816904
nonkin 0.0416357008335 0.0466472246864 0.0660106509266 0.0374931726367 0.0441327699775 0.0653976358846
many_rivals 0.0 0.0 0.0 0.0 0.0 0.0
Observed values
no_rival 83 77 64 99 83 77
brother 124 134 219 86 155 143
nonkin 657 544 629 601 592 1187
many_rivals 0 0 0 0 0 0
Q values
no_rival 0.00443535940333 0.0035438717734 0.00297437993583 0.00339002445041 0.00414300791493 0.00336738492824
brother 0.00204615621599 0.00339805103982 0.00476515424137 0.00296297144358 0.00322643044749 0.00339061587971
nonkin 0.0235924605191 0.0218127337806 0.0230229902678 0.0205338858411 0.0220074358589 0.0302171599745
many_rivals 1 1 1 1 1 1
O' values
no_rival 18713.2524002 21727.6484375 21517.08974 29203.3291937 20033.753665 22866.4086943
brother 60601.4335715 39434.3694164 45958.6382532 29024.9169246 48040.7070671 42175.2286526
nonkin 27847.8795999 24939.5607847 27320.5171303 29268.692962 26899.998882 39282.3151151
many_rivals 0 0 0 0 0 0
