Parameter Female_0 Female_1 Female_2 Female_3 Female_4 Female_5
Size 21.0981672761 25.4353406248 32.4562320997 22.3892925616 29.3738114259 33.7264546546
Profit 2.94936406149 3.32079461599 5.14055981909 3.03044624041 4.04945488572 5.80875092585
E values
no_rival 0.0645944230833 0.072729174129 0.11258409912 0.0663702149018 0.0886876617101 0.127218243346
brother 0.0202090112058 0.022754049418 0.0352230612507 0.0207645854342 0.0277468218426 0.0398014996132
nonkin 0.0365727164055 0.0411785311001 0.0637439910807 0.0375781519753 0.0502140671836 0.0720296972001
many_rivals 0.0 0.0 0.0 0.0 0.0 0.0
Observed values
no_rival 174 86 101 90 52 88
brother 238 197 150 87 112 153
nonkin 708 644 601 505 452 951
many_rivals 0 0 0 0 0 0
Q values
no_rival 0.00465304719206 0.0055604267646 0.00433514129993 0.00380632277762 0.00338099911687 0.00379919466039
brother 0.00331323678724 0.00326865810389 0.00386962475183 0.00213503942647 0.00297045039599 0.00388480508364
nonkin 0.0208271149699 0.0207281504549 0.0217025781702 0.020431392552 0.019386138811 0.0266316489568
many_rivals 1 1 1 1 1 1
O' values
no_rival 37394.8496153 15466.4387538 23297.9718566 23644.868094 15380.0690868 23162.803664
brother 71833.0790351 60269.3808096 38763.4485564 40748.6620253 37704.7198469 39384.2153482
nonkin 33994.146622 31068.8597809 27692.5623899 24716.8663964 23315.6279549 35709.3922927
many_rivals 0 0 0 0 0 0
