Parameter Female_0 Female_1 Female_2 Female_3 Female_4 Female_5
Size 23.8260869332 26.4538350313 32.2405457528 20.5037922541 26.7348862129 29.6060874848
Profit 3.14700854136 3.46115505032 5.04206534995 2.91813968136 3.50483885998 4.11155208316
E values
no_rival 0.0754926827333 0.0830286529796 0.120952655444 0.0700024134796 0.0840765713248 0.0986308403284
brother 0.0236186407199 0.0259763443712 0.0378412477824 0.0219009550812 0.0263041961047 0.0308576447051
nonkin 0.0427432020367 0.0470099930305 0.0684821839861 0.039634666488 0.0476033139184 0.0558437954855
many_rivals 0.0 0.0 0.0 0.0 0.0 0.0
Observed values
no_rival 99 97 92 154 81 74
brother 87 181 108 186 255 140
nonkin 469 445 762 525 713 809
many_rivals 0 0 0 0 0 0
Q values
no_rival 0.00464219035072 0.00446463507735 0.00495939836292 0.00461803121818 0.00433324860248 0.00343902456306
brother 0.00277101345997 0.00393278105049 0.00393466243537 0.004128521374 0.00434885101785 0.00331891829778
nonkin 0.0221625788894 0.0236149408016 0.026730682035 0.0195899202807 0.0221073226589 0.0262637116395
many_rivals 1 1 1 1 1 1
O' values
no_rival 21326.1397143 21726.2997579 18550.6372482 33347.5441642 18692.6731953 21517.7294152
brother 31396.4552164 46023.4113408 27448.3521201 45052.4493276 58636.1774532 42182.418318
nonkin 21161.7972051 18844.0023517 28506.5678085 26799.4965001 32251.7570762 30802.9577504
many_rivals 0 0 0 0 0 0
