Parameter Female_0 Female_1 Female_2 Female_3 Female_4 Female_5
Size 20.7640707552 26.5894694293 32.83479001 23.4225149611 25.0304591288 34.3587172533
Profit 2.93138618877 3.48194971084 5.32335007612 3.11104164368 3.27202315384 6.20551220397
E values
no_rival 0.0641323504055 0.0761774821091 0.116463314769 0.0680628207852 0.0715847458928 0.135763102328
brother 0.0200644471479 0.0238328870527 0.0364367126587 0.0212941341109 0.0223960036 0.0424748441945
nonkin 0.0363110954761 0.0431309285954 0.0659403641891 0.0385364885004 0.040530567277 0.0768677109073
many_rivals 0.0 0.0 0.0 0.0 0.0 0.0
Observed values
no_rival 200 286 226 196 235 194
brother 52 95 113 75 88 114
nonkin 117 103 179 113 138 223
many_rivals 0 0 0 0 0 0
Q values
no_rival 0.130677089545 0.15862781651 0.106572795844 0.138969706938 0.136281316646 0.0820592944735
brother 0.049609450759 0.0452550496738 0.0519338985805 0.0530914431798 0.0570731232063 0.051788214087
nonkin 0.0899188190063 0.0750216731123 0.0859479893447 0.0767573813598 0.0771498799133 0.0958296809006
many_rivals 1 1 1 1 1 1
O' values
no_rival 1530.4901624 1802.96247085 2120.61622491 1410.37931444 1724.37430004 2364.14413803
brother 1048.18737568 2099.21325211 2175.84281344 1412.6570217 1541.88162582 2201.27305044
nonkin 1301.17367302 1372.93658922 2082.65488657 1472.1711189 1788.72605058 2327.04521088
many_rivals 0 0 0 0 0 0
