Parameter Female_0 Female_1 Female_2 Female_3 Female_4 Female_5
Size 22.5924793426 26.7915606271 31.8478289943 20.2305840224 29.1491617989 31.9833224343
Profit 3.04508822639 3.51392983692 4.87263507236 2.90491264966 3.99191271995 4.92968845382
E values
no_rival 0.0696764571391 0.0804042981581 0.111493632871 0.0664690172102 0.0913413060167 0.112799104895
brother 0.0217989763805 0.0251552887217 0.0348818979801 0.0207954967244 0.0285770410004 0.0352903279573
nonkin 0.0394501132676 0.0455241095741 0.0631265799954 0.0376340928543 0.0517165340536 0.0638657252003
many_rivals 0.0 0.0 0.0 0.0 0.0 0.0
Observed values
no_rival 235 236 199 251 253 182
brother 79 75 143 75 96 183
nonkin 78 118 162 71 127 154
many_rivals 0 0 0 0 0 0
Q values
no_rival 0.152912018245 0.135018354657 0.108548107354 0.147387433504 0.131844433405 0.103594891052
brother 0.0517806643381 0.0565588849433 0.0521175602437 0.053139326341 0.050356787969 0.066036143571
nonkin 0.0728089872714 0.0823585072726 0.0916455677676 0.0761045835542 0.0787338732974 0.0845938255215
many_rivals 1 1 1 1 1 1
O' values
no_rival 1536.83145836 1747.91050149 1833.28852848 1702.99457717 1918.92819034 1756.84339403
brother 1525.66601858 1326.05160224 2743.79689555 1411.38409469 1906.39641391 2771.20967555
nonkin 1071.29631826 1432.76030501 1767.67959375 932.926726409 1613.02873441 1820.46383469
many_rivals 0 0 0 0 0 0
