Parameter Female_0 Female_1 Female_2 Female_3 Female_4 Female_5
Size 22.4918849778 25.8057007075 34.6912163059 20.5705052053 28.682639033 32.3635082497
Profit 3.03776957246 3.36876541336 6.43379805883 2.92147363872 3.87987946202 5.09772884983
E values
no_rival 0.0653472123086 0.0724674546351 0.138401138622 0.0628455034424 0.0834623235531 0.109660183729
brother 0.0204445288429 0.0226721678571 0.0433001802294 0.019661844207 0.0261120225468 0.0343082850813
nonkin 0.036998938137 0.0410303481399 0.0783613406766 0.0355824955941 0.0472555329725 0.0620884994253
many_rivals 0.0 0.0 0.0 0.0 0.0 0.0
Observed values
no_rival 113 61 61 69 57 55
brother 63 110 140 202 219 91
nonkin 696 748 853 437 651 706
many_rivals 0 0 0 0 0 0
Q values
no_rival 0.00459161426518 0.00275405110254 0.00310524477207 0.0042279767595 0.00344925241064 0.00308241069143
brother 0.00391236738297 0.00325043315199 0.0036110749632 0.00408614284496 0.00341059258404 0.0027881155841
nonkin 0.0214271850755 0.0201752343725 0.0260845196854 0.0188421944929 0.0220485762675 0.0233588823519
many_rivals 1 1 1 1 1 1
O' values
no_rival 24610.0812206 22149.1895861 19644.184107 16319.8626494 16525.3200445 17843.1771448
brother 16102.7822372 33841.6435153 38769.6188605 49435.3740592 64211.7152968 32638.5321035
nonkin 32482.1014774 37075.1578985 32701.3880373 23192.6275979 29525.7159511 30224.0487949
many_rivals 0 0 0 0 0 0
