Parameter Female_0 Female_1 Female_2 Female_3 Female_4 Female_5
Size 23.1015985023 28.5472373153 32.9474962325 23.1725136619 25.5842831346 30.7757700022
Profit 3.08431968018 3.84915464534 5.38032282914 3.090087143 3.33968725273 4.46881862199
E values
no_rival 0.0707133132722 0.0882484652997 0.123353119382 0.0708455422393 0.076568052414 0.102455323683
brother 0.0221233671903 0.0276094148537 0.03859225693 0.022164736345 0.0239550808782 0.0320541725673
nonkin 0.0400371708416 0.0499653985681 0.0698413026631 0.0401120375604 0.0433520655963 0.0580091797159
many_rivals 0.0 0.0 0.0 0.0 0.0 0.0
Observed values
no_rival 130 80 55 84 119 56
brother 80 118 56 141 138 140
nonkin 587 531 824 747 661 750
many_rivals 0 0 0 0 0 0
Q values
no_rival 0.00497059937249 0.00395839254236 0.00293921359596 0.00467799454985 0.00448562374708 0.00260950261368
brother 0.00372774665403 0.00263771295266 0.00266067248969 0.00399940285858 0.00467486894806 0.00319738044356
nonkin 0.0207426049229 0.0210561596246 0.0260474436066 0.0199649913401 0.0210965144593 0.0227932754045
many_rivals 1 1 1 1 1 1
O' values
no_rival 26153.7875532 20210.2240099 18712.4882913 17956.4125406 26529.1978797 21460.0283236
brother 21460.6858847 44735.724515 21047.310489 35255.2630945 29519.5440842 43785.8435902
nonkin 28299.2421725 25218.273867 31634.5823585 37415.4933139 31332.1900296 32904.4416255
many_rivals 0 0 0 0 0 0
