Parameter Female_0 Female_1 Female_2 Female_3 Female_4 Female_5
Size 19.6774545509 27.0235117458 34.171075161 19.7655815928 26.0998458758 30.7827652747
Profit 2.88011947861 3.55215871566 6.08282056083 2.88389965294 3.40930788196 4.4711994089
E values
no_rival 0.0658413024454 0.0812045326828 0.139057018725 0.0659277195551 0.0779388747766 0.102214368106
brother 0.0205991098831 0.0254056500952 0.0435053788782 0.02062614634 0.0243839563626 0.0319787872055
nonkin 0.0372786870315 0.0459771943597 0.0787326934317 0.0373276155349 0.0441282115098 0.0578727530778
many_rivals 0.0 0.0 0.0 0.0 0.0 0.0
Observed values
no_rival 95 56 92 57 74 52
brother 73 95 168 233 86 111
nonkin 721 638 1176 510 562 726
many_rivals 0 0 0 0 0 0
Q values
no_rival 0.00402017380992 0.00299109604644 0.00429474732532 0.00385928220602 0.0041202335762 0.00256320581171
brother 0.00337860285469 0.00212451836341 0.00366937055243 0.00413991326705 0.00369060632672 0.00219405032736
nonkin 0.0192142022833 0.0218671860861 0.0316364091112 0.0193062654491 0.0206675246594 0.0223047545469
many_rivals 1 1 1 1 1 1
O' values
no_rival 23630.8190869 18722.2339673 21421.5163387 14769.585886 17960.1468294 20287.0950754
brother 21606.5643521 44716.0173506 45784.4193165 56281.3723308 23302.4041002 50591.3645716
nonkin 37524.3265045 29176.1362202 37172.3603607 26416.2948213 27192.4194727 32549.1140678
many_rivals 0 0 0 0 0 0
