Parameter Female_0 Female_1 Female_2 Female_3 Female_4 Female_5
Size 20.1728060356 27.8545226729 30.0545711268 21.4321624931 25.0944158495 31.4330313069
Profit 2.90220106397 3.7035987022 4.23937142626 2.96849693871 3.2794834472 4.70670898574
E values
no_rival 0.0708492805872 0.0904132063391 0.103492628206 0.072467712573 0.0800595953933 0.114901393192
brother 0.0221659059245 0.0282866757353 0.0323787036605 0.0226722485556 0.0250474450148 0.035948049874
nonkin 0.0401141541757 0.0511910532972 0.0585964911638 0.0410304941817 0.0453289423157 0.0650560198112
many_rivals 0.0 0.0 0.0 0.0 0.0 0.0
Observed values
no_rival 86 85 55 71 95 72
brother 102 125 147 40 217 334
nonkin 458 1028 665 670 598 475
many_rivals 0 0 0 0 0 0
Q values
no_rival 0.00389322632017 0.00413978607203 0.00330408414862 0.00376347789952 0.00375442013348 0.00420513640179
brother 0.00238904853938 0.00306787606408 0.00388933364446 0.00360209648276 0.00402238888152 0.00513579287255
nonkin 0.0213190767425 0.0282064526611 0.0248402999621 0.0224535996434 0.0217467319801 0.0214224272332
many_rivals 1 1 1 1 1 1
O' values
no_rival 22089.6482577 20532.4619488 16646.0651503 18865.5286136 25303.5080312 17121.9178454
brother 42694.821105 40744.8010901 37795.6774702 11104.6442513 53948.0409259 65033.775366
nonkin 21483.1066811 36445.5613172 26771.0132734 29839.3135462 27498.38461 22173.0243183
many_rivals 0 0 0 0 0 0
