Parameter Female_0 Female_1 Female_2 Female_3 Female_4 Female_5
Size 22.43027219 28.3474596222 32.1881741229 23.3267179638 25.8603458984 30.7538932614
Profit 3.03335461171 3.80522144429 5.01874395152 3.10289600491 3.37612928221 4.46139314327
E values
no_rival 0.0708097532489 0.0888279894764 0.11715610811 0.0724331074305 0.0788113860762 0.104145471948
brother 0.0221535394015 0.0277907247876 0.0366534599834 0.0226614219907 0.0246569302478 0.0325829523536
nonkin 0.040091774192 0.0502935193616 0.066332616851 0.0410109010961 0.0446222186825 0.0589661247621
many_rivals 0.0 0.0 0.0 0.0 0.0 0.0
Observed values
no_rival 85 97 83 53 69 33
brother 100 205 279 93 220 185
nonkin 622 835 830 601 643 519
many_rivals 0 0 0 0 0 0
Q values
no_rival 0.00379665944083 0.00466547767907 0.0032825818426 0.00380027381744 0.00283248423852 0.00259546638859
brother 0.00409439099979 0.00329085373007 0.00408773156318 0.0036307970675 0.00375674465461 0.0033897722638
nonkin 0.019731293603 0.0233548299741 0.0243631674304 0.0193625444428 0.0200957354141 0.0194873812254
many_rivals 1 1 1 1 1 1
O' values
no_rival 22388.1023107 20791.0114832 25284.9750531 13946.3634849 24360.2414664 12714.4778854
brother 24423.6566574 62293.865609 68253.0140954 25614.2103982 58561.3397307 54575.9377335
nonkin 31523.5286908 35752.7758037 34067.8198912 31039.3090007 31996.838471 26632.6190264
many_rivals 0 0 0 0 0 0
