Parameter Female_0 Female_1 Female_2 Female_3 Female_4 Female_5
Size 23.3964006558 27.4378373644 30.0105407607 20.6470039332 28.7238666455 32.235848553
Profit 3.10880662795 3.62471885987 4.22634196667 2.92534826602 3.88939047802 5.03996430716
E values
no_rival 0.0725175420225 0.0845519627619 0.0985857172375 0.0682381026545 0.0907258222161 0.117564669398
brother 0.0226878381972 0.0264529270697 0.0308435274949 0.0213489727965 0.0283844807385 0.0367812824677
nonkin 0.0410587071177 0.0478724757962 0.0558182472427 0.038635731342 0.0513680532805 0.0665639401662
many_rivals 0.0 0.0 0.0 0.0 0.0 0.0
Observed values
no_rival 82 101 66 104 121 80
brother 135 165 168 135 318 128
nonkin 475 589 529 703 642 871
many_rivals 0 0 0 0 0 0
Q values
no_rival 0.00406520345406 0.00418095635207 0.00319468542249 0.00455305011533 0.00466569226419 0.00363645357505
brother 0.00314630144809 0.004426843449 0.0044026195036 0.00306871571223 0.0042297998567 0.00324125584929
nonkin 0.0192667329895 0.0228882213923 0.0198133479134 0.022889719784 0.0223697528939 0.0252184803044
many_rivals 1 1 1 1 1 1
O' values
no_rival 20171.1921498 24157.1524539 20659.3110969 22841.8307213 25933.9864587 21999.4558844
brother 42907.5224441 37272.6078753 38159.100477 43992.344896 75180.8621622 39490.8658717
nonkin 24653.8943711 25733.7601688 26699.1728159 30712.477332 28699.4676716 34538.1636596
many_rivals 0 0 0 0 0 0
