Parameter Female_0 Female_1 Female_2 Female_3 Female_4 Female_5
Size 24.8426996759 25.2794503993 34.4992835921 23.6250065128 26.068633456 32.3761891036
Profit 3.25063106979 3.30157717858 6.30028979717 3.12874814878 3.40489912625 5.10354256761
E values
no_rival 0.0706392525691 0.071746359149 0.136911188223 0.067990622732 0.0739916416806 0.110904751936
brother 0.0221001965588 0.0224465659233 0.0428340343476 0.0212715462279 0.0231490250162 0.0346976606907
nonkin 0.0399952384121 0.0406220710865 0.0775177456603 0.0384956106846 0.0418933276031 0.0627931614987
many_rivals 0.0 0.0 0.0 0.0 0.0 0.0
Observed values
no_rival 105 95 49 109 109 66
brother 66 139 163 303 104 178
nonkin 609 642 696 585 734 681
many_rivals 0 0 0 0 0 0
Q values
no_rival 0.00368045532034 0.00386941181469 0.00288941387635 0.0039132294202 0.00410570240044 0.00329642606425
brother 0.0024156321938 0.00381671157456 0.0031844740608 0.00350475579572 0.00324997024772 0.00367369834586
nonkin 0.0209304435595 0.022265305547 0.0265651909745 0.0187782048845 0.0206191300387 0.0217076410241
many_rivals 1 1 1 1 1 1
O' values
no_rival 28529.0788397 24551.5351039 16958.4566618 27854.2319643 26548.4415013 20021.6837004
brother 27322.0402384 36418.7854609 51185.8463557 86453.9550431 32000.2929482 48452.5356309
nonkin 29096.373341 28834.0979038 26199.6987211 31153.1375656 35598.0101306 31371.4419381
many_rivals 0 0 0 0 0 0
