Parameter Female_0 Female_1 Female_2 Female_3 Female_4 Female_5
Size 19.6907924667 26.732868099 32.3109861141 22.9582244469 25.452762895 30.1418779264
Profit 2.88068760353 3.50451691631 5.07379583381 3.07289062785 3.32297742306 4.26552721052
E values
no_rival 0.0693050589631 0.0843134643353 0.122067980921 0.0739291778423 0.0799458941523 0.102622240076
brother 0.0216827807472 0.0263783104519 0.038190188511 0.0231294825797 0.0250118724445 0.0321063940301
nonkin 0.0392398313343 0.047737440372 0.0691136701178 0.0418579612025 0.0452645658101 0.0581036861085
many_rivals 0.0 0.0 0.0 0.0 0.0 0.0
Observed values
no_rival 133 40 63 86 97 99
brother 107 141 138 63 99 355
nonkin 889 428 595 496 852 718
many_rivals 0 0 0 0 0 0
Q values
no_rival 0.00456717126658 0.00264149065702 0.00319496970715 0.00376156721094 0.00409306105164 0.00397420061388
brother 0.00232442161442 0.00452665256327 0.00426010680559 0.00216221749691 0.00319547130728 0.00441044022444
nonkin 0.0227100938303 0.0180215213022 0.0218849668459 0.0206724866194 0.0232039158355 0.02285041715
many_rivals 1 1 1 1 1 1
O' values
no_rival 29120.869842 15142.9647853 19718.4968167 22862.8109449 23698.6447982 24910.6699984
brother 46032.9569026 31148.8452072 32393.5540346 29136.7543229 30981.3453103 80490.8312855
nonkin 39145.5890338 23749.3823537 27187.6125831 23993.243248 36717.9404562 31421.7458389
many_rivals 0 0 0 0 0 0
