Parameter Female_0 Female_1 Female_2 Female_3 Female_4 Female_5
Size 20.6493445192 26.1933576596 31.1203001514 21.1985543676 25.7610365872 31.1025529998
Profit 2.92546769323 3.42267177092 4.58986372633 2.95498944053 3.36280230117 4.58343588783
E values
no_rival 0.0712885254178 0.0834045182255 0.111846942516 0.072007918709 0.0819456040743 0.111690307347
brother 0.0223033280622 0.026093937572 0.0349924344357 0.0225283974473 0.0256375016907 0.0349434295566
nonkin 0.0403628502063 0.0472228041741 0.0633266203834 0.0407701634939 0.0463967815708 0.0632379351168
many_rivals 0.0 0.0 0.0 0.0 0.0 0.0
Observed values
no_rival 227 201 235 216 186 219
brother 67 105 115 38 57 141
nonkin 163 116 201 111 111 232
many_rivals 0 0 0 0 0 0
Q values
no_rival 0.150267756768 0.125109639436 0.11155226448 0.142822103769 0.134456895199 0.103786369887
brother 0.0534163468874 0.0560146952815 0.0560285407068 0.0561537647263 0.0518048673167 0.0591118184325
nonkin 0.0778818990022 0.0813472648613 0.0903785703179 0.0775776874853 0.0876888041145 0.0974811825624
many_rivals 1 1 1 1 1 1
O' values
no_rival 1510.63677852 1606.5908343 2106.63585447 1512.37094469 1383.34296448 2110.10367005
brother 1254.29768047 1874.50809957 2052.52534778 676.713310056 1100.28271381 2385.30980334
nonkin 2092.9125007 1425.98525221 2223.97853045 1430.82377934 1265.84004789 2379.94650764
many_rivals 0 0 0 0 0 0
