Parameter Female_0 Female_1 Female_2 Female_3 Female_4 Female_5
Size 22.6122717948 28.578332831 32.1223588134 21.1664105694 27.2955005526 34.512517573
Profit 3.04654451536 3.85614194469 4.98975854868 2.95317667733 3.59915418681 6.30934207834
E values
no_rival 0.0654970494152 0.0829024221476 0.107273818119 0.0634897529946 0.0773774938911 0.135643279722
brother 0.02049140688 0.0259368517931 0.0335616867368 0.0198634041219 0.0242083227388 0.0424373564939
nonkin 0.0370837744084 0.0469385223958 0.0607373630809 0.035947263248 0.0438103632662 0.0767998685459
many_rivals 0.0 0.0 0.0 0.0 0.0 0.0
Observed values
no_rival 201 259 188 231 174 233
brother 53 68 87 74 52 179
nonkin 92 131 188 81 158 264
many_rivals 0 0 0 0 0 0
Q values
no_rival 0.144148516405 0.137646938917 0.107753257456 0.150814666226 0.127177352865 0.0887731315856
brother 0.0533290128713 0.050586616468 0.050965927435 0.0536866670984 0.0500162291218 0.0616509297438
nonkin 0.0751505257216 0.0797231680161 0.0919777611976 0.0735821157272 0.0852204416639 0.0939077252742
many_rivals 1 1 1 1 1 1
O' values
no_rival 1394.39520443 1881.62557073 1744.72683647 1531.68127332 1368.16812176 2624.66802554
brother 993.830508882 1344.22906191 1707.02279697 1378.36829886 1039.6625438 2903.4436422
nonkin 1224.20966609 1643.18608078 2043.97234236 1100.81096744 1854.01526811 2811.27031061
many_rivals 0 0 0 0 0 0
