Parameter Female_0 Female_1 Female_2 Female_3 Female_4 Female_5
Size 21.2591420283 28.8882537137 33.6627916798 20.4496242213 25.9026342253 30.7563619704
Profit 2.95843612452 3.92805258817 5.77134316729 2.91546313163 3.38187992617 4.46222955869
E values
no_rival 0.0672334044209 0.0892689032755 0.131159515665 0.0662568004015 0.076856586118 0.101408606409
brother 0.0210346429071 0.0279286690788 0.041034566071 0.0207291025736 0.0240453515329 0.0317266966012
nonkin 0.0380668812491 0.0505431603456 0.0742612061744 0.0375139378193 0.0435154304941 0.0574165388628
many_rivals 0.0 0.0 0.0 0.0 0.0 0.0
Observed values
no_rival 227 234 255 222 193 223
brother 71 100 158 75 80 65
nonkin 97 107 197 84 123 166
many_rivals 0 0 0 0 0 0
Q values
no_rival 0.151339800085 0.119067821667 0.0971795524823 0.153118452315 0.146086782376 0.114380512858
brother 0.0528289791758 0.0597888406617 0.0625543839873 0.0426134201233 0.044450627365 0.0559116839773
nonkin 0.072903746321 0.0723428755436 0.0846417359669 0.0730540983147 0.0843443125493 0.084946514051
many_rivals 1 1 1 1 1 1
O' values
no_rival 1499.93590498 1965.26649035 2624.0087908 1449.85791486 1321.13252726 1949.63280395
brother 1343.95934027 1672.55291946 2525.80218889 1760.00893106 1799.74962655 1162.54770696
nonkin 1330.52147379 1479.06755428 2327.45698974 1149.83282167 1458.30816901 1954.17083155
many_rivals 0 0 0 0 0 0
