Parameter Female_0 Female_1 Female_2 Female_3 Female_4 Female_5
Size 24.5261543966 27.7087157031 32.9463784587 22.3654704086 27.7180825583 30.8873077535
Profit 3.21622647537 3.67529410281 5.37975187153 3.02876578725 3.67708928932 4.50715382516
E values
no_rival 0.0728838006198 0.0832868595104 0.121912049972 0.0686357019484 0.0833275407301 0.102137863509
brother 0.0228024258619 0.0260571268664 0.0381414039544 0.0214733657116 0.0260698543928 0.0319548519775
nonkin 0.0412660790729 0.0471561869862 0.0690253835739 0.0388608480861 0.047179220286 0.0578294369402
many_rivals 0.0 0.0 0.0 0.0 0.0 0.0
Observed values
no_rival 81 73 56 105 115 95
brother 61 140 53 140 106 193
nonkin 617 453 448 830 919 972
many_rivals 0 0 0 0 0 0
Q values
no_rival 0.00418344929973 0.00426673466403 0.0033335478873 0.00482236175924 0.00510588407618 0.0052507498678
brother 0.00291796952821 0.00333454293789 0.00320606924734 0.00371729430689 0.00270083044448 0.00515011958581
nonkin 0.0217348282017 0.0219228052681 0.0217564525176 0.0240678835266 0.0253351170726 0.0271549718355
many_rivals 1 1 1 1 1 1
O' values
no_rival 19362.0130655 17109.1023342 16798.9187176 21773.5635032 22523.0338731 18092.653886
brother 20904.9475707 41984.7645113 16531.14637 37661.8014184 39247.187922 37474.8579687
nonkin 28387.6179869 20663.4139409 20591.5922937 34485.7909538 36273.7617264 35794.5501063
many_rivals 0 0 0 0 0 0
