Parameter Female_0 Female_1 Female_2 Female_3 Female_4 Female_5
Size 22.0698775096 25.9501100557 32.6362628259 22.2847813536 26.504393446 31.7649863597
Profit 3.00852614956 3.38839050916 5.22587417653 3.02312924258 3.46884467301 4.8384584454
E values
no_rival 0.0697544268182 0.0785618027076 0.121164929167 0.0700930080145 0.0804271792426 0.112182470341
brother 0.0218233699743 0.0245788455951 0.037907659739 0.0219292984874 0.0251624472978 0.0350974076708
nonkin 0.0394942589202 0.044480907075 0.0686023712448 0.0396859602077 0.0455370646154 0.0635165928822
many_rivals 0.0 0.0 0.0 0.0 0.0 0.0
Observed values
no_rival 106 69 58 114 92 39
brother 361 93 76 192 217 58
nonkin 894 484 722 661 704 473
many_rivals 0 0 0 0 0 0
Q values
no_rival 0.0043321320507 0.00435843501973 0.00330576342972 0.00441492243879 0.00368118431412 0.00314416863536
brother 0.0041623113311 0.0032389137033 0.00300619471327 0.00261157683581 0.00367942028788 0.00306217804581
nonkin 0.0224127442252 0.0200161488671 0.025089301294 0.0208731559078 0.0220936463907 0.0207240346768
many_rivals 1 1 1 1 1 1
O' values
no_rival 24468.3215469 15831.3705923 17545.11514 25821.5181762 24991.9569762 12403.9148414
brother 86730.6578686 28713.3306161 25281.1302157 73518.8018852 58976.6819286 18940.7667132
nonkin 39888.0204502 24180.4756356 28777.2063295 31667.4681548 31864.3644218 22823.7410029
many_rivals 0 0 0 0 0 0
