Parameter Female_0 Female_1 Female_2 Female_3 Female_4 Female_5
Size 22.4272569753 25.7198224171 30.8721928582 22.5247656269 28.284505803 30.9431885423
Profit 3.03313985678 3.35734387321 4.50191184776 3.04014662094 3.7917144454 4.52666314017
E values
no_rival 0.0725447738777 0.0802988861749 0.107673959143 0.0727123573542 0.0906878944062 0.108265945334
brother 0.0226963579554 0.0251223095287 0.0336868748574 0.0227487881218 0.0283726146439 0.0338720836572
nonkin 0.0410741255218 0.0454644263634 0.0609639189271 0.0411690096104 0.0513465789339 0.0612990955888
many_rivals 0.0 0.0 0.0 0.0 0.0 0.0
Observed values
no_rival 96 94 98 102 50 86
brother 116 232 45 94 81 122
nonkin 567 639 922 667 718 831
many_rivals 0 0 0 0 0 0
Q values
no_rival 0.00464941140026 0.00348061870531 0.0032704373503 0.00463196946444 0.00290073361462 0.00381623680519
brother 0.0046511918422 0.00522275482208 0.00180701216489 0.00222891104845 0.00335487013772 0.00332880794839
nonkin 0.0188357072287 0.0217074665959 0.0283883187913 0.0221419848856 0.0226444188516 0.0258131740382
many_rivals 1 1 1 1 1 1
O' values
no_rival 20647.7748979 27006.6927632 29965.4111983 22020.8705569 17237.0188521 22535.2891841
brother 24939.8442239 44421.001541 24902.9867504 42173.0602778 24144.0045888 36649.7562765
nonkin 30102.4003566 29436.8758867 32478.1473245 30123.7672885 31707.5922639 32192.8639528
many_rivals 0 0 0 0 0 0
