Parameter Female_0 Female_1 Female_2 Female_3 Female_4 Female_5
Size 20.6093161037 26.0796051105 29.9268140049 21.8338762918 27.0679974495 30.6917974218
Profit 2.92343245524 3.40644593604 4.2018600598 2.99315235778 3.55968232694 4.44048136276
E values
no_rival 0.0722787224905 0.084220711188 0.103886469709 0.0740024720778 0.0880093161045 0.109786124721
brother 0.0226131211184 0.0263492917023 0.032501920913 0.0231524134143 0.0275345946365 0.0343476869801
nonkin 0.0409234898869 0.0476849244676 0.0588194802843 0.0418994596657 0.0498299946852 0.0621598059556
many_rivals 0.0 0.0 0.0 0.0 0.0 0.0
Observed values
no_rival 111 95 60 114 89 82
brother 145 128 128 158 188 202
nonkin 517 772 460 719 455 843
many_rivals 0 0 0 0 0 0
Q values
no_rival 0.00536026413124 0.00435095518555 0.00239946726513 0.00435157392605 0.0042178596743 0.00383422153273
brother 0.00285863410979 0.00410761628435 0.0036804555211 0.00276419710996 0.0048551104803 0.0041179532522
nonkin 0.0213725982541 0.0245014683223 0.0205977115213 0.0257747776326 0.0195738818615 0.025521630631
many_rivals 1 1 1 1 1 1
O' values
no_rival 20707.9347738 21834.2860243 25005.5505536 26197.4177475 21100.749402 21386.3490411
brother 50723.525443 31161.6254147 34778.303736 57159.4548849 38722.0848553 49053.495178
nonkin 24189.8525324 31508.3157403 22332.5780403 27895.487994 23245.2613753 33030.8048176
many_rivals 0 0 0 0 0 0
