Parameter Female_0 Female_1 Female_2 Female_3 Female_4 Female_5
Size 24.3255821952 26.7320701276 30.1059834563 20.3324337139 28.541416795 30.7030619413
Profit 3.195459167 3.50438965187 4.25472197269 2.90976461569 3.84785126462 4.4442568353
E values
no_rival 0.0767529163128 0.0841732319584 0.102195741656 0.0698907131545 0.0924229635437 0.106748249665
brother 0.0240129173976 0.0263344373505 0.0319729597346 0.0218660085175 0.0289154483743 0.0333972573901
nonkin 0.0434567336871 0.0476580422025 0.0578622069683 0.0395714228809 0.0523289577288 0.0604397914776
many_rivals 0.0 0.0 0.0 0.0 0.0 0.0
Observed values
no_rival 124 73 82 71 54 81
brother 381 83 134 45 122 110
nonkin 839 674 907 515 278 795
many_rivals 0 0 0 0 0 0
Q values
no_rival 0.00453197004042 0.00392028766592 0.00367319889409 0.00486030083258 0.00361077610452 0.00469235409948
brother 0.00413500459678 0.00265566177577 0.00360880101524 0.00254427583163 0.0050241770574 0.00380507327776
nonkin 0.0233451648733 0.0226502541652 0.0250989200352 0.0191751705408 0.018722786388 0.0241955782947
many_rivals 1 1 1 1 1 1
O' values
no_rival 27361.1694018 18621.082487 22323.8660264 14608.1492578 14955.2335666 17262.1243586
brother 92140.1635919 31253.97999 37131.4459939 17686.7615691 24282.583716 28908.7730959
nonkin 35938.9194531 29756.8404788 36137.0130161 26857.6490052 14848.2172599 32857.2431837
many_rivals 0 0 0 0 0 0
