Parameter Female_0 Female_1 Female_2 Female_3 Female_4 Female_5
Size 24.8347234429 27.058920895 31.4427095742 22.8321352372 26.0363946898 29.7970330484
Profit 3.24973886306 3.55814216666 4.71043538257 3.06308998504 3.40037237889 4.16466253412
E values
no_rival 0.0780919338622 0.0855029325308 0.113192789901 0.0736067206028 0.0817116901106 0.100077749283
brother 0.0244318424281 0.0267504474716 0.0354134962483 0.0230285986078 0.025564319368 0.0313103246407
nonkin 0.0442148720335 0.0484109053696 0.0640886257138 0.0416753891381 0.0462643418237 0.0566630208666
many_rivals 0.0 0.0 0.0 0.0 0.0 0.0
Observed values
no_rival 181 237 208 224 244 213
brother 68 74 128 44 81 108
nonkin 104 138 241 117 132 172
many_rivals 0 0 0 0 0 0
Q values
no_rival 0.140996590694 0.134690509416 0.107445139465 0.145240723148 0.140668052556 0.111976276923
brother 0.0570085665331 0.0499287761737 0.0614262737772 0.0484273247045 0.0508300065381 0.0485387269051
nonkin 0.0746279179139 0.0844018016018 0.092050825401 0.0825644660195 0.080119541509 0.0998138824747
many_rivals 1 1 1 1 1 1
O' values
no_rival 1283.71898291 1759.58945458 1935.87165538 1542.26717648 1734.58006681 1902.18862292
brother 1192.80318968 1482.11123266 2083.79887187 908.577962307 1593.54691287 2225.02745511
nonkin 1393.58035045 1635.03618858 2618.11883761 1417.07450724 1647.53813506 1723.20719058
many_rivals 0 0 0 0 0 0
