Parameter Female_0 Female_1 Female_2 Female_3 Female_4 Female_5
Size 22.0821511818 27.7066418109 33.6427197071 24.1365588521 25.4188242389 31.7082563486
Profit 3.00934443393 3.67489706069 5.75964125892 3.17658899844 3.31873187261 4.81535860811
E values
no_rival 0.0674196556303 0.0823303213536 0.129035754716 0.071166508539 0.074350997333 0.107880578719
brother 0.0210929134605 0.0257578643387 0.0403701262203 0.0222651538615 0.0232614530256 0.0337515178579
nonkin 0.0381723348213 0.0466146046472 0.0730587539624 0.0402937654697 0.04209679118 0.0610809048647
many_rivals 0.0 0.0 0.0 0.0 0.0 0.0
Observed values
no_rival 66 107 64 136 107 48
brother 35 191 174 139 132 152
nonkin 555 576 820 851 817 421
many_rivals 0 0 0 0 0 0
Q values
no_rival 0.00399463130139 0.00370837052229 0.00307378483896 0.00635416103321 0.00465753822444 0.00293980913338
brother 0.00245335524697 0.00381038515844 0.00496840739032 0.00267490443673 0.00273090295917 0.00383881646138
nonkin 0.0213711806382 0.0200822115635 0.0254447216467 0.0224749596271 0.0221742036714 0.0216275451753
many_rivals 1 1 1 1 1 1
O' values
no_rival 16522.1756454 28853.643226 20821.2361479 21403.2976642 22973.5097907 16327.5906095
brother 14266.1769196 50126.1662688 35021.2827433 51964.4732318 48335.6611251 39595.5371999
nonkin 25969.5526137 28682.0999857 32226.7231446 37864.3616772 36844.615126 19465.9170325
many_rivals 0 0 0 0 0 0
