Parameter Female_0 Female_1 Female_2 Female_3 Female_4 Female_5
Size 19.390039768 26.7887204306 31.7580320098 23.0106886619 25.731873705 30.0755284646
Profit 2.86821570681 3.51347194868 4.83561349215 3.07703724455 3.35893559565 4.24561096601
E values
no_rival 0.0697030001305 0.0853839322877 0.117514441844 0.0747777536218 0.0816284102014 0.103176278205
brother 0.0218072806208 0.0267132170555 0.0367655682753 0.0233949679981 0.0255382644156 0.0322797303992
nonkin 0.0394651416439 0.048343528622 0.0665355018276 0.0423384163231 0.0462171895719 0.0584173769568
many_rivals 0.0 0.0 0.0 0.0 0.0 0.0
Observed values
no_rival 128 64 83 55 108 71
brother 159 224 75 43 316 202
nonkin 680 564 811 626 744 483
many_rivals 0 0 0 0 0 0
Q values
no_rival 0.00533874861832 0.00366233934606 0.00433504765492 0.00259802240606 0.0043702732154 0.00419587615011
brother 0.00363514362113 0.00502891838885 0.00249009139239 0.00358452000889 0.00443636910179 0.00434460781114
nonkin 0.0212538183068 0.0177980011622 0.025247407547 0.0215385872687 0.021969197179 0.0192075297688
many_rivals 1 1 1 1 1 1
O' values
no_rival 23975.6559357 17475.169271 19146.2716461 21169.9482929 24712.413773 16921.3764801
brother 43739.6748442 44542.3812199 30119.376433 11996.0273324 71229.4204449 46494.415326
nonkin 31994.2511122 31688.9517458 32122.1099034 29064.1160532 33865.5979979 25146.3882037
many_rivals 0 0 0 0 0 0
