Parameter Female_0 Female_1 Female_2 Female_3 Female_4 Female_5
Size 24.7720643758 25.7159266324 29.8559864044 24.0085764116 25.7071465836 32.5423258018
Profit 3.24277610925 3.35683008975 4.1814475714 3.16418662914 3.35567353402 5.18099973474
E values
no_rival 0.0767618357876 0.0794616808051 0.0989817307814 0.0749014937338 0.0794343032317 0.122642771951
brother 0.0240157079445 0.0248603814567 0.0309674242923 0.0234336813295 0.0248518161091 0.0383700176325
nonkin 0.0434617838046 0.044990409055 0.0560424661511 0.0424084767371 0.0449749081467 0.0694391110507
many_rivals 0.0 0.0 0.0 0.0 0.0 0.0
Observed values
no_rival 101 124 68 74 44 58
brother 294 324 71 43 31 156
nonkin 806 826 513 557 476 682
many_rivals 0 0 0 0 0 0
Q values
no_rival 0.00398791929317 0.0047528118609 0.00360532179394 0.00358916864435 0.00330767241419 0.00339024575224
brother 0.00332452610456 0.00456340621559 0.00295448675091 0.00258652731597 0.00302983286541 0.00420446744121
nonkin 0.0213563194854 0.0225456386416 0.0205235142464 0.0208680248629 0.0198044143376 0.0230064258831
many_rivals 1 1 1 1 1 1
O' values
no_rival 25326.4904766 26089.8187492 18861.007113 20617.5878964 13302.4055863 17107.9043346
brother 88433.6566335 70999.5965061 24031.2467058 16624.6069525 10231.587476 37103.3911385
nonkin 37740.5854296 36636.7976144 24995.7192438 26691.5534009 24035.0455149 29643.891818
many_rivals 0 0 0 0 0 0
