Parameter Female_0 Female_1 Female_2 Female_3 Female_4 Female_5
Size 21.5865167923 26.5088081774 29.6555782955 20.2318778193 26.4322611372 31.0561495076
Profit 2.97775171729 3.46951958978 4.12513584038 2.90497370555 3.45789589608 4.56672964118
E values
no_rival 0.0737006232864 0.0858720875843 0.102098869027 0.0718993364982 0.0855843962144 0.11302850368
brother 0.0230579770014 0.0268659413216 0.0319426521637 0.0224944264168 0.0267759341996 0.0353620976614
nonkin 0.0417285558985 0.0486199172693 0.0578073586542 0.0407086853319 0.0484570292927 0.0639956084987
many_rivals 0.0 0.0 0.0 0.0 0.0 0.0
Observed values
no_rival 110 45 86 74 65 85
brother 175 85 180 92 144 136
nonkin 832 829 844 712 431 530
many_rivals 0 0 0 0 0 0
Q values
no_rival 0.0041325181623 0.00334619949963 0.00350363596031 0.0032143753769 0.00389126232619 0.00368644499498
brother 0.00277636840526 0.00333029213248 0.00369298648976 0.00331170447348 0.00329832938078 0.0029545031736
nonkin 0.0224623395804 0.0238862952457 0.0256087124007 0.0209830531807 0.0187823790742 0.0218532663658
many_rivals 1 1 1 1 1 1
O' values
no_rival 26618.1528259 13448.0923821 24545.929136 23021.5800344 16704.0909996 23057.4442629
brother 63031.980795 25523.2864321 48741.0393997 27780.2565829 43658.4656581 46031.4279624
nonkin 37039.7748204 34706.0936605 32957.5336234 33932.1448536 22947.0397918 24252.6673646
many_rivals 0 0 0 0 0 0
