Parameter Female_0 Female_1 Female_2 Female_3 Female_4 Female_5
Size 23.9920218536 28.7898590447 34.5038397523 23.5223238523 28.3968171206 34.2623351949
Profit 3.16260398677 3.90476831877 6.30340376027 3.11968532975 3.81592325002 6.14195330925
E values
no_rival 0.0636367646984 0.0785703248787 0.126834792965 0.062773171125 0.076782616788 0.123586145835
brother 0.0199093982035 0.0245815118416 0.0396815333269 0.0196392143182 0.0240222094883 0.0386651615861
nonkin 0.0360304998046 0.0444857322431 0.0718125914286 0.0355415417593 0.0434735497992 0.0699732399105
many_rivals 0.0 0.0 0.0 0.0 0.0 0.0
Observed values
no_rival 97 80 52 144 125 60
brother 52 111 38 224 126 135
nonkin 519 577 580 891 913 465
many_rivals 0 0 0 0 0 0
Q values
no_rival 0.00533908800056 0.00409009850897 0.00269457783549 0.00512155880101 0.0043267918081 0.00308758584054
brother 0.00199391829437 0.00271151170813 0.00235194534484 0.00377974745821 0.00263039587542 0.00511143666871
nonkin 0.0230038752209 0.0231118923351 0.0225737323334 0.0226839384809 0.0253632064756 0.0209289232179
many_rivals 1 1 1 1 1 1
O' values
no_rival 18167.8968374 19559.4311053 19298.0137056 28116.4398565 28889.7653375 19432.658102
brother 26079.3033229 40936.5741137 16156.8380334 59263.2186348 47901.5349657 26411.3611789
nonkin 22561.4160665 24965.502246 25693.580106 39278.8933346 35997.0258839 22218.0565698
many_rivals 0 0 0 0 0 0
