Parameter Female_0 Female_1 Female_2 Female_3 Female_4 Female_5
Size 19.5180066549 28.7631047856 33.6658731813 19.8871044713 27.1275412306 30.4469792888
Profit 2.87343661095 3.89851100377 5.77314357347 2.88921574333 3.56985124031 4.36036441777
E values
no_rival 0.065449506003 0.0887980679203 0.131497383143 0.0658089141121 0.0813120426223 0.0993179024893
brother 0.0204765324481 0.0277813635295 0.0411402712902 0.0205889768691 0.0254392856548 0.0310725989728
nonkin 0.0370568558038 0.0502765780758 0.0744525033618 0.0372603490811 0.0460380654123 0.0562328032104
many_rivals 0.0 0.0 0.0 0.0 0.0 0.0
Observed values
no_rival 159 230 232 247 219 225
brother 34 126 131 70 102 82
nonkin 88 169 239 90 136 130
many_rivals 0 0 0 0 0 0
Q values
no_rival 0.139540043698 0.127731389045 0.0955885715492 0.161242658157 0.131088772778 0.12070568812
brother 0.0470775740682 0.0549055765805 0.0545648295182 0.0474946446227 0.0496030332607 0.060189666167
nonkin 0.0838598967683 0.0787268977392 0.0917332330037 0.0729243922113 0.0878879810659 0.0797501919457
many_rivals 1 1 1 1 1 1
O' values
no_rival 1139.45786304 1800.65371338 2427.06838527 1531.85269223 1670.62361908 1864.03808722
brother 722.212235293 2294.84886322 2400.81387877 1473.85037947 2056.32585943 1362.36010634
nonkin 1049.36928605 2146.66149503 2605.38075651 1234.15495517 1547.42432754 1630.09012052
many_rivals 0 0 0 0 0 0
