Parameter Female_0 Female_1 Female_2 Female_3 Female_4 Female_5
Size 21.8373926108 26.9306671582 33.6665376274 22.574096219 25.1040552926 33.4497631289
Profit 2.99337646903 3.53665695716 5.77353192076 3.04374046041 3.28061561956 5.64936425547
E values
no_rival 0.0656179827401 0.0775272664742 0.12656193494 0.0667220147759 0.071914569159 0.123840048201
brother 0.0205292420801 0.0242551805891 0.0395961669654 0.0208746495428 0.0224991921071 0.0387445974801
nonkin 0.0371522456476 0.043895163005 0.0716581019439 0.037777337546 0.0407173099121 0.0701169968907
many_rivals 0.0 0.0 0.0 0.0 0.0 0.0
Observed values
no_rival 96 63 68 71 94 36
brother 105 277 201 69 121 126
nonkin 750 517 879 368 848 493
many_rivals 0 0 0 0 0 0
Q values
no_rival 0.00350567692231 0.00330131889088 0.00347540758344 0.00390021725116 0.00482067720446 0.00277346125594
brother 0.00340609259849 0.00409777951917 0.00386597136297 0.00264600485855 0.0029561002435 0.00319914600541
nonkin 0.0182572630941 0.0187531881177 0.0245276218209 0.0212784003034 0.020549035315 0.0209026675002
many_rivals 1 1 1 1 1 1
O' values
no_rival 27384.1549371 19083.2821919 19566.0504178 18204.1141372 19499.3350546 12980.1705082
brother 30827.1125825 67597.5851566 51992.1078374 26077.0496233 40932.3060901 39385.5109417
nonkin 41079.5416671 27568.6457553 35837.1474584 17294.5331769 41267.1440289 23585.5064908
many_rivals 0 0 0 0 0 0
