Parameter Female_0 Female_1 Female_2 Female_3 Female_4 Female_5
Size 23.4762701858 25.5310986185 30.4614565038 20.1159390862 28.3968614131 29.6751769914
Profit 3.11567688955 3.33288047361 4.36500058504 2.89956073669 3.81593289812 4.13055000339
E values
no_rival 0.076553246411 0.0818900127322 0.107249556747 0.0712431986462 0.0937587759556 0.101489025798
brother 0.0239504486721 0.0256201093834 0.0335540963239 0.0222891471284 0.0293333706455 0.0317518566112
nonkin 0.0433436825854 0.0463653063089 0.0607236265346 0.0403371866415 0.0530852813583 0.0574620715166
many_rivals 0.0 0.0 0.0 0.0 0.0 0.0
Observed values
no_rival 100 140 72 103 58 74
brother 160 118 121 62 85 81
nonkin 800 828 764 732 611 446
many_rivals 0 0 0 0 0 0
Q values
no_rival 0.00421802604012 0.00446565033919 0.00381429794522 0.0046027984997 0.00338307037327 0.00344166593795
brother 0.00354870784004 0.00467690560436 0.00440849618474 0.00265707784123 0.00286997764941 0.00267590354601
nonkin 0.0226387481274 0.0244911440066 0.0240813040076 0.0236019416488 0.0227296055594 0.0221602405154
many_rivals 1 1 1 1 1 1
O' values
no_rival 23707.7720831 31350.4169306 18876.3439653 22377.6904435 17144.1896267 21501.2152063
brother 45086.8336341 25230.3574163 27447.0011835 23333.9042756 29616.9553855 30270.1493561
nonkin 35337.6430312 33808.1389655 31725.8566961 31014.3974971 26881.2407854 20126.13535
many_rivals 0 0 0 0 0 0
