Parameter Female_0 Female_1 Female_2 Female_3 Female_4 Female_5
Size 23.1601761973 27.0135818474 33.0421789053 21.4040556834 27.9549175267 32.9703772299
Profit 3.08907823606 3.55048787047 5.42912315389 2.96684031882 3.72354200162 5.39203672499
E values
no_rival 0.0680696481364 0.0782370796681 0.119633908413 0.0653760640381 0.082050428802 0.118816687232
brother 0.021296270116 0.024477252745 0.0374286645862 0.020453555395 0.025670297155 0.0371729887674
nonkin 0.0385403540784 0.0442970521373 0.0677355226046 0.0370152736978 0.0464561322834 0.0672728201439
many_rivals 0.0 0.0 0.0 0.0 0.0 0.0
Observed values
no_rival 138 74 42 94 88 31
brother 256 104 128 141 210 112
nonkin 695 449 643 684 875 642
many_rivals 0 0 0 0 0 0
Q values
no_rival 0.00454250850094 0.0031992969032 0.00232611879033 0.00340536494923 0.00312833687929 0.00196489695934
brother 0.00334532278615 0.00412685180356 0.00335730439533 0.0035780636225 0.00261315239015 0.00322391788569
nonkin 0.0213458320209 0.0178735312905 0.0228933705965 0.0207806610316 0.0225927791876 0.0235003000884
many_rivals 1 1 1 1 1 1
O' values
no_rival 30379.6899822 23130.0820896 18055.8276622 27603.5025325 28129.9627871 15776.9087344
brother 76524.7530253 25200.8080131 38125.8250452 39406.789503 80362.7070475 34740.3389203
nonkin 32559.0494351 25120.9451955 28086.7335498 32915.2185755 38729.1883277 27318.8000828
many_rivals 0 0 0 0 0 0
