Parameter Female_0 Female_1 Female_2 Female_3 Female_4 Female_5
Size 24.3903934609 25.6882879478 34.5532092041 20.2929041337 27.1490886045 34.1438542628
Profit 3.20208461434 3.35319579295 6.33731687389 2.90787048723 3.57355914706 6.06537736646
E values
no_rival 0.0669865375486 0.0701477327881 0.132574546228 0.0608316765605 0.0747576603423 0.126885662823
brother 0.0209574081374 0.0219464196801 0.0414772725329 0.0190317983287 0.0233886816147 0.0396974484707
nonkin 0.0379271076946 0.0397169448273 0.0750623823288 0.0344422869518 0.0423270397092 0.0718413934335
many_rivals 0.0 0.0 0.0 0.0 0.0 0.0
Observed values
no_rival 80 73 40 121 72 74
brother 253 169 147 103 69 179
nonkin 596 752 553 692 684 656
many_rivals 0 0 0 0 0 0
Q values
no_rival 0.00306593257205 0.0035590343588 0.00307799573566 0.00438884308692 0.00318155367688 0.00310860576785
brother 0.00343422819141 0.00238828145269 0.00326350495094 0.00203340307102 0.00362061951033 0.00449888401017
nonkin 0.0186608400736 0.0202691295656 0.0211856630859 0.0202740724368 0.0200144018324 0.020608472428
many_rivals 1 1 1 1 1 1
O' values
no_rival 26093.2026781 20511.1815848 12995.4695962 27569.9079697 22630.4527009 23804.8840947
brother 73670.1191357 70762.1791433 45043.596443 50654.0004133 19057.5120648 39787.6450238
nonkin 31938.5406899 37100.7545028 26102.5580251 34132.2643567 34175.3905876 31831.568414
many_rivals 0 0 0 0 0 0
