Parameter Female_0 Female_1 Female_2 Female_3 Female_4 Female_5
Size 23.701190821 26.1454250328 30.1552698931 20.5802519111 25.4744941716 33.6672406734
Profit 3.13558575188 3.41579241904 4.26957721123 2.92196422441 3.32571010112 5.77394288099
E values
no_rival 0.0730525419264 0.0795807669283 0.0994721538214 0.068075610397 0.0774820387072 0.13452070451
brother 0.0228552182671 0.0248976387412 0.0311208580446 0.0212981354688 0.0242410306299 0.042086147613
nonkin 0.0413616187133 0.0450578344271 0.0563201387721 0.0385437298507 0.0438695554956 0.0761642776865
many_rivals 0.0 0.0 0.0 0.0 0.0 0.0
Observed values
no_rival 103 121 76 103 64 44
brother 79 314 152 74 59 167
nonkin 701 573 553 840 548 639
many_rivals 0 0 0 0 0 0
Q values
no_rival 0.00423418477357 0.00418385032563 0.00462384188758 0.00535832332425 0.00324519509169 0.00272084100818
brother 0.00414636670854 0.00384918929686 0.00422741539217 0.00448089561776 0.00244134261197 0.00388889112152
nonkin 0.020942948685 0.0213429822574 0.0222777143167 0.0229192634644 0.0234522901938 0.0255707655856
many_rivals 1 1 1 1 1 1
O' values
no_rival 24325.8160681 28920.7286548 16436.5481882 19222.4309298 19721.4645627 16171.4704636
brother 19052.8251728 81575.6191197 35955.7757871 16514.5556408 24167.0299411 42942.8324892
nonkin 33471.8864351 26847.2321764 24823.0133549 36650.3924223 23366.5878885 24989.4747132
many_rivals 0 0 0 0 0 0
