Parameter Female_0 Female_1 Female_2 Female_3 Female_4 Female_5
Size 22.8766279952 28.1862121048 33.5514131956 20.1126288753 27.7103812221 33.4480251689
Profit 3.06652191411 3.77094104709 5.70696156379 2.89940790837 3.67561307443 5.64838899061
E values
no_rival 0.0658900290655 0.0810258077901 0.122624873993 0.062299268261 0.0789775058164 0.121366331364
brother 0.0206143544934 0.0253497342252 0.0383644180774 0.0194909490681 0.0247089024697 0.0379706704307
nonkin 0.0373062755566 0.0458760021127 0.069428977406 0.0352732226967 0.0447162740182 0.0687164031552
many_rivals 0.0 0.0 0.0 0.0 0.0 0.0
Observed values
no_rival 180 212 192 149 247 262
brother 76 79 141 55 111 168
nonkin 79 122 196 67 109 200
many_rivals 0 0 0 0 0 0
Q values
no_rival 0.148000580966 0.131457882011 0.0988644377359 0.150686679863 0.12804785279 0.108818358826
brother 0.0506252458499 0.0486645209399 0.0583370997915 0.0540768007956 0.056464961962 0.0600226935567
nonkin 0.0741577339608 0.0892353039652 0.0838360196211 0.0724332737978 0.0840923748325 0.0846041133904
many_rivals 1 1 1 1 1 1
O' values
no_rival 1216.21144205 1612.6838251 1942.05322356 988.806708962 1928.96635609 2407.68196495
brother 1501.2272775 1623.35924559 2416.98679749 1017.07200113 1965.82085851 2798.94136776
nonkin 1065.29684472 1367.17189923 2337.8972533 924.989255449 1296.19362299 2363.95125468
many_rivals 0 0 0 0 0 0
