Parameter Female_0 Female_1 Female_2 Female_3 Female_4 Female_5
Size 24.15531718 27.0877681082 32.9083273915 19.6136427728 27.9548249529 33.1649116207
Profit 3.17843191936 3.56304619967 5.36038655598 2.87742098603 3.72352343865 5.49368255541
E values
no_rival 0.0699072432803 0.0783665479768 0.117897710743 0.0632867319463 0.0818961253505 0.120829456993
brother 0.0218711801327 0.0245177582 0.0368854777831 0.0197998869567 0.0256220217772 0.0378027039149
nonkin 0.0395807820729 0.044370355799 0.0667525048456 0.0358323147607 0.0463687672122 0.0684124302549
many_rivals 0.0 0.0 0.0 0.0 0.0 0.0
Observed values
no_rival 86 54 86 125 114 63
brother 116 44 205 70 303 72
nonkin 618 543 806 692 642 658
many_rivals 0 0 0 0 0 0
Q values
no_rival 0.00420777507466 0.00330397241417 0.00485612792215 0.00522676983777 0.0058165704661 0.00343846097439
brother 0.00460336894063 0.00275852243799 0.00498016679928 0.00435778982917 0.00410233541489 0.00442937791336
nonkin 0.0182299246349 0.0224315767694 0.0256718989772 0.0218098286523 0.0237244601711 0.0259964429138
many_rivals 1 1 1 1 1 1
O' values
no_rival 20438.3548251 16343.9621252 17709.5828979 23915.3442527 19599.1780147 18322.1506567
brother 25198.9361479 15950.5680991 41163.2799186 16063.1886218 73860.3671704 16255.1043077
nonkin 33900.3047121 24206.9474465 31396.1970915 31728.8141521 27060.6789521 25311.1551523
many_rivals 0 0 0 0 0 0
