Parameter Female_0 Female_1 Female_2 Female_3 Female_4 Female_5
Size 20.9030035579 29.1220448164 34.1923539058 20.2565417158 25.5737576671 30.2754024638
Profit 2.93872582465 3.98512927942 6.09651808424 2.90614045967 3.3383347716 4.30636566112
E values
no_rival 0.0663496720635 0.0899750560609 0.137645360525 0.0656139694462 0.0753719232586 0.0972278349358
brother 0.0207581584018 0.0281495960392 0.0430637274939 0.0205279864809 0.0235808599107 0.030418700438
nonkin 0.0375665208256 0.0509429769911 0.0779334266757 0.0371499733607 0.0426748292298 0.0550494278623
many_rivals 0.0 0.0 0.0 0.0 0.0 0.0
Observed values
no_rival 239 256 240 272 292 217
brother 73 30 100 89 81 48
nonkin 100 99 140 129 102 105
many_rivals 0 0 0 0 0 0
Q values
no_rival 0.121139041974 0.122162605465 0.118891522297 0.111206151494 0.127583181489 0.11616181513
brother 0.0575288389194 0.0565369733653 0.0656361685365 0.0676787106939 0.0616937877586 0.0579326189932
nonkin 0.0964130705806 0.101078462679 0.0950518488908 0.095417056108 0.0923825528063 0.0945098579464
many_rivals 1 1 1 1 1 1
O' values
no_rival 1972.93949255 2095.56761683 2018.64687542 2445.90785983 2288.70291987 1868.08375676
brother 1268.92879069 530.626211738 1523.55023503 1315.03687182 1312.93608227 828.548766381
nonkin 1037.20376706 979.437136019 1472.88034514 1351.9595475 1104.10458362 1110.99521554
many_rivals 0 0 0 0 0 0
