Parameter Female_0 Female_1 Female_2 Female_3 Female_4 Female_5
Size 22.8252484718 29.4009853189 31.0052189519 20.3088393284 29.0224117219 32.8381865426
Profit 3.06256132893 4.05658084563 4.54855993157 2.90863236289 3.96049937498 5.32504949727
E values
no_rival 0.094796758663 0.125565066008 0.140793503145 0.0900321301452 0.122591015529 0.164828513732
brother 0.0 0.0 0.0 0.0 0.0 0.0
nonkin 0.0335485728908 0.0444374768601 0.0498268207631 0.0318623708584 0.0433849603958 0.0583328110097
many_rivals 0.0 0.0 0.0 0.0 0.0 0.0
Observed values
no_rival 343 321 396 282 304 287
brother 0 0 0 0 0 0
nonkin 142 138 128 97 134 137
many_rivals 0 0 0 0 0 0
Q values
no_rival 0.114726438444 0.121431372729 0.136798136895 0.110361887143 0.120364960664 0.126745606279
brother 1 1 1 1 1 1
nonkin 0.131715161108 0.115694300236 0.100721919019 0.102449695546 0.122044912453 0.115816739716
many_rivals 1 1 1 1 1 1
O' values
no_rival 2989.72063154 2643.46842817 2894.77626662 2555.22995574 2525.65196982 2264.37829622
brother 0 0 0 0 0 0
nonkin 1078.08394117 1192.79860562 1270.8256678 946.806132347 1097.95645969 1182.90326887
many_rivals 0 0 0 0 0 0
