Parameter Female_0 Female_1 Female_2 Female_3 Female_4 Female_5
Size 23.3789912117 26.6915701879 32.877559889 21.760414598 26.4578288171 32.6815889944
Profit 3.10732268742 3.4979554397 5.34482867085 2.98850390133 3.461759835 5.24781087749
E values
no_rival 0.0699278653796 0.0787187497718 0.120281186529 0.0672539415828 0.0779041960136 0.118097877013
brother 0.0218776319626 0.0246279480536 0.0376311720176 0.0210410681636 0.0243731067648 0.0369481018023
nonkin 0.0395924580992 0.0445697689333 0.068102005001 0.0380785091848 0.044108576741 0.066865836986
many_rivals 0.0 0.0 0.0 0.0 0.0 0.0
Observed values
no_rival 218 306 227 248 250 266
brother 74 69 67 95 91 71
nonkin 146 123 126 135 125 124
many_rivals 0 0 0 0 0 0
Q values
no_rival 0.122309132648 0.128346329762 0.115396012786 0.107143854649 0.122473995597 0.132627077699
brother 0.0618815151465 0.0504540529601 0.0683383762569 0.0713969264254 0.0663472867179 0.0568870070185
nonkin 0.101949962642 0.0992147680235 0.0947074458072 0.0952107679984 0.0888211348087 0.0985423971437
many_rivals 1 1 1 1 1 1
O' values
no_rival 1782.36894727 2384.17413701 1967.1390243 2314.6451172 2041.24964471 2005.62362238
brother 1195.8336803 1367.58091673 980.415451315 1330.58949112 1371.5707831 1248.08816145
nonkin 1432.07507111 1239.73479403 1330.41281946 1417.90684854 1407.32270838 1258.34162345
many_rivals 0 0 0 0 0 0
