Parameter Female_0 Female_1 Female_2 Female_3 Female_4 Female_5
Size 23.7999414763 28.8259006833 31.5592172467 20.2266343997 26.1009068681 30.1296299257
Profit 3.14459515658 3.91324750407 4.75582818694 2.90472635353 3.40945820062 4.26183205219
E values
no_rival 0.103736149038 0.129093001195 0.156888654034 0.0958231857902 0.112473640144 0.140592357021
brother 0.0 0.0 0.0 0.0 0.0 0.0
nonkin 0.0367122231446 0.0456860131228 0.0555228946628 0.0339118254512 0.0398044212468 0.0497556351498
many_rivals 0.0 0.0 0.0 0.0 0.0 0.0
Observed values
no_rival 324 292 390 276 400 276
brother 0 0 0 0 0 0
nonkin 137 140 117 135 131 99
many_rivals 0 0 0 0 0 0
Q values
no_rival 0.114194760935 0.114984877283 0.142932862832 0.104403420383 0.126446957938 0.118415123946
brother 1 1 1 1 1 1
nonkin 0.105833245431 0.123994459857 0.11211787594 0.120889416512 0.110560610191 0.118709410246
many_rivals 1 1 1 1 1 1
O' values
no_rival 2837.25800857 2539.46437915 2728.55375785 2643.5915508 3163.38175725 2330.78335607
brother 0 0 0 0 0 0
nonkin 1294.48926414 1129.08270387 1043.54456431 1116.7230672 1184.87045046 833.969268277
many_rivals 0 0 0 0 0 0
