Parameter Female_0 Female_1 Female_2 Female_3 Female_4 Female_5
Size 24.6937232565 26.0619165142 33.9208331162 23.465753841 29.3577934921 33.2893874579
Profit 3.23418491976 3.4039537235 5.92576545831 3.11476640238 4.04527137456 5.56069251518
E values
no_rival 0.0680722072696 0.0716454529198 0.124723831357 0.0655587201721 0.0851437250198 0.117039879552
brother 0.0212970707664 0.0224149964005 0.0390210978784 0.020510701193 0.0266380658097 0.0366170967165
nonkin 0.038541803034 0.0405649389887 0.0706173860761 0.0371186917742 0.048207525669 0.0662668094034
many_rivals 0.0 0.0 0.0 0.0 0.0 0.0
Observed values
no_rival 281 252 293 279 225 206
brother 74 83 75 82 82 70
nonkin 73 93 94 156 104 120
many_rivals 0 0 0 0 0 0
Q values
no_rival 0.119843604977 0.124132363879 0.126534310924 0.120133902877 0.122491007546 0.115990144283
brother 0.0653573161528 0.0568903046798 0.0716379725747 0.0567209659021 0.055803860668 0.0676332236051
nonkin 0.0921457043965 0.0993111260392 0.0883397556636 0.103464949316 0.107592824236 0.0985969425307
many_rivals 1 1 1 1 1 1
O' values
no_rival 2344.72252444 2030.09104253 2315.5774735 2322.40852347 1836.86953441 1776.0129645
brother 1132.23743501 1458.94806623 1046.93080087 1445.67354762 1469.43238368 1034.99428637
nonkin 792.223581968 936.450966867 1064.07357926 1507.75698467 966.607213247 1217.07627965
many_rivals 0 0 0 0 0 0
