Parameter Female_0 Female_1 Female_2 Female_3 Female_4 Female_5
Size 19.953353173 26.3540294716 33.1328613813 22.9689096515 25.8533709984 31.8038042397
Profit 2.89216520289 3.446187347 5.476680168 3.07373185363 3.37518515797 4.85440669638
E values
no_rival 0.0924016131469 0.110102033504 0.174974127241 0.0982024752157 0.107833588812 0.155093149302
brother 0.0 0.0 0.0 0.0 0.0 0.0
nonkin 0.0327009308927 0.0389651096572 0.0619233436306 0.0347538559788 0.0381623070807 0.0548874655379
many_rivals 0.0 0.0 0.0 0.0 0.0 0.0
Observed values
no_rival 400 269 314 247 281 345
brother 0 0 0 0 0 0
nonkin 127 148 136 73 156 155
many_rivals 0 0 0 0 0 0
Q values
no_rival 0.116425472017 0.104396439247 0.139213204401 0.116203047563 0.119843038499 0.129907147103
brother 1 1 1 1 1 1
nonkin 0.104065228997 0.127778330189 0.106921023922 0.111645060142 0.110859113636 0.114902556503
many_rivals 1 1 1 1 1 1
O' values
no_rival 3435.67428218 2576.71623612 2255.53316835 2125.58969133 2344.73360756 2655.74302641
brother 0 0 0 0 0 0
nonkin 1220.38841623 1158.25586217 1271.96686873 653.857859068 1407.1914783 1348.96911537
many_rivals 0 0 0 0 0 0
