Parameter Female_0 Female_1 Female_2 Female_3 Female_4 Female_5
Size 24.2442177984 28.3731331613 33.7449291007 21.538525412 26.2118360928 34.049530185
Profit 3.18725460973 3.8107756917 5.81969010306 2.97484553368 3.42534035801 6.00561777255
E values
no_rival 0.0672469603008 0.0804024507086 0.122787953033 0.0627654028309 0.0722702624285 0.126710786989
brother 0.0210388839997 0.0251547107287 0.0384154389858 0.0196367839297 0.0226104743034 0.0396427368173
nonkin 0.0380745564527 0.0455230635667 0.0695213111276 0.0355371434288 0.0409186998844 0.0717423804851
many_rivals 0.0 0.0 0.0 0.0 0.0 0.0
Observed values
no_rival 255 256 263 343 251 271
brother 25 36 75 32 26 20
nonkin 131 147 141 123 197 143
many_rivals 0 0 0 0 0 0
Q values
no_rival 0.113184189865 0.122375960897 0.12563941816 0.129716661545 0.10644488767 0.130681249013
brother 0.0552975928317 0.0632958514641 0.0648913063837 0.0639943553556 0.0652129641871 0.0546619234733
nonkin 0.108336768816 0.0993741260328 0.0998458903693 0.0914720183476 0.0978425755279 0.0976971403258
many_rivals 1 1 1 1 1 1
O' values
no_rival 2252.96483814 2091.91411552 2093.2920882 2644.22469647 2358.02775967 2073.7481624
brother 452.099245551 568.757654211 1155.77885821 500.044102674 398.69373098 365.885404852
nonkin 1209.19242315 1479.25829256 1412.17629968 1344.67351024 2013.43841305 1463.70712104
many_rivals 0 0 0 0 0 0
