Parameter Female_0 Female_1 Female_2 Female_3 Female_4 Female_5
Size 24.1192497561 29.482423781 29.908154783 21.6893820516 28.5654985894 29.772200815
Profit 3.17489419265 4.07815543209 4.19645617768 2.98406957264 3.85325310103 4.15764766006
E values
no_rival 0.104480007471 0.134204696017 0.138097758914 0.0982003154512 0.126803568357 0.136820641012
brother 0.0 0.0 0.0 0.0 0.0 0.0
nonkin 0.0369754746439 0.0474950419205 0.0488727968797 0.0347530916382 0.0448757828414 0.0484208248542
many_rivals 0.0 0.0 0.0 0.0 0.0 0.0
Observed values
no_rival 363 352 301 264 368 297
brother 0 0 0 0 0 0
nonkin 137 124 130 119 148 119
many_rivals 0 0 0 0 0 0
Q values
no_rival 0.125506611271 0.125106025793 0.132889545596 0.104057655104 0.126077558783 0.12636180544
brother 1 1 1 1 1 1
nonkin 0.12627829036 0.112979173945 0.112450549255 0.10611080986 0.128077776841 0.106604536054
many_rivals 1 1 1 1 1 1
O' values
no_rival 2892.27791527 2813.61347521 2265.0389739 2537.05505602 2918.83824173 2350.39376785
brother 0 0 0 0 0 0
nonkin 1084.90540701 1097.54741224 1156.06371744 1121.46915246 1155.54785265 1116.27520183
many_rivals 0 0 0 0 0 0
