Parameter Female_0 Female_1 Female_2 Female_3 Female_4 Female_5
Size 19.2522587992 28.4277904914 30.3960070263 19.2232605315 27.1931066331 32.0944920991
Profit 2.86273255756 3.82268966779 4.34414081022 2.86159645419 3.58118051209 4.97759317286
E values
no_rival 0.0941844348983 0.125767202808 0.142923042618 0.0941470568854 0.117821506556 0.163763743456
brother 0.0 0.0 0.0 0.0 0.0 0.0
nonkin 0.0333318715105 0.0445090130738 0.0505804647825 0.0333186434317 0.0416970311703 0.057955988809
many_rivals 0.0 0.0 0.0 0.0 0.0 0.0
Observed values
no_rival 317 351 274 224 357 356
brother 0 0 0 0 0 0
nonkin 173 148 95 123 168 184
many_rivals 0 0 0 0 0 0
Q values
no_rival 0.108218069764 0.124491234633 0.121341644101 0.100479469825 0.121529358077 0.129522427998
brother 1 1 1 1 1 1
nonkin 0.119049286209 0.110852179736 0.107906229922 0.1196450176 0.109959605097 0.112212041635
many_rivals 1 1 1 1 1 1
O' values
no_rival 2929.27050623 2819.47561236 2258.08708981 2229.31112584 2937.56180111 2748.55872841
brother 0 0 0 0 0 0
nonkin 1453.17964944 1335.11131989 880.394024223 1028.04113759 1527.83378816 1639.75271565
many_rivals 0 0 0 0 0 0
