Parameter Female_0 Female_1 Female_2 Female_3 Female_4 Female_5
Size 23.1704815799 29.3214619895 34.65342144 22.9641510747 25.844568478 29.9614360785
Profit 3.08992080729 4.03582882592 6.40712708864 3.073357012 3.37399540584 4.21193710243
E values
no_rival 0.0679726582068 0.0887809204424 0.140945184956 0.0676082847274 0.074221784575 0.0926549833822
brother 0.0212659258466 0.0277759987696 0.0440961105654 0.0211519279598 0.0232210275221 0.028988038101
nonkin 0.0384854393501 0.0502668693453 0.0798017542704 0.0382791347298 0.0420236322085 0.0524603250412
many_rivals 0.0 0.0 0.0 0.0 0.0 0.0
Observed values
no_rival 215 274 336 267 208 281
brother 54 38 42 57 39 58
nonkin 143 112 141 125 108 154
many_rivals 0 0 0 0 0 0
Q values
no_rival 0.112627614419 0.120180545011 0.141499733094 0.132318700366 0.109598563953 0.124093743541
brother 0.0663957302685 0.0575524465336 0.0565467331377 0.0605471293335 0.058276980422 0.076451147338
nonkin 0.102384990351 0.102344800439 0.0953251170482 0.101235644769 0.108047057646 0.0872025518768
many_rivals 1 1 1 1 1 1
O' values
no_rival 1908.94569781 2279.90312388 2374.56278294 2017.85536936 1897.83508559 2264.41714128
brother 813.30531017 660.267326391 742.748478462 941.415400325 669.217926488 758.654408986
nonkin 1396.68909974 1094.33991292 1479.14845915 1234.74296317 999.564470822 1766.00336441
many_rivals 0 0 0 0 0 0
