Parameter Female_0 Female_1 Female_2 Female_3 Female_4 Female_5
Size 20.1945104416 29.1771783911 29.8610683374 20.8491229259 27.3428525634 33.7128818884
Profit 2.90321623629 3.99895748453 4.18290318156 2.93585668709 3.60758339184 5.80073824177
E values
no_rival 0.0659451050165 0.0908343195307 0.0950125540543 0.0666865165341 0.0819444527269 0.131760868428
brother 0.0206315855555 0.0284184252084 0.0297256276614 0.0208635435629 0.0256371414801 0.0412227052963
nonkin 0.0373374590093 0.0514294833751 0.05379515798 0.0377572387965 0.0463961296894 0.074601686095
many_rivals 0.0 0.0 0.0 0.0 0.0 0.0
Observed values
no_rival 212 252 256 220 323 296
brother 75 93 111 102 88 41
nonkin 97 83 120 91 140 134
many_rivals 0 0 0 0 0 0
Q values
no_rival 0.122426809747 0.117572080574 0.118158590821 0.114930158032 0.120930973133 0.130986085776
brother 0.0691081266695 0.0657392107044 0.064085258073 0.0607818317106 0.0686906125244 0.0548642530003
nonkin 0.0857433545855 0.0938577243717 0.0897492850085 0.101633489835 0.0884197498267 0.101027336274
many_rivals 1 1 1 1 1 1
O' values
no_rival 1731.64685446 2143.36599956 2166.57966399 1914.20601665 2670.94518165 2259.78200849
brother 1085.25586808 1414.68081231 1732.06761333 1678.13303958 1281.10664276 747.29897443
nonkin 1131.28300693 884.317199843 1337.0580054 895.374154202 1583.35666267 1326.37368204
many_rivals 0 0 0 0 0 0
