Parameter Female_0 Female_1 Female_2 Female_3 Female_4 Female_5
Size 23.4117393111 25.6904286872 31.6968685397 21.4580720139 28.7680740114 30.3545212862
Profit 3.1101180752 3.35347661374 4.81075112594 2.97003179481 3.8996708417 4.33105046194
E values
no_rival 0.102208891284 0.11020646752 0.158097386317 0.097605187162 0.128156238273 0.142332816667
brother 0.0 0.0 0.0 0.0 0.0 0.0
nonkin 0.0361717266254 0.0390020688552 0.0559506650174 0.0345424757366 0.0453544927248 0.0503715838184
many_rivals 0.0 0.0 0.0 0.0 0.0 0.0
Observed values
no_rival 379 237 355 251 300 324
brother 0 0 0 0 0 0
nonkin 152 99 128 100 120 144
many_rivals 0 0 0 0 0 0
Q values
no_rival 0.11825524177 0.110982750917 0.136158695718 0.120536873228 0.118030428462 0.131740699311
brother 1 1 1 1 1 1
nonkin 0.115860064154 0.117834153566 0.115765150956 0.117544841249 0.106316947055 0.111218923785
many_rivals 1 1 1 1 1 1
O' values
no_rival 3204.931928 2135.4669806 2607.25176698 2082.35034872 2541.71745295 2459.37665197
brother 0 0 0 0 0 0
nonkin 1311.92746275 840.163882918 1105.68680594 850.739164201 1128.70058184 1294.74369198
many_rivals 0 0 0 0 0 0
