Parameter Female_0 Female_1 Female_2 Female_3 Female_4 Female_5
Size 20.8947823439 26.3435313461 31.7056808279 22.8115760437 28.5855189298 29.6637016992
Profit 2.93828617171 3.44462916033 4.81431569795 3.06151379651 3.85776249025 4.12737752877
E values
no_rival 0.0975656326203 0.114378724035 0.159859091067 0.101657399204 0.128096793799 0.137049346498
brother 0.0 0.0 0.0 0.0 0.0 0.0
nonkin 0.0345284773843 0.040478630436 0.0565741323286 0.0359765535781 0.0453334553254 0.0485017637256
many_rivals 0.0 0.0 0.0 0.0 0.0 0.0
Observed values
no_rival 343 351 232 327 244 347
brother 0 0 0 0 0 0
nonkin 108 128 160 120 157 138
many_rivals 0 0 0 0 0 0
Q values
no_rival 0.108282242955 0.121010377173 0.126097900158 0.117195261614 0.114464622057 0.134869711487
brother 1 1 1 1 1 1
nonkin 0.110370792011 0.110854510874 0.107482576535 0.118402648643 0.121169558843 0.120547357133
many_rivals 1 1 1 1 1 1
O' values
no_rival 3167.64771987 2900.57768762 1839.84031224 2790.21519725 2131.66300307 2572.85343147
brother 0 0 0 0 0 0
nonkin 978.519751756 1154.66658948 1488.61336561 1013.49084142 1295.70497325 1144.77831188
many_rivals 0 0 0 0 0 0
