Parameter Female_0 Female_1 Female_2 Female_3 Female_4 Female_5
Size 24.4420168075 27.1510688758 34.0544570849 23.8074047593 26.5761971831 32.9491719988
Profit 3.20741975293 3.57390066679 6.0087131746 3.14528285809 3.47989149097 5.38117903273
E values
no_rival 0.0955390252116 0.106455347977 0.178980814392 0.0936881610217 0.103655108 0.160288530619
brother 0.0 0.0 0.0 0.0 0.0 0.0
nonkin 0.0338112610224 0.0376745476492 0.0633413102135 0.0331562401856 0.036683542721 0.0567261109862
many_rivals 0.0 0.0 0.0 0.0 0.0 0.0
Observed values
no_rival 278 410 282 306 396 262
brother 0 0 0 0 0 0
nonkin 90 120 141 127 113 156
many_rivals 0 0 0 0 0 0
Q values
no_rival 0.117510645483 0.125752887959 0.136952604282 0.102499569637 0.128572723323 0.119023052384
brother 1 1 1 1 1 1
nonkin 0.106017522751 0.114987918874 0.118036388885 0.135096263139 0.0949919764637 0.11952312288
many_rivals 1 1 1 1 1 1
O' values
no_rival 2365.74311082 3260.36249867 2059.10651701 2985.37838827 3079.96898383 2201.25425076
brother 0 0 0 0 0 0
nonkin 848.916270297 1043.58789319 1194.54687942 940.070413863 1189.57415359 1305.18678094
many_rivals 0 0 0 0 0 0
