Parameter Female_0 Female_1 Female_2 Female_3 Female_4 Female_5
Size 19.806298643 27.4443838289 30.1224807778 19.4761249855 27.3356863228 30.4296522518
Profit 2.88566738169 3.6259111244 4.2596791063 2.87171409118 3.60630291217 4.35483212902
E values
no_rival 0.0986559692606 0.123963620582 0.145631050078 0.098178930428 0.123293249771 0.148884167102
brother 0.0 0.0 0.0 0.0 0.0 0.0
nonkin 0.0349143475213 0.0438707253241 0.0515388286226 0.0347455234785 0.043633481094 0.0526901067374
many_rivals 0.0 0.0 0.0 0.0 0.0 0.0
Observed values
no_rival 345 298 354 341 284 267
brother 0 0 0 0 0 0
nonkin 148 97 205 128 168 101
many_rivals 0 0 0 0 0 0
Q values
no_rival 0.12455360977 0.123575807874 0.132812160291 0.121123872457 0.112249272868 0.119012119216
brother 1 1 1 1 1 1
nonkin 0.0992368349655 0.123601227678 0.109723601361 0.112711708871 0.12194445256 0.121620691853
many_rivals 1 1 1 1 1 1
O' values
no_rival 2769.89162046 2411.4752323 2665.41858235 2815.29968521 2530.0832045 2243.46899929
brother 0 0 0 0 0 0
nonkin 1491.38170369 784.781849037 1868.33094664 1135.64066486 1377.6764459 830.450793046
many_rivals 0 0 0 0 0 0
