Parameter Female_0 Female_1 Female_2 Female_3 Female_4 Female_5
Size 20.1293494474 27.288954679 30.1125919182 21.0542735403 29.4803645497 33.0339232404
Profit 2.90018084683 3.59799481646 4.25670585185 2.94693743541 4.07760583746 5.42483358234
E values
no_rival 0.0665149166313 0.0825191041169 0.0976264756626 0.0675872672038 0.0935188619809 0.124417190695
brother 0.0208098568173 0.025816926914 0.0305434191758 0.0211453524174 0.0292583111593 0.0389251622807
nonkin 0.0376600806475 0.04672149156 0.0552751342554 0.0382672348181 0.052949444465 0.0704437691994
many_rivals 0.0 0.0 0.0 0.0 0.0 0.0
Observed values
no_rival 286 300 235 229 254 261
brother 78 31 50 50 44 85
nonkin 127 140 90 161 152 134
many_rivals 0 0 0 0 0 0
Q values
no_rival 0.125422392108 0.113881599903 0.116742613897 0.109936313338 0.119428156715 0.126934157512
brother 0.0681023030485 0.0625958196899 0.0719939324134 0.0460482806678 0.0621491032308 0.0631309222854
nonkin 0.0920238715616 0.110068650644 0.0928728613083 0.124982629207 0.0982544418445 0.0929832703622
many_rivals 1 1 1 1 1 1
O' values
no_rival 2280.29457254 2634.31493986 2012.97531515 2083.02418961 2126.80164365 2056.18412818
brother 1145.33571566 495.240738976 694.502971624 1085.81687036 707.974817216 1346.40833561
nonkin 1380.07668929 1271.93346317 969.066729851 1288.17901353 1547.0038519 1441.11945598
many_rivals 0 0 0 0 0 0
