Parameter Female_0 Female_1 Female_2 Female_3 Female_4 Female_5
Size 23.4415003533 25.2842181168 32.2450995645 23.6613088475 26.7173412271 31.6858140687
Profit 3.11267340203 3.3021566406 5.0441040212 3.13199414435 3.50204402663 4.80628790239
E values
no_rival 0.100398105 0.106509815297 0.162695670166 0.101021288247 0.112957107441 0.155025001072
brother 0.0 0.0 0.0 0.0 0.0 0.0
nonkin 0.0355308893596 0.0376938236336 0.0575779976718 0.0357514339105 0.0399755203232 0.0548633478792
many_rivals 0.0 0.0 0.0 0.0 0.0 0.0
Observed values
no_rival 292 341 325 306 226 359
brother 0 0 0 0 0 0
nonkin 106 179 116 134 153 143
many_rivals 0 0 0 0 0 0
Q values
no_rival 0.11002189609 0.122321904862 0.149897881707 0.117894847192 0.106579810307 0.137616730083
brother 1 1 1 1 1 1
nonkin 0.114371357197 0.124062887057 0.10415932141 0.113055158947 0.121347471427 0.11715738342
many_rivals 1 1 1 1 1 1
O' values
no_rival 2654.01715821 2787.72637153 2168.14271355 2595.53328486 2120.47665827 2608.69445004
brother 0 0 0 0 0 0
nonkin 926.805474712 1442.81665732 1113.67853045 1185.26214326 1260.8420942 1220.58034949
many_rivals 0 0 0 0 0 0
