Parameter Female_0 Female_1 Female_2 Female_3 Female_4 Female_5
Size 24.2427235795 28.224364556 32.3728747897 23.5184658264 26.9546996609 33.0219471038
Profit 3.18710510305 3.77895880511 5.1020217401 3.11934820452 3.54064371108 5.41862266508
E values
no_rival 0.070242548281 0.0832867720822 0.112446561008 0.0687492127737 0.078034400743 0.119424321402
brother 0.0219760836552 0.0260570995136 0.0351800310771 0.0215088787084 0.0244138426165 0.0373630931938
nonkin 0.0397706284112 0.0471561374852 0.0636661183773 0.0389251167803 0.0441822973567 0.0676168565346
many_rivals 0.0 0.0 0.0 0.0 0.0 0.0
Observed values
no_rival 273 254 232 224 222 220
brother 62 79 100 78 61 76
nonkin 146 131 73 130 85 89
many_rivals 0 0 0 0 0 0
Q values
no_rival 0.1235293077 0.118839372521 0.132490185215 0.113044250689 0.122945195476 0.129569605236
brother 0.0534933987729 0.0677237173779 0.0616026725115 0.0669536800478 0.063248141267 0.0635286526401
nonkin 0.102660254594 0.0955973806349 0.0841460817626 0.101466987016 0.0919719234877 0.0890534677666
many_rivals 1 1 1 1 1 1
O' values
no_rival 2210.00186176 2137.33878437 1751.07310495 1981.52492174 1805.68259817 1697.92907525
brother 1159.02151335 1166.50418876 1623.30619636 1164.98450786 964.455219996 1196.31059123
nonkin 1422.16674387 1370.33043301 867.538909369 1281.2048906 924.195088856 999.399599276
many_rivals 0 0 0 0 0 0
