Parameter Female_0 Female_1 Female_2 Female_3 Female_4 Female_5
Size 20.2040216175 26.0355521339 30.5490663507 24.7028840711 25.3193934807 31.969991045
Profit 2.90366240128 3.4002544391 4.39332650273 3.23518303333 3.3064478378 4.92401044889
E values
no_rival 0.0697238722042 0.0816482335788 0.105494266652 0.0776844747082 0.0793957129423 0.118237256204
brother 0.0218138106578 0.0255444663575 0.0330049362648 0.0243043647572 0.0248397427511 0.0369917079761
nonkin 0.0394769592033 0.04622841337 0.0597297988358 0.0439841727351 0.0449530587108 0.0669447520904
many_rivals 0.0 0.0 0.0 0.0 0.0 0.0
Observed values
no_rival 237 300 313 265 232 315
brother 43 28 38 44 47 40
nonkin 94 177 126 120 163 139
many_rivals 0 0 0 0 0 0
Q values
no_rival 0.117037957762 0.130128740061 0.131196993857 0.118816459711 0.117452677318 0.133357766548
brother 0.0717840924862 0.0542098699697 0.0582203306718 0.070169513814 0.0606137986998 0.0517183468234
nonkin 0.0899067251607 0.100390737782 0.0951337070919 0.0905401010119 0.107243206702 0.104002262127
many_rivals 1 1 1 1 1 1
O' values
no_rival 2024.98406955 2305.4092421 2385.72539507 2230.33071887 1975.26361508 2362.06715329
brother 599.018508289 516.511107952 652.692960716 627.05294092 775.400997927 773.419926522
nonkin 1045.5280162 1763.11085974 1324.4516991 1325.37956838 1519.90979207 1336.50939082
many_rivals 0 0 0 0 0 0
