Parameter Female_0 Female_1 Female_2 Female_3 Female_4 Female_5
Size 22.7739035273 29.312023118 33.1565334853 19.375205902 26.3050864173 33.10827297
Profit 3.05864130433 4.03338616316 5.48922816549 2.86761855607 3.43894904754 5.46370523487
E values
no_rival 0.0668442395273 0.0881465343499 0.119962835065 0.0626695851401 0.0751555710473 0.119405051161
brother 0.0209128887785 0.0275775247367 0.0375315725784 0.0196068064069 0.0235131719578 0.0373570643062
nonkin 0.037846539978 0.0499076862836 0.0679217575854 0.0354828924104 0.0425523327713 0.0676059459167
many_rivals 0.0 0.0 0.0 0.0 0.0 0.0
Observed values
no_rival 221 231 276 313 283 299
brother 30 35 57 60 61 25
nonkin 116 111 136 154 172 141
many_rivals 0 0 0 0 0 0
Q values
no_rival 0.110417884348 0.113715486977 0.123541871491 0.121757311685 0.125781427795 0.140543187773
brother 0.0597387360721 0.0674201309077 0.0584321075248 0.0580290997932 0.0576158640555 0.0583069782001
nonkin 0.106994592186 0.0972588416807 0.0993843325605 0.109284668729 0.0996753468202 0.0929666299198
many_rivals 1 1 1 1 1 1
O' values
no_rival 2001.48736144 2031.38557589 2234.06037701 2570.68750673 2249.93470785 2127.459927
brother 502.186721256 519.132780207 975.491085543 1033.96399761 1058.73618317 428.765145644
nonkin 1084.16694368 1141.28441262 1368.42494683 1409.16380853 1725.60222249 1516.67324202
many_rivals 0 0 0 0 0 0
