Parameter Female_0 Female_1 Female_2 Female_3 Female_4 Female_5
Size 22.955230581 28.9946747052 29.7579373952 21.2605642454 28.6383332823 30.4164233857
Profit 3.0726552283 3.95372401407 4.15363310577 2.95851750177 3.86973988033 4.3506204016
E values
no_rival 0.0731349980208 0.0941060992723 0.0988643132402 0.0704183045477 0.0921071182613 0.103552982948
brother 0.0228810154808 0.0294420342183 0.0309306890403 0.0220310707608 0.0288166330192 0.032397586245
nonkin 0.0414083045294 0.053281932347 0.0559759855135 0.0398701398519 0.0521501292884 0.0586306634152
many_rivals 0.0 0.0 0.0 0.0 0.0 0.0
Observed values
no_rival 292 245 340 260 305 222
brother 35 59 55 76 54 44
nonkin 152 127 137 161 92 90
many_rivals 0 0 0 0 0 0
Q values
no_rival 0.119542279293 0.125936622397 0.130031873632 0.10987381737 0.123709531023 0.121192962337
brother 0.0663647809714 0.0667491185436 0.065990322258 0.0595297287618 0.0604458378877 0.0611985575263
nonkin 0.0945313106125 0.095463602543 0.0918556246375 0.107909914075 0.0996963586985 0.0994488276954
many_rivals 1 1 1 1 1 1
O' values
no_rival 2442.65043068 1945.42298608 2614.74352791 2366.35083974 2465.45272201 1831.78953397
brother 527.388164139 883.906803376 833.455544966 1276.67304355 893.361758015 718.971194396
nonkin 1607.93285331 1330.34996184 1491.47099637 1491.98524881 922.802008028 904.988043455
many_rivals 0 0 0 0 0 0
