Parameter Female_0 Female_1 Female_2 Female_3 Female_4 Female_5
Size 23.2730838012 28.5971121168 33.9551179089 20.2450358242 25.4852679224 33.9281349663
Profit 3.09839890182 3.86038148589 5.94685030846 2.90559548939 3.3270690153 5.9302446918
E values
no_rival 0.0912896837186 0.113740359472 0.175215038794 0.0856090198988 0.0980271061733 0.174725779166
brother 0.0 0.0 0.0 0.0 0.0 0.0
nonkin 0.032307419068 0.040252713217 0.0620086022291 0.0302970321422 0.0346917928747 0.0618354532469
many_rivals 0.0 0.0 0.0 0.0 0.0 0.0
Observed values
no_rival 468 234 245 304 284 366
brother 0 0 0 0 0 0
nonkin 119 114 91 151 185 125
many_rivals 0 0 0 0 0 0
Q values
no_rival 0.122583205718 0.104566296031 0.110964300575 0.0982471810837 0.106521542406 0.130567289424
brother 1 1 1 1 1 1
nonkin 0.0981439320748 0.107658276288 0.10967408322 0.113177116535 0.114484934176 0.112757066409
many_rivals 1 1 1 1 1 1
O' values
no_rival 3817.81498746 2237.81475371 2207.91730971 3094.23636024 2666.12737278 2803.15231798
brother 0 0 0 0 0 0
nonkin 1212.50491482 1058.90604912 829.731120866 1334.19196939 1615.93314729 1108.57797193
many_rivals 0 0 0 0 0 0
