Parameter Female_0 Female_1 Female_2 Female_3 Female_4 Female_5
Size 21.6936225281 28.5040348808 32.533225389 22.2532538103 25.7368680343 34.0526305274
Profit 2.98433263898 3.83951417086 5.17669420199 3.02094992414 3.3595962956 6.00756527799
E values
no_rival 0.0651210038058 0.0837818859959 0.112960438265 0.0659200281286 0.0733096171298 0.131090842965
brother 0.0203737572507 0.0262120008527 0.0353408027157 0.0206237400003 0.0229356468152 0.04101308113
nonkin 0.0368708611448 0.047436466032 0.0639570705414 0.0373232607262 0.0415071721227 0.0742223243782
many_rivals 0.0 0.0 0.0 0.0 0.0 0.0
Observed values
no_rival 367 283 210 247 221 270
brother 72 83 73 64 56 62
nonkin 151 128 75 125 94 129
many_rivals 0 0 0 0 0 0
Q values
no_rival 0.131179197404 0.129469726373 0.125562288048 0.119671544665 0.11093373597 0.13062437574
brother 0.0508438666777 0.0590789498259 0.0614851223978 0.0567314777795 0.0695852371992 0.0585003765291
nonkin 0.0934876640331 0.0904259954236 0.0936514079542 0.0984217024752 0.0928835628449 0.092941317402
many_rivals 1 1 1 1 1 1
O' values
no_rival 2797.69969068 2185.83917591 1672.47669077 2063.98271779 1992.18026931 2066.99552415
brother 1416.10000782 1404.89971884 1187.27908725 1128.12150335 804.768399936 1059.82223839
nonkin 1615.18636241 1415.52215599 800.842204494 1270.04509022 1012.01974947 1387.97257889
many_rivals 0 0 0 0 0 0
