Parameter Female_0 Female_1 Female_2 Female_3 Female_4 Female_5
Size 19.7045271808 25.1839699956 30.3375003962 23.3173969991 25.0301980223 34.2413690587
Profit 2.88127411519 3.29008090649 4.32570907503 3.10211121609 3.27199287963 6.12827854201
E values
no_rival 0.092529582044 0.105658052305 0.138916339354 0.0996215711534 0.105077171244 0.196804271122
brother 0.0 0.0 0.0 0.0 0.0 0.0
nonkin 0.0327462190854 0.0373923847108 0.0491624924973 0.0352560740312 0.0371868109033 0.0696490315499
many_rivals 0.0 0.0 0.0 0.0 0.0 0.0
Observed values
no_rival 276 346 352 259 287 366
brother 0 0 0 0 0 0
nonkin 104 156 171 127 119 155
many_rivals 0 0 0 0 0 0
Q values
no_rival 0.110949794711 0.125790332995 0.128199787394 0.111646934657 0.112075922286 0.145248580839
brother 1 1 1 1 1 1
nonkin 0.118711885304 0.117838251452 0.108430406587 0.111503592296 0.123612377001 0.114131664871
many_rivals 1 1 1 1 1 1
O' values
no_rival 2487.61163298 2750.60882472 2745.71438187 2319.8129066 2560.76411549 2519.81807937
brother 0 0 0 0 0 0
nonkin 876.070662456 1323.84856426 1577.0484072 1138.97675747 962.686770424 1358.08060081
many_rivals 0 0 0 0 0 0
