Parameter Female_0 Female_1 Female_2 Female_3 Female_4 Female_5
Size 19.1897013521 28.7629854879 31.099865759 19.3820346608 27.1481089025 32.6627614391
Profit 2.86028934199 3.89848317247 4.58246445777 2.86789324787 3.57339023342 5.23867620558
E values
no_rival 0.0661216582377 0.0901217118811 0.105933390834 0.066297438659 0.0826064986836 0.121103117995
brother 0.0206868219962 0.0281954787791 0.0331423206563 0.0207418166589 0.0258442691781 0.0378883214959
nonkin 0.0374374216776 0.05102601205 0.0599784265562 0.0375369467943 0.0467709734897 0.0685673743776
many_rivals 0.0 0.0 0.0 0.0 0.0 0.0
Observed values
no_rival 303 242 246 286 344 235
brother 54 36 42 45 46 46
nonkin 173 161 107 129 128 123
many_rivals 0 0 0 0 0 0
Q values
no_rival 0.120051208412 0.11822368129 0.121359687477 0.128610109596 0.120475185472 0.119916124373
brother 0.0544730745644 0.0548022938954 0.0673817211696 0.0660525903563 0.0601750837636 0.0672417860455
nonkin 0.110261038229 0.11229997198 0.0935911632232 0.0949231190848 0.0984437431128 0.0959322451529
many_rivals 1 1 1 1 1 1
O' values
no_rival 2523.92294927 2046.96721808 2027.03224698 2223.77541625 2855.3597876 1959.70309438
brother 991.315442204 656.906808842 623.314443012 681.275325574 764.435994484 684.098426072
nonkin 1569.00390907 1433.66019742 1143.27032932 1358.99453414 1300.23499669 1282.15491886
many_rivals 0 0 0 0 0 0
