Parameter Female_0 Female_1 Female_2 Female_3 Female_4 Female_5
Size 21.3211543327 27.4275135044 30.1170065218 21.7781863857 25.7949051422 31.9712959866
Profit 2.9620045929 3.62284161137 4.25803249729 2.98962259352 3.36731952104 4.924565614
E values
no_rival 0.098884427616 0.120946003913 0.142151402221 0.0998064350262 0.112415579718 0.164403138728
brother 0.0 0.0 0.0 0.0 0.0 0.0
nonkin 0.0349951989333 0.0428027907849 0.0503073812459 0.0353214973558 0.0397838736623 0.0581822707957
many_rivals 0.0 0.0 0.0 0.0 0.0 0.0
Observed values
no_rival 317 304 232 334 396 328
brother 0 0 0 0 0 0
nonkin 152 146 96 120 115 149
many_rivals 0 0 0 0 0 0
Q values
no_rival 0.11357863696 0.123133967489 0.106816747206 0.114991699249 0.12682327376 0.134459005059
brother 1 1 1 1 1 1
nonkin 0.116248447722 0.11449251839 0.125879536072 0.104771507846 0.11649945435 0.115525943919
many_rivals 1 1 1 1 1 1
O' values
no_rival 2791.0178224 2468.85572032 2171.94406372 2904.55747833 3122.45527387 2439.40522881
brother 0 0 0 0 0 0
nonkin 1307.54434126 1275.19249339 762.633887885 1145.34955606 987.129086923 1289.75358215
many_rivals 0 0 0 0 0 0
