Parameter Female_0 Female_1 Female_2 Female_3 Female_4 Female_5
Size 24.6173985742 28.6736426208 32.9219776734 22.5161737951 26.4191788581 30.4521389956
Profit 3.22593523201 3.87781377629 5.36731771855 3.03952407601 3.45592596968 4.36201531485
E values
no_rival 0.0735918795253 0.0884629057069 0.122442321531 0.0693393616203 0.0788385597717 0.0995087881345
brother 0.0230239554283 0.0276765046795 0.0383073047143 0.0216935126765 0.0246654318102 0.0311323194558
nonkin 0.0416669862685 0.0500868125822 0.0693256180278 0.0392592531558 0.0446376041571 0.0563408807539
many_rivals 0.0 0.0 0.0 0.0 0.0 0.0
Observed values
no_rival 282 296 257 239 256 273
brother 31 53 60 24 39 61
nonkin 140 165 142 118 154 165
many_rivals 0 0 0 0 0 0
Q values
no_rival 0.120721622368 0.119286381987 0.126613459952 0.119880529242 0.116761064552 0.125830265441
brother 0.0622672603215 0.0590306657548 0.0542547888393 0.0625331462273 0.074121912645 0.0644579887666
nonkin 0.100814705087 0.102068552784 0.103511829821 0.0959086855639 0.0991017551498 0.0991734605366
many_rivals 1 1 1 1 1 1
O' values
no_rival 2335.95270232 2481.42323599 2029.79999201 1993.6515255 2192.51169884 2169.58931973
brother 497.853925802 897.838425543 1105.89316231 383.796457526 526.160194851 946.352828675
nonkin 1388.68630206 1616.56059089 1371.82387989 1230.33695339 1553.95835086 1663.75156324
many_rivals 0 0 0 0 0 0
