Parameter Female_0 Female_1 Female_2 Female_3 Female_4 Female_5
Size 22.2041196975 25.2546987389 29.9949160302 19.470570732 25.5075937585 33.5469273756
Profit 3.01757911798 3.29857719745 4.22174407031 2.87148666763 3.32989376102 5.70439659648
E values
no_rival 0.0715527469749 0.0782157651409 0.100105870781 0.0680886071043 0.078958342572 0.135262483717
brother 0.0223859924186 0.024470584282 0.0313191227325 0.0213022016186 0.0247029070571 0.0423182206558
nonkin 0.0405124498097 0.0442849840651 0.0566789429774 0.0385510884564 0.0447054239808 0.0765842656559
many_rivals 0.0 0.0 0.0 0.0 0.0 0.0
Observed values
no_rival 288 325 289 286 169 214
brother 66 113 45 30 70 93
nonkin 126 85 114 152 89 82
many_rivals 0 0 0 0 0 0
Q values
no_rival 0.115463585591 0.134359826089 0.131235692891 0.12624466256 0.106162809573 0.121991294107
brother 0.0591390587431 0.0653733533575 0.0516078588536 0.0505228312148 0.0771977368515 0.0727612730189
nonkin 0.0970676437195 0.0837448344751 0.106160075961 0.105993788352 0.0852142380727 0.0898479697056
many_rivals 1 1 1 1 1 1
O' values
no_rival 2494.29288486 2418.87779599 2202.14481011 2265.44231019 1591.89456911 1754.22354166
brother 1116.01370402 1728.53302143 871.960220781 593.790951114 906.762333391 1278.1524586
nonkin 1298.06385704 1014.98797547 1073.85002289 1434.04629992 1044.42640119 912.652787466
many_rivals 0 0 0 0 0 0
