Parameter Female_0 Female_1 Female_2 Female_3 Female_4 Female_5
Size 24.0303220767 29.43485286 32.237285468 19.8302975675 25.5316835557 33.2523734639
Profit 3.16627302076 4.06551304108 5.04060683851 2.88671562631 3.33295496816 5.54060303603
E values
no_rival 0.0973105241395 0.124947281024 0.154915286907 0.0887187582359 0.102433237045 0.170281899871
brother 0.0 0.0 0.0 0.0 0.0 0.0
nonkin 0.034438194493 0.0442188427544 0.0548245200364 0.0313975685397 0.0362511225902 0.0602627643643
many_rivals 0.0 0.0 0.0 0.0 0.0 0.0
Observed values
no_rival 273 405 292 311 375 347
brother 0 0 0 0 0 0
nonkin 98 173 123 132 129 117
many_rivals 0 0 0 0 0 0
Q values
no_rival 0.111170448786 0.118667365485 0.121867432803 0.10825662594 0.116609711901 0.133269825671
brother 1 1 1 1 1 1
nonkin 0.120593887145 0.106542488032 0.117845001865 0.112032149013 0.116649487392 0.106800160518
many_rivals 1 1 1 1 1 1
O' values
no_rival 2455.68856635 3412.90125001 2396.04620597 2872.80337162 3215.85564262 2603.74018089
brother 0 0 0 0 0 0
nonkin 812.644838976 1623.76534653 1043.74388437 1178.2332229 1105.87712715 1095.50397146
many_rivals 0 0 0 0 0 0
