Parameter Female_0 Female_1 Female_2 Female_3 Female_4 Female_5
Size 20.9735981459 25.9608060979 33.9188324398 19.4349626733 29.269893385 30.0800895526
Profit 2.94252906944 3.38986531593 5.92453923596 2.87003427309 4.02253601335 4.24697216794
E values
no_rival 0.0669317184628 0.0771069734904 0.134761486736 0.0652827283644 0.0914979059163 0.0966030033197
brother 0.0209402574383 0.0241236877262 0.0421614787404 0.0204243543961 0.028626034845 0.0302232156186
nonkin 0.0378960696765 0.0436571973205 0.0763006061753 0.0369624279727 0.0518051993507 0.0546956544496
many_rivals 0.0 0.0 0.0 0.0 0.0 0.0
Observed values
no_rival 258 308 274 277 299 224
brother 89 77 59 74 94 44
nonkin 140 104 116 125 100 126
many_rivals 0 0 0 0 0 0
Q values
no_rival 0.114816739601 0.133416820511 0.128507861556 0.127235147281 0.117583873011 0.116414298572
brother 0.0651784685492 0.0608537829749 0.0531633664958 0.0625829038866 0.0718700699071 0.0560374248943
nonkin 0.0934497192323 0.0940276132567 0.10578758867 0.0880557351274 0.087266118584 0.104434462204
many_rivals 1 1 1 1 1 1
O' values
no_rival 2247.05910389 2308.55448976 2132.16527521 2177.07139827 2542.86572081 1924.16226141
brother 1365.48160736 1265.32807388 1109.78675522 1182.43154926 1307.9158003 785.18954222
nonkin 1498.13184192 1106.05806526 1096.53695163 1419.55546472 1145.92010763 1206.49828937
many_rivals 0 0 0 0 0 0
