Parameter Female_0 Female_1 Female_2 Female_3 Female_4 Female_5
Size 21.5950784406 27.2686301095 30.0073875582 23.3515037186 26.2932307765 32.0375713962
Profit 2.97827293119 3.5944040824 4.22541298825 3.1049895469 3.43720565102 4.95294055918
E values
no_rival 0.0710973221916 0.0858056031255 0.100869045772 0.0741223008496 0.0820529626583 0.118236581693
brother 0.0222435082209 0.0268451409938 0.0315578896603 0.0231899030438 0.0256710898973 0.0369914969484
nonkin 0.0402545928517 0.0485822744336 0.0571110450258 0.0419673055181 0.0464575669275 0.0669443701887
many_rivals 0.0 0.0 0.0 0.0 0.0 0.0
Observed values
no_rival 270 205 290 242 268 250
brother 72 72 76 55 66 101
nonkin 167 111 134 92 153 99
many_rivals 0 0 0 0 0 0
Q values
no_rival 0.114363657824 0.113855429736 0.116143702722 0.121662056766 0.130217433702 0.121631177331
brother 0.0588016470427 0.0639188824567 0.0547732924955 0.0566402703949 0.054901421978 0.0726258746363
nonkin 0.0975343637757 0.0956758388376 0.104857467337 0.099662193176 0.10146324293 0.0836040479696
many_rivals 1 1 1 1 1 1
O' values
no_rival 2360.88985905 1800.52897324 2496.90679049 1989.11646271 2058.09615795 2055.39406495
brother 1224.45549778 1126.42770388 1387.53754864 971.040562069 1202.15465505 1390.68893154
nonkin 1712.21704367 1160.16751302 1277.92520078 923.118356803 1507.93524416 1184.1531888
many_rivals 0 0 0 0 0 0
