Parameter Female_0 Female_1 Female_2 Female_3 Female_4 Female_5
Size 20.7459922215 29.3253585513 32.2592723705 21.3266956755 26.8910582682 30.4685473352
Profit 2.93044509121 4.03683846783 5.05046010735 2.96232548884 3.53012527257 4.36727593595
E values
no_rival 0.0681690513537 0.0939063658437 0.117485591336 0.0689106644519 0.0821190240733 0.101593119232
brother 0.0213273694065 0.0293795456179 0.0367565421053 0.0215593904804 0.0256917578716 0.0317844232828
nonkin 0.038596635186 0.053168845277 0.0665191669584 0.039016529106 0.0464949702401 0.0575210081778
many_rivals 0.0 0.0 0.0 0.0 0.0 0.0
Observed values
no_rival 284 260 221 385 276 264
brother 46 20 53 49 29 51
nonkin 145 121 123 182 116 129
many_rivals 0 0 0 0 0 0
Q values
no_rival 0.123527399959 0.123801296699 0.123739818028 0.136052702997 0.123528973661 0.123396091125
brother 0.0657057694591 0.0564826291057 0.0545837682117 0.0483973257693 0.0574935441271 0.0611660175467
nonkin 0.0931346583139 0.110374121898 0.108073131737 0.103425152978 0.100968264667 0.0983307445908
many_rivals 1 1 1 1 1 1
O' values
no_rival 2299.08506204 2100.13955373 1786.00553582 2829.7857486 2234.29363833 2139.45188695
brother 700.09072839 354.091166021 970.984630348 1012.45263496 504.404458627 833.79631445
nonkin 1556.88550992 1096.27146218 1138.11821702 1759.72666957 1148.87584116 1311.89894409
many_rivals 0 0 0 0 0 0
