Parameter Female_0 Female_1 Female_2 Female_3 Female_4 Female_5
Size 22.074498662 27.9460509869 33.8799825994 21.5799623283 28.5691110133 33.2717518517
Profit 3.00883402049 3.7217655386 5.90081888895 2.97735326076 3.85406551494 5.55110335363
E values
no_rival 0.0640144149482 0.0791823815821 0.125542807054 0.0633446463924 0.0819971282665 0.118102438047
brother 0.0200275498607 0.0247729999018 0.0392773226148 0.0198180060703 0.0256536215495 0.0369495287675
nonkin 0.0362443215995 0.044832272628 0.0710810819257 0.0358651053409 0.0464259540532 0.066868419398
many_rivals 0.0 0.0 0.0 0.0 0.0 0.0
Observed values
no_rival 265 192 273 230 339 295
brother 45 21 51 48 47 54
nonkin 96 173 126 140 125 138
many_rivals 0 0 0 0 0 0
Q values
no_rival 0.118614515359 0.107233376937 0.125611975723 0.114996905805 0.123732962847 0.122156970915
brother 0.0665087944529 0.0578266298985 0.0552867020806 0.070023070976 0.0699977934117 0.0573309784081
nonkin 0.0936524264356 0.113582585446 0.104281374602 0.0945350651891 0.0883632101188 0.107638774313
many_rivals 1 1 1 1 1 1
O' values
no_rival 2234.12791595 1790.48730428 2173.35965325 2000.05381353 2739.77113455 2414.92563044
brother 676.602250426 363.154484999 922.464138405 685.488358779 671.449737331 941.899152944
nonkin 1025.06687391 1523.12081399 1208.26945828 1480.93196657 1414.61587726 1282.06588083
many_rivals 0 0 0 0 0 0
