Parameter Female_0 Female_1 Female_2 Female_3 Female_4 Female_5
Size 24.7431309154 26.1494618818 33.5169377357 19.2187276898 26.3913408718 34.3796335127
Profit 3.23958846293 3.4163694139 5.68730393996 2.8614194221 3.45175016271 6.21945755623
E values
no_rival 0.0961888308193 0.101437754619 0.168865620667 0.0849603558738 0.102488268566 0.184666156677
brother 0.0 0.0 0.0 0.0 0.0 0.0
nonkin 0.034041227227 0.0358988213598 0.059761543154 0.0300674699437 0.0362705982454 0.0653533528479
many_rivals 0.0 0.0 0.0 0.0 0.0 0.0
Observed values
no_rival 276 295 296 288 349 341
brother 0 0 0 0 0 0
nonkin 126 140 147 177 171 139
many_rivals 0 0 0 0 0 0
Q values
no_rival 0.110573752327 0.111651395426 0.128934018766 0.108482349425 0.109624833236 0.139353551206
brother 1 1 1 1 1 1
nonkin 0.116565645643 0.104810729834 0.108982568648 0.116877392176 0.120710670878 0.112561191959
many_rivals 1 1 1 1 1 1
O' values
no_rival 2496.07157388 2642.1523786 2295.74787812 2654.80975963 3183.58523062 2447.01334877
brother 0 0 0 0 0 0
nonkin 1080.93597651 1335.74110419 1348.83956052 1514.40750606 1416.61046829 1234.883867
many_rivals 0 0 0 0 0 0
