Parameter Female_0 Female_1 Female_2 Female_3 Female_4 Female_5
Size 22.0695089505 27.4866968978 30.9595806213 24.877107777 26.5222158033 33.8049930466
Profit 3.00850160685 3.6336526888 4.53242484918 3.25449521111 3.47157274988 5.85551818909
E values
no_rival 0.0673962252145 0.0814008124204 0.101535038309 0.0729069553122 0.0777699099002 0.131174875134
brother 0.0210855830206 0.0254670581738 0.0317662520853 0.022809670039 0.0243310940114 0.0410393714345
nonkin 0.0381590687542 0.0460883259843 0.05748812334 0.0412791890282 0.0440325452864 0.0742699025522
many_rivals 0.0 0.0 0.0 0.0 0.0 0.0
Observed values
no_rival 238 317 198 307 276 299
brother 77 69 83 77 85 98
nonkin 93 118 72 97 86 124
many_rivals 0 0 0 0 0 0
Q values
no_rival 0.125632063235 0.122603855163 0.115699688282 0.121278076669 0.115726759528 0.128566980875
brother 0.0607878593035 0.0522900870962 0.064312314124 0.0648924940973 0.0645508253842 0.0603295761873
nonkin 0.0898950101113 0.106515762005 0.0941959647005 0.0933380316021 0.0933312807201 0.0949506007798
many_rivals 1 1 1 1 1 1
O' values
no_rival 1894.42084983 2585.56306879 1711.32699612 2531.37259785 2384.92809377 2325.63600673
brother 1266.70030632 1319.56177226 1290.57710223 1186.57790968 1316.79183797 1624.41054941
nonkin 1034.54018065 1107.81726365 764.363953689 1039.23340074 921.448836194 1305.94223714
many_rivals 0 0 0 0 0 0
