Parameter Female_0 Female_1 Female_2 Female_3 Female_4 Female_5
Size 24.6866544585 26.8749636817 34.0699839266 21.8661755088 28.137137761 31.5790125155
Profit 3.23341591097 3.52748501767 6.01848686364 2.99521649585 3.76071193888 4.76363959746
E values
no_rival 0.0708166898852 0.0772572472731 0.131813948324 0.0655997630881 0.0823652689465 0.104330898773
brother 0.0221557095975 0.0241707023819 0.0412393118728 0.0205235418798 0.0257687980426 0.0326409649901
nonkin 0.0400957016461 0.0437422808335 0.0746317394018 0.0371419298629 0.0466343916248 0.0590711115762
many_rivals 0.0 0.0 0.0 0.0 0.0 0.0
Observed values
no_rival 253 331 212 221 173 378
brother 44 38 56 35 30 71
nonkin 170 127 141 97 119 164
many_rivals 0 0 0 0 0 0
Q values
no_rival 0.116821102984 0.123083156539 0.127971024094 0.120909111513 0.106804248716 0.134847695802
brother 0.0594253604718 0.0564528379802 0.0648414531612 0.0527037839198 0.0687646584915 0.0594640901791
nonkin 0.106898047626 0.0967247038218 0.0990270519727 0.110700300952 0.0960685160374 0.0942653138846
many_rivals 1 1 1 1 1 1
O' values
no_rival 2165.70459906 2689.23879844 1656.62501727 1827.8192374 1619.78574897 2803.16246973
brother 740.424620914 673.128249343 863.645049114 664.088940052 436.270617176 1193.99792019
nonkin 1590.30032611 1313.0047959 1423.85335311 876.239713582 1238.69926286 1739.77036984
many_rivals 0 0 0 0 0 0
