Parameter Female_0 Female_1 Female_2 Female_3 Female_4 Female_5
Size 23.5986070139 27.1461499834 33.5719417182 21.6966911435 28.4143701945 31.4142006689
Profit 3.12640144463 3.57305258267 5.71872719883 2.98452313696 3.81975306023 4.69947800633
E values
no_rival 0.0695520752052 0.0794885833901 0.127222735549 0.0663957528648 0.0849768517625 0.104547817518
brother 0.0217600622487 0.0248687981994 0.039802905044 0.0207725752413 0.0265858578424 0.0327088301887
nonkin 0.0393796894604 0.0450056410296 0.0720322406407 0.0375926113145 0.0481130436994 0.0591939288006
many_rivals 0.0 0.0 0.0 0.0 0.0 0.0
Observed values
no_rival 281 301 254 256 277 309
brother 54 31 49 38 28 51
nonkin 107 168 114 138 115 179
many_rivals 0 0 0 0 0 0
Q values
no_rival 0.119479629723 0.126874687399 0.124400335977 0.108808315433 0.119239617693 0.117312900889
brother 0.069170986978 0.0647809075903 0.053732706115 0.059663176173 0.0538236167214 0.0567758695233
nonkin 0.0905848378099 0.0925698221627 0.10718224147 0.111578985975 0.10395149909 0.104719127225
many_rivals 1 1 1 1 1 1
O' values
no_rival 2351.86534016 2372.41963839 2041.79512865 2352.76135818 2323.0534059 2633.98140918
brother 780.674128839 478.536055655 911.921314649 636.908767475 520.217735366 898.268937635
nonkin 1181.21313221 1814.84630817 1063.60903109 1236.7920249 1106.28515227 1709.33433789
many_rivals 0 0 0 0 0 0
