Parameter Female_0 Female_1 Female_2 Female_3 Female_4 Female_5
Size 20.170091532 27.3260398534 31.3272807116 20.0085510538 26.5652044558 29.7189562755
Profit 2.90207438959 3.60458197154 4.66642926656 2.89465077464 3.47819064175 4.14271610938
E values
no_rival 0.0712094810581 0.0884472198732 0.114502235938 0.0710273245392 0.0853458999909 0.101651654891
brother 0.0222785982438 0.0276715972095 0.0358231695354 0.0222216087553 0.0267013182711 0.0318027367493
nonkin 0.0403180960803 0.05007793142 0.0648300209655 0.0402149608809 0.0483219951158 0.0575541504829
many_rivals 0.0 0.0 0.0 0.0 0.0 0.0
Observed values
no_rival 230 296 231 280 277 326
brother 73 75 75 65 47 71
nonkin 103 102 150 122 81 126
many_rivals 0 0 0 0 0 0
Q values
no_rival 0.115143870438 0.131673525357 0.114348978036 0.128130478976 0.134550616314 0.132783638191
brother 0.06235028956 0.0571377381164 0.0667758780628 0.0582618318158 0.0623130193237 0.0600212866907
nonkin 0.0985317927748 0.0886133318579 0.100941913633 0.0896904417641 0.0882906124731 0.0939083572716
many_rivals 1 1 1 1 1 1
O' values
no_rival 1997.50103176 2247.98416536 2020.13174029 2185.27240543 2058.70480261 2455.12176381
brother 1170.80450653 1312.61758817 1123.16007181 1115.65321539 754.256502255 1182.91366138
nonkin 1045.347873 1151.06833093 1486.00313389 1360.23412975 917.424828429 1341.7336184
many_rivals 0 0 0 0 0 0
