Parameter Female_0 Female_1 Female_2 Female_3 Female_4 Female_5
Size 22.7415204171 26.6277410392 32.1241078365 20.4919704288 26.601597988 31.5213468194
Profit 3.05618827282 3.48791348741 4.99052421472 2.91755322272 3.48383505073 4.74096460607
E values
no_rival 0.0717226906091 0.0818544270176 0.117117727142 0.0684692003401 0.0817587141798 0.111261057002
brother 0.022439160984 0.0256089760367 0.0366414521136 0.0214212740184 0.0255790313183 0.0348091342935
nonkin 0.040608670196 0.0463451580331 0.0663108859305 0.0387665765405 0.0462909663815 0.0629948978638
many_rivals 0.0 0.0 0.0 0.0 0.0 0.0
Observed values
no_rival 253 322 265 278 262 234
brother 67 65 43 43 13 48
nonkin 118 105 139 129 123 147
many_rivals 0 0 0 0 0 0
Q values
no_rival 0.117821916919 0.124877796845 0.123587027873 0.120449212668 0.119275606391 0.13094144029
brother 0.0606084128054 0.0593302219463 0.0673579711412 0.0575929062037 0.0573496556009 0.062003750726
nonkin 0.102790581796 0.0941996339001 0.0927742778674 0.111129179708 0.107870160514 0.0990569599098
many_rivals 1 1 1 1 1 1
O' values
no_rival 2147.30846871 2578.52082703 2144.23798808 2308.0267097 2196.59331802 1787.05839405
brother 1105.45709579 1095.56306833 638.380272913 746.619728616 226.679652455 774.146715932
nonkin 1147.96509504 1114.65401353 1498.26011256 1160.81123193 1140.25972905 1483.99466462
many_rivals 0 0 0 0 0 0
