Parameter Female_0 Female_1 Female_2 Female_3 Female_4 Female_5
Size 21.7545281947 28.4794561633 34.1324716208 19.8652364135 25.5592643681 32.907289113
Profit 2.98813418634 3.83406423115 6.05810968115 2.88825016218 3.33647679804 5.35986007733
E values
no_rival 0.065000755001 0.0834022350424 0.131781800481 0.0628279821007 0.0725782369171 0.116592806748
brother 0.0203361362096 0.0260932232554 0.0412292540984 0.01965636248 0.0227068272019 0.0364772255193
nonkin 0.036802777474 0.0472215114587 0.0746135376141 0.0355725751856 0.0410930719601 0.0660136812529
many_rivals 0.0 0.0 0.0 0.0 0.0 0.0
Observed values
no_rival 216 273 218 272 267 297
brother 68 69 78 74 46 153
nonkin 100 113 120 145 125 111
many_rivals 0 0 0 0 0 0
Q values
no_rival 0.113365974381 0.122912305244 0.118827239854 0.112949370364 0.109125231997 0.132607016276
brother 0.0612178233738 0.06091511767 0.0718329027186 0.0596421258583 0.0564125415466 0.0697593600434
nonkin 0.0984157176416 0.0943649813103 0.0935287116336 0.0970364427051 0.104739351393 0.0793367251813
many_rivals 1 1 1 1 1 1
O' values
no_rival 1905.33359926 2221.09575975 1834.59617734 2408.15862119 2446.73019351 2239.70049505
brother 1110.78761466 1132.72374148 1085.85337705 1240.73377558 815.421513353 2193.25406519
nonkin 1016.09785913 1197.47811562 1283.02847226 1494.28396134 1193.43874425 1399.09984621
many_rivals 0 0 0 0 0 0
