Parameter Female_0 Female_1 Female_2 Female_3 Female_4 Female_5
Size 24.252520302 26.2498004268 34.5115459483 24.6346049397 28.5519251233 33.9961369924
Profit 3.18808609385 3.43085209456 6.30867670606 3.2277847288 3.85020541302 5.97225524695
E values
no_rival 0.0906442116136 0.0975465762591 0.179369380096 0.0917729300238 0.109469701865 0.169804187365
brother 0.0 0.0 0.0 0.0 0.0 0.0
nonkin 0.0320789864901 0.0345217333381 0.0634788236159 0.0324784399354 0.03874132749 0.0600937019084
many_rivals 0.0 0.0 0.0 0.0 0.0 0.0
Observed values
no_rival 346 248 313 415 268 300
brother 0 0 0 0 0 0
nonkin 177 131 163 125 105 104
many_rivals 0 0 0 0 0 0
Q values
no_rival 0.108526447584 0.104482982178 0.128738658381 0.123615936735 0.109233463859 0.137215368042
brother 1 1 1 1 1 1
nonkin 0.127830673729 0.108636136805 0.113401413065 0.109719650125 0.10314833208 0.105912716687
many_rivals 1 1 1 1 1 1
O' values
no_rival 3188.16295662 2373.59228105 2431.28213341 3357.17231096 2453.46060201 2186.34402458
brother 0 0 0 0 0 0
nonkin 1384.64419248 1205.86025841 1437.37185979 1139.26721292 1017.95150618 981.940632374
many_rivals 0 0 0 0 0 0
