Parameter Female_0 Female_1 Female_2 Female_3 Female_4 Female_5
Size 22.739159973 25.9072923497 34.2186305979 22.9446258496 27.6114819608 34.4444764024
Profit 3.05601004952 3.38251615805 6.11350838788 3.07182246817 3.65684382623 6.2630386736
E values
no_rival 0.0636695769127 0.070472076071 0.127370161158 0.0639990162762 0.0761874782738 0.130485507598
brother 0.0199196638329 0.0220478937196 0.03984902862 0.0200227322322 0.0238360144527 0.0408236959071
nonkin 0.0360490777522 0.0399005847506 0.0721157115462 0.0362356030254 0.0431365883238 0.073879589547
many_rivals 0.0 0.0 0.0 0.0 0.0 0.0
Observed values
no_rival 252 344 308 261 206 315
brother 33 119 50 54 83 51
nonkin 101 93 111 103 85 122
many_rivals 0 0 0 0 0 0
Q values
no_rival 0.114483505475 0.130581259851 0.135792844682 0.111926835268 0.117985090301 0.134057823196
brother 0.0684679895825 0.0643260766205 0.0611306590625 0.0565616102018 0.0641835164096 0.0547836746668
nonkin 0.0911142980006 0.0889587764074 0.0877233776329 0.10569348432 0.0980486714881 0.0986994121562
many_rivals 1 1 1 1 1 1
O' values
no_rival 2201.19045931 2634.37495084 2268.16074678 2331.880459 1745.98332276 2349.73232065
brother 481.977055281 1849.94960445 817.920185498 954.711151386 1293.16691641 930.934266643
nonkin 1108.49781227 1045.42804831 1265.34115529 974.516079801 866.916386627 1236.07625755
many_rivals 0 0 0 0 0 0
