Parameter Female_0 Female_1 Female_2 Female_3 Female_4 Female_5
Size 19.760489302 29.0352500105 30.7120760076 21.9338999667 25.8244281353 34.4704492734
Profit 2.88367951837 3.96364733916 4.44728377778 2.99958530289 3.3712805967 6.28064413959
E values
no_rival 0.0889457574414 0.12225686404 0.137174405704 0.0925208176139 0.103985586578 0.193723555845
brother 0.0 0.0 0.0 0.0 0.0 0.0
nonkin 0.0314779035585 0.0432667041837 0.0485460221785 0.0327431173536 0.0368004990901 0.0685587664135
many_rivals 0.0 0.0 0.0 0.0 0.0 0.0
Observed values
no_rival 359 324 273 370 257 384
brother 0 0 0 0 0 0
nonkin 136 99 98 132 114 162
many_rivals 0 0 0 0 0 0
Q values
no_rival 0.112831721015 0.129406801449 0.127433406926 0.121361913421 0.109860013008 0.150294633271
brother 1 1 1 1 1 1
nonkin 0.122622708844 0.1076349119 0.104858185249 0.12611108525 0.114311785713 0.112428207153
many_rivals 1 1 1 1 1 1
O' values
no_rival 3181.72936449 2503.73238788 2142.29538851 3048.73242001 2339.34070245 2554.98144972
brother 0 0 0 0 0 0
nonkin 1109.0930977 919.775918914 934.595613752 1046.69624988 997.272497219 1440.91953525
many_rivals 0 0 0 0 0 0
