Parameter Female_0 Female_1 Female_2 Female_3 Female_4 Female_5
Size 20.3711535613 25.0556917593 30.2917001621 22.4104393559 28.8575805236 32.7993904603
Profit 2.91163359078 3.27495576851 4.31142061406 3.03194426492 3.9207479464 5.30570247101
E values
no_rival 0.0680917877594 0.0765884807129 0.100827363142 0.0709053865977 0.0916910485815 0.124079749497
brother 0.0213031967184 0.0239614720758 0.0315448488325 0.022183459251 0.0286864614592 0.0388195904276
nonkin 0.0385528893115 0.0433636318949 0.0570874447373 0.0401459208378 0.0519145547964 0.0702527133676
many_rivals 0.0 0.0 0.0 0.0 0.0 0.0
Observed values
no_rival 249 273 255 194 257 359
brother 66 51 100 60 67 69
nonkin 139 134 117 82 148 137
many_rivals 0 0 0 0 0 0
Q values
no_rival 0.119269801708 0.112781973863 0.122321530248 0.11320880419 0.119292531592 0.13917060668
brother 0.0602623088754 0.0604977878676 0.0655664968567 0.0668641027413 0.0547237506615 0.060301583696
nonkin 0.102802564787 0.105929483296 0.0916166632842 0.0958022860735 0.105628705783 0.0843349880344
many_rivals 1 1 1 1 1 1
O' values
no_rival 2087.70364698 2420.59959274 2084.66980002 1713.64763887 2154.36789354 2579.5676872
brother 1095.21193648 843.006030429 1525.16917624 897.342483337 1224.3312856 1144.24855486
nonkin 1352.10634373 1264.99248208 1277.06026181 855.929470588 1401.13427408 1624.47405511
many_rivals 0 0 0 0 0 0
