Parameter Female_0 Female_1 Female_2 Female_3 Female_4 Female_5
Size 23.4763013814 29.3843550847 31.1392480845 20.7867828246 26.656062055 32.4288963715
Profit 3.11567959308 4.052215502 4.59675010169 2.93257301566 3.49235429141 5.12785549151
E values
no_rival 0.0986928197163 0.12835869737 0.145607471986 0.0928927032749 0.110624434307 0.162430860567
brother 0.0 0.0 0.0 0.0 0.0 0.0
nonkin 0.0349273888976 0.0454261429993 0.051530484336 0.032874727689 0.0391499873014 0.0574842815546
many_rivals 0.0 0.0 0.0 0.0 0.0 0.0
Observed values
no_rival 381 374 260 320 305 298
brother 0 0 0 0 0 0
nonkin 113 144 106 138 121 156
many_rivals 0 0 0 0 0 0
Q values
no_rival 0.12571256737 0.12612065364 0.117129133993 0.109935464689 0.117574504286 0.123711854671
brother 1 1 1 1 1 1
nonkin 0.10832618829 0.108658996311 0.106046080737 0.116665396125 0.109401029277 0.121185547978
many_rivals 1 1 1 1 1 1
O' values
no_rival 3030.72324408 2965.41438063 2219.77223887 2910.79862995 2594.09981655 2408.82331603
brother 0 0 0 0 0 0
nonkin 1043.14572297 1325.24691824 999.565464964 1182.87002473 1106.02250088 1287.28220982
many_rivals 0 0 0 0 0 0
