Parameter Female_0 Female_1 Female_2 Female_3 Female_4 Female_5
Size 21.9330713577 25.3557181316 30.7054714284 23.1465979041 28.8973566911 33.1976619348
Profit 2.99953151495 3.3109090157 4.44506544573 3.08797055098 3.93022849722 5.51116208749
E values
no_rival 0.0685553463125 0.0756719884586 0.101593532022 0.0705766515438 0.089826752735 0.125959545219
brother 0.0214482256473 0.0236747383092 0.0317845524283 0.022080611202 0.0281031978607 0.0394077033171
nonkin 0.0388153515286 0.0428447231454 0.0575212418954 0.0399597943376 0.050859009131 0.0713170349073
many_rivals 0.0 0.0 0.0 0.0 0.0 0.0
Observed values
no_rival 244 317 221 290 297 251
brother 80 59 68 69 87 84
nonkin 96 116 88 106 98 163
many_rivals 0 0 0 0 0 0
Q values
no_rival 0.1147222276 0.13134539822 0.112697674696 0.124285324868 0.120154046918 0.121472589541
brother 0.0672249522914 0.0585362609828 0.0678149838017 0.0630449637756 0.0619343770228 0.053799409525
nonkin 0.0918309582173 0.0928886810216 0.0904649542972 0.0931915636447 0.0902580412996 0.108046790847
many_rivals 1 1 1 1 1 1
O' values
no_rival 2126.87641362 2413.48386997 1960.99875705 2333.34064426 2471.82685576 2066.30978189
brother 1190.03431424 1007.92225211 1002.72824954 1094.45696956 1404.7126036 1561.35542642
nonkin 1045.39908832 1248.80662234 972.752384431 1137.44201572 1085.77583325 1508.605658
many_rivals 0 0 0 0 0 0
