Parameter Female_0 Female_1 Female_2 Female_3 Female_4 Female_5
Size 24.8582283288 27.7241298134 33.8540226429 19.6463493684 25.9484647134 34.0528847447
Profit 3.25237190468 3.67824993851 5.88506458653 2.87880006347 3.38816390585 6.00772501686
E values
no_rival 0.0689850057456 0.0780181666116 0.124826196454 0.0610612945689 0.0718652458461 0.127427907064
brother 0.0215826488976 0.0244087636061 0.0390531238226 0.0191036366188 0.0224837608154 0.039867095004
nonkin 0.0390586204031 0.0441731057538 0.0706753441703 0.034572294372 0.0406893835456 0.0721484067005
many_rivals 0.0 0.0 0.0 0.0 0.0 0.0
Observed values
no_rival 254 267 261 235 289 236
brother 39 97 60 102 125 100
nonkin 96 112 79 119 105 98
many_rivals 0 0 0 0 0 0
Q values
no_rival 0.121887363556 0.120789834259 0.131101895216 0.119117766033 0.127456132417 0.128234837529
brother 0.0602369895716 0.0666843399687 0.0534820453806 0.071439895136 0.0608851866885 0.0648063204022
nonkin 0.0974687900605 0.0919019316801 0.0965839438802 0.0852705977769 0.0866242820001 0.0934014384857
many_rivals 1 1 1 1 1 1
O' values
no_rival 2083.89116468 2210.45091781 1990.81790213 1972.83753571 2267.44680323 1840.37352523
brother 647.44271381 1454.61438241 1121.8718277 1427.77365233 2053.0445384 1543.05937105
nonkin 984.930662835 1218.69037954 817.941335032 1395.55723898 1212.13125899 1049.23437571
many_rivals 0 0 0 0 0 0
