Parameter Female_0 Female_1 Female_2 Female_3 Female_4 Female_5
Size 22.7557492896 25.056939829 33.5342133225 20.8126195703 27.8685616589 30.7193855128
Profit 3.05726428235 3.2751011831 5.69713847003 2.93392927653 3.70636502347 4.44974208029
E values
no_rival 0.0703745209017 0.0753888625186 0.131141227356 0.0675354984478 0.0853160337885 0.102427673278
brother 0.0220173726093 0.0235861595276 0.0410288443906 0.0211291560444 0.0266919743311 0.0320455218616
nonkin 0.0398453499893 0.0426844200694 0.0742508515167 0.0382379238662 0.0483050851707 0.057993524333
many_rivals 0.0 0.0 0.0 0.0 0.0 0.0
Observed values
no_rival 325 220 255 253 239 314
brother 45 60 99 58 73 59
nonkin 112 97 133 132 129 81
many_rivals 0 0 0 0 0 0
Q values
no_rival 0.117144779599 0.119432365152 0.138011447228 0.114632147294 0.119843150481 0.125727591058
brother 0.0609319355752 0.0639358348823 0.050495939064 0.0596774547718 0.072648546388 0.0722216740324
nonkin 0.0998035787672 0.0970904215295 0.10563259416 0.10074379653 0.0900487371752 0.0864242728687
many_rivals 1 1 1 1 1 1
O' values
no_rival 2774.34471354 1842.04674939 1847.67282079 2207.0597644 1994.27334012 2497.46294634
brother 738.52897623 938.440862006 1960.55369669 971.8913151 1004.83772394 816.929277678
nonkin 1122.20424742 999.068687435 1259.08107301 1310.25437344 1432.55756879 937.23669649
many_rivals 0 0 0 0 0 0
