Parameter Female_0 Female_1 Female_2 Female_3 Female_4 Female_5
Size 22.3191882205 27.8811207468 34.4482144137 23.3934044003 27.3798177541 30.2855659339
Profit 3.02552232471 3.70884590938 6.26556717607 3.10855088923 3.61421578213 4.30951618846
E values
no_rival 0.0669989760807 0.0821309022709 0.138748467309 0.068837610277 0.0800353561299 0.095432504223
brother 0.0209612996566 0.0256954740845 0.0434088454822 0.0215365347513 0.0250398615188 0.0298570132712
nonkin 0.0379341502671 0.0465016955568 0.0785579947055 0.0389751665628 0.0453152182872 0.054032929566
many_rivals 0.0 0.0 0.0 0.0 0.0 0.0
Observed values
no_rival 295 239 252 230 306 314
brother 59 37 39 19 38 47
nonkin 110 115 82 149 198 152
many_rivals 0 0 0 0 0 0
Q values
no_rival 0.127657206228 0.122555871094 0.126656074893 0.110794905335 0.115156845564 0.125010819576
brother 0.0605711256062 0.0575540705602 0.0634152645442 0.0585750473756 0.0568218189582 0.0524302562541
nonkin 0.0917227182411 0.0989271980922 0.0928622799327 0.106426014171 0.106595117866 0.107024726128
many_rivals 1 1 1 1 1 1
O' values
no_rival 2310.87620289 1950.13097183 1989.64005644 2075.90772611 2657.24541602 2511.78258862
brother 974.061475819 642.873729692 614.993886414 324.370202864 668.757190402 896.428958352
nonkin 1199.26668234 1162.47101119 883.028071887 1400.0336399 1857.49595258 1420.23255278
many_rivals 0 0 0 0 0 0
