Parameter Female_0 Female_1 Female_2 Female_3 Female_4 Female_5
Size 20.6304712642 29.1529984079 34.50003907 19.8538419024 25.7501865486 30.9594201306
Profit 2.9245061844 3.99287525097 6.30080595397 2.88774860422 3.36136122703 4.53236835194
E values
no_rival 0.0900037834046 0.12288361063 0.193911839674 0.08887254241 0.103448311867 0.139486899236
brother 0.0 0.0 0.0 0.0 0.0 0.0
nonkin 0.0318523389469 0.043488509802 0.0686254000607 0.0314519927589 0.0366103575699 0.0493644136395
many_rivals 0.0 0.0 0.0 0.0 0.0 0.0
Observed values
no_rival 376 439 308 314 256 267
brother 0 0 0 0 0 0
nonkin 123 128 123 169 165 147
many_rivals 0 0 0 0 0 0
Q values
no_rival 0.117965584536 0.141202158045 0.136361200441 0.113514078604 0.111319194849 0.113366779472
brother 1 1 1 1 1 1
nonkin 0.110027709918 0.107942285424 0.117042166108 0.120167309271 0.127160863361 0.0977819402766
many_rivals 1 1 1 1 1 1
O' values
no_rival 3187.37029515 3109.01763882 2258.70701493 2766.17670566 2299.69324111 2355.18730658
brother 0 0 0 0 0 0
nonkin 1117.90020978 1185.81887995 1050.90331194 1406.372507 1297.56904474 1503.34509199
many_rivals 0 0 0 0 0 0
