Parameter Female_0 Female_1 Female_2 Female_3 Female_4 Female_5
Size 22.0909882298 26.4325505721 29.8751312674 22.3380129501 29.4598365779 34.6670371517
Profit 3.00993476488 3.45793953372 4.18693843439 3.026838173 4.07213863754 6.41671363349
E values
no_rival 0.0662724544137 0.0761365803632 0.0921876081051 0.0666446320295 0.0896599572097 0.141282584169
brother 0.0207340000879 0.0238200905324 0.0288418150718 0.0208504395767 0.0280510142126 0.0442016692831
nonkin 0.0375228009645 0.0431077704358 0.052195701833 0.0377335242088 0.0507645711726 0.0799927863306
many_rivals 0.0 0.0 0.0 0.0 0.0 0.0
Observed values
no_rival 324 207 300 291 262 241
brother 44 35 50 67 72 66
nonkin 97 91 114 152 102 128
many_rivals 0 0 0 0 0 0
Q values
no_rival 0.129051085823 0.118586806512 0.118420824649 0.116859565381 0.123549349497 0.129995209891
brother 0.0509238498693 0.0628251441346 0.0598642559674 0.0592397398485 0.0551685426688 0.0598429820533
nonkin 0.104719726397 0.0962551382295 0.0984663760503 0.107823386898 0.100674162393 0.100698215482
many_rivals 1 1 1 1 1 1
O' values
no_rival 2510.63366056 1745.5567452 2533.33821049 2490.1684261 2120.61011302 1853.91446502
brother 864.035223435 557.101785951 835.222942171 1130.99753934 1305.09157061 1102.88621548
nonkin 926.282022852 945.404075812 1157.75561743 1409.71271979 1013.16959164 1271.12480978
many_rivals 0 0 0 0 0 0
