Parameter Female_0 Female_1 Female_2 Female_3 Female_4 Female_5
Size 24.0119536163 27.9234014837 33.8582840574 21.9541260759 29.0188774885 30.0870532334
Profit 3.16451009848 3.71724095014 5.88764545583 3.0009008436 3.95963410459 4.24905263924
E values
no_rival 0.0702323774203 0.0824995532477 0.130668989797 0.0666012728953 0.0878791687262 0.0943024542034
brother 0.0219729015997 0.0258108102291 0.0408811001479 0.020836874238 0.0274938767277 0.0295034658221
nonkin 0.0397648697716 0.0467104220533 0.0739834753333 0.0377089747006 0.0497563065411 0.0533931065454
many_rivals 0.0 0.0 0.0 0.0 0.0 0.0
Observed values
no_rival 268 233 310 267 264 218
brother 54 50 38 38 53 55
nonkin 105 134 115 210 160 130
many_rivals 0 0 0 0 0 0
Q values
no_rival 0.118178146821 0.114944441087 0.135274913333 0.114605313869 0.129608372622 0.12093611763
brother 0.0660241363941 0.0587885558743 0.0682903983543 0.0612469280645 0.0555342281858 0.0644010108666
nonkin 0.0920242499066 0.109694129239 0.0856772025257 0.107984524399 0.0987522433647 0.0994189559601
many_rivals 1 1 1 1 1 1
O' values
no_rival 2267.76275656 2027.06627477 2291.62963304 2329.73490482 2036.90544569 1802.60458391
brother 817.882716067 850.505668261 556.447186072 620.439280808 954.366374241 854.023861736
nonkin 1141.00359532 1221.57859248 1342.24737281 1944.72310889 1620.2163571 1307.59771861
many_rivals 0 0 0 0 0 0
