Parameter Female_0 Female_1 Female_2 Female_3 Female_4 Female_5
Size 24.4885374859 26.4800062393 32.0747164758 23.6889512835 28.8689384387 33.7509944419
Profit 3.21227193565 3.46512643765 4.96899844928 3.13448065426 3.9234478761 5.82328980384
E values
no_rival 0.0696977315874 0.0751839997379 0.107814010493 0.0680098683059 0.0851283522826 0.126349853884
brother 0.0218056323044 0.023522066158 0.0337306913228 0.0212775673982 0.0266332562951 0.039529815286
nonkin 0.0394621586474 0.0425684288116 0.0610432146009 0.0385065073361 0.0481988217789 0.0715380237703
many_rivals 0.0 0.0 0.0 0.0 0.0 0.0
Observed values
no_rival 266 275 283 225 253 258
brother 107 122 72 93 64 58
nonkin 133 97 104 81 102 105
many_rivals 0 0 0 0 0 0
Q values
no_rival 0.124159289235 0.117745063457 0.127765359849 0.11607285412 0.118654042962 0.121271753644
brother 0.0603241240099 0.0638348900609 0.0596372764303 0.066286388687 0.0606939656659 0.0622299412706
nonkin 0.101581207502 0.0964506962474 0.094431168065 0.0926797140244 0.0986835283564 0.0954232133307
many_rivals 1 1 1 1 1 1
O' values
no_rival 2142.40917163 2335.55439121 2214.99787058 1938.43773124 2132.2492996 2127.45336196
brother 1773.75140968 1911.18054537 1207.29859426 1403.00296701 1054.47056059 932.027233447
nonkin 1309.29729298 1005.69517664 1101.3312885 873.977664397 1033.60714497 1100.36118398
many_rivals 0 0 0 0 0 0
