Parameter Female_0 Female_1 Female_2 Female_3 Female_4 Female_5
Size 19.8592618275 28.4241195213 30.0302815451 19.5448176754 25.5850851308 32.3815002099
Profit 2.88798704232 3.82188565848 4.23217036981 2.87454641653 3.33979041545 5.10598162581
E values
no_rival 0.0690375979933 0.0913625309948 0.101170425057 0.0687162985876 0.0798379995149 0.122058964143
brother 0.0215991029082 0.028583681447 0.0316521791832 0.0214985811761 0.0249781165282 0.0381873675217
nonkin 0.0390883976078 0.051728551424 0.0572816829628 0.0389064810973 0.0452034769454 0.069108564908
many_rivals 0.0 0.0 0.0 0.0 0.0 0.0
Observed values
no_rival 215 322 252 216 306 303
brother 66 34 57 55 74 67
nonkin 113 123 111 134 127 101
many_rivals 0 0 0 0 0 0
Q values
no_rival 0.112063856159 0.128914444149 0.122763057541 0.109176119113 0.12296339663 0.131955036751
brother 0.0627428173451 0.0444040417419 0.068737797364 0.0662739949473 0.067202162885 0.0561030993621
nonkin 0.106627972425 0.108359358884 0.0888426520344 0.109757144599 0.0948943819064 0.0997767603048
many_rivals 1 1 1 1 1 1
O' values
no_rival 1918.5490074 2497.7806182 2052.734797 1978.45464516 2488.54544024 2296.23671412
brother 1051.91323553 765.696064283 829.238092954 829.888103829 1101.15503465 1194.22992244
nonkin 1059.75943676 1135.1119208 1249.39989361 1220.87724212 1338.33001963 1012.25976561
many_rivals 0 0 0 0 0 0
