Parameter Female_0 Female_1 Female_2 Female_3 Female_4 Female_5
Size 20.7577720252 28.2094467222 30.9023092782 23.7481930125 26.4816566136 33.8551723922
Profit 2.9310579398 3.77581699076 4.51237117967 3.13985316442 3.46537752922 5.88576071404
E values
no_rival 0.0657885269598 0.0847494123262 0.101281605176 0.0704750021324 0.077781499953 0.132107769743
brother 0.0205825985446 0.0265147011404 0.0316869629953 0.0220488091671 0.0243347200753 0.0413312368418
nonkin 0.0372488060794 0.047984269765 0.0573446320345 0.0399022414573 0.0440391074584 0.0747980981508
many_rivals 0.0 0.0 0.0 0.0 0.0 0.0
Observed values
no_rival 332 206 331 277 223 285
brother 73 30 72 49 23 55
nonkin 168 110 159 127 117 106
many_rivals 0 0 0 0 0 0
Q values
no_rival 0.129317303515 0.115244485192 0.12741184963 0.120423550556 0.11812634161 0.136644975863
brother 0.0538981454261 0.0699397959951 0.0524919958975 0.0667024034849 0.0609001273546 0.0644677676628
nonkin 0.109405557854 0.100615791794 0.105305841341 0.101161744222 0.0999726752235 0.0906918903721
many_rivals 1 1 1 1 1 1
O' values
no_rival 2567.32850883 1787.50418866 2597.87453806 2300.21452382 1887.80924694 2085.69688128
brother 1354.40652777 428.940341806 1371.63769007 734.60621267 377.667518921 853.139514426
nonkin 1535.57098282 1093.26774693 1509.88775148 1255.41528546 1170.31978727 1168.79248591
many_rivals 0 0 0 0 0 0
