Parameter Female_0 Female_1 Female_2 Female_3 Female_4 Female_5
Size 20.5928702403 27.4034940613 34.5314141589 20.8330870344 28.5928569049 34.4411609892
Profit 2.9226006807 3.61848803638 6.32230664068 2.9350083541 3.85941953806 6.26079751003
E values
no_rival 0.0832858084393 0.103116619191 0.1801677606 0.0836393918477 0.109982481855 0.178414925289
brother 0.0 0.0 0.0 0.0 0.0 0.0
nonkin 0.0294748476067 0.0364929715316 0.0637613704764 0.0295999807749 0.0389228003284 0.0631410420599
many_rivals 0.0 0.0 0.0 0.0 0.0 0.0
Observed values
no_rival 384 237 394 290 347 296
brother 0 0 0 0 0 0
nonkin 105 97 145 128 165 108
many_rivals 0 0 0 0 0 0
Q values
no_rival 0.111311267176 0.111154263166 0.142641673785 0.10480339924 0.121323623767 0.141208833178
brother 1 1 1 1 1 1
nonkin 0.11847501923 0.107148109962 0.106065425809 0.115716756785 0.121634171662 0.104439199868
many_rivals 1 1 1 1 1 1
O' values
no_rival 3449.7855405 2132.17193159 2762.16612962 2767.08582072 2860.11898777 2096.18614741
brother 0 0 0 0 0 0
nonkin 886.262780819 905.288950356 1367.08073242 1106.14921776 1356.52668773 1034.09447924
many_rivals 0 0 0 0 0 0
