Parameter Female_0 Female_1 Female_2 Female_3 Female_4 Female_5
Size 20.9199544969 27.1411420286 34.5828067064 22.5746387094 26.8803369125 31.7385318054
Profit 2.93963446447 3.57218994535 6.35779901275 3.0437801669 3.52836559054 4.82765589462
E values
no_rival 0.0644607724736 0.0783315497497 0.139414828798 0.0667444960145 0.0773705623213 0.105861606933
brother 0.0201671972761 0.0245068086547 0.0436173233378 0.0208816830231 0.0242061541279 0.0331198623449
nonkin 0.0364970447668 0.0443505401528 0.0789352819173 0.0377900661984 0.0438064386807 0.0599377832292
many_rivals 0.0 0.0 0.0 0.0 0.0 0.0
Observed values
no_rival 308 249 232 270 327 258
brother 65 93 67 51 88 83
nonkin 109 92 113 120 121 87
many_rivals 0 0 0 0 0 0
Q values
no_rival 0.123921277483 0.115686771722 0.13009660713 0.1146263472 0.127288798862 0.121479858561
brother 0.0511617398754 0.0613329629267 0.0548125253979 0.0550363079882 0.0724707934383 0.0728008771923
nonkin 0.100880923586 0.097963700058 0.105019073125 0.0988274238543 0.0806378722445 0.0906777877494
many_rivals 1 1 1 1 1 1
O' values
no_rival 2485.44887735 2152.36363063 1783.29016505 2355.47940413 2568.96131414 2123.80886062
brother 1270.4806396 1516.31350521 1222.34835037 926.660996427 1214.282276 1140.0961527
nonkin 1080.48178114 939.12336861 1075.99502297 1214.23786354 1500.53562466 959.441139438
many_rivals 0 0 0 0 0 0
