Parameter Female_0 Female_1 Female_2 Female_3 Female_4 Female_5
Size 20.5767399474 28.750064574 30.3035705116 19.7130331027 27.582790598 34.5530304584
Profit 2.92178735181 3.89547249291 4.31511208936 2.88163809973 3.65146348596 6.33719352245
E values
no_rival 0.0647814653487 0.0863698777259 0.0956740688606 0.0638912816807 0.0809597437478 0.140507378926
brother 0.020267529249 0.0270216799453 0.0299325891837 0.0199890263866 0.0253290654289 0.0439591385709
nonkin 0.0366786178658 0.0489017610696 0.0541697010482 0.0361746047748 0.0458385973126 0.0795538728744
many_rivals 0.0 0.0 0.0 0.0 0.0 0.0
Observed values
no_rival 237 224 409 205 262 271
brother 57 36 38 47 45 48
nonkin 131 110 187 111 157 157
many_rivals 0 0 0 0 0 0
Q values
no_rival 0.0957170392112 0.115131588089 0.144419362862 0.10478991267 0.123435882821 0.128543849177
brother 0.0784236551515 0.0552719651355 0.0504440781922 0.0695787950893 0.0591788995695 0.0569335625418
nonkin 0.104360220991 0.111864157961 0.0985704031004 0.105087487615 0.101855326945 0.10115644471
many_rivals 1 1 1 1 1 1
O' values
no_rival 2476.04817233 1945.59984551 2832.03022015 1956.2951698 2122.55945365 2108.23000662
brother 726.821516925 651.324770374 753.309434167 675.493157645 760.406163808 843.087940699
nonkin 1255.26756035 983.335520551 1897.12118565 1056.26276276 1541.40195421 1552.05138388
many_rivals 0 0 0 0 0 0
