Parameter Female_0 Female_1 Female_2 Female_3 Female_4 Female_5
Size 19.9170307039 28.1664913526 32.3226490524 20.0949236821 29.1138190123 33.9951728281
Profit 2.89054355822 3.76681912876 5.07909002319 2.89859208856 3.98307835772 5.97165585444
E values
no_rival 0.0625585330103 0.0815233100846 0.109924107517 0.0627327231723 0.0862036962616 0.129241446244
brother 0.0195720626376 0.0255053827931 0.0343908562779 0.0196265597717 0.0269696884124 0.0404344788719
nonkin 0.0354200158051 0.0461576829368 0.0622379304353 0.0355186405329 0.0488076707864 0.0731752144489
many_rivals 0.0 0.0 0.0 0.0 0.0 0.0
Observed values
no_rival 263 228 280 353 267 238
brother 29 44 60 41 35 53
nonkin 144 152 160 196 131 113
many_rivals 0 0 0 0 0 0
Q values
no_rival 0.115959708574 0.104947010375 0.128391827979 0.119581209381 0.1278951107 0.125481848687
brother 0.0578699150376 0.0569935614968 0.0724918823661 0.0567069741358 0.0618525205491 0.0624175235419
nonkin 0.100834329381 0.117717601322 0.0914730799851 0.107994080074 0.0997613998136 0.0992234008599
many_rivals 1 1 1 1 1 1
O' values
no_rival 2268.02915628 2172.52496461 2180.82415687 2951.96880702 2087.64821844 1896.68866447
brother 501.123942919 772.017028668 827.678879919 723.015125121 565.862145783 849.120519247
nonkin 1428.08506671 1291.22576652 1749.14849294 1814.91429777 1313.13313812 1138.84425469
many_rivals 0 0 0 0 0 0
