Parameter Female_0 Female_1 Female_2 Female_3 Female_4 Female_5
Size 24.0912305894 27.2324186472 34.4582703185 21.0820709825 27.0691219171 31.9981650855
Profit 3.17216233913 3.58804039271 6.27237808434 2.94847187474 3.55987331522 4.93602682699
E values
no_rival 0.068969919215 0.0780120402328 0.13637555822 0.064106387148 0.0773996248356 0.107320286639
brother 0.0215779289256 0.0244068469072 0.0426664571447 0.0200563242831 0.0242152466261 0.0335762248778
nonkin 0.0390500785603 0.0441696370594 0.0772144773085 0.0362963953393 0.0438228935857 0.060763673092
many_rivals 0.0 0.0 0.0 0.0 0.0 0.0
Observed values
no_rival 280 230 270 269 236 294
brother 45 55 35 64 52 54
nonkin 136 104 115 132 106 179
many_rivals 0 0 0 0 0 0
Q values
no_rival 0.113766128076 0.124150360949 0.138213292924 0.121506137005 0.11832008584 0.118941754815
brother 0.0666857688811 0.0630481644722 0.0563816434378 0.0642979884263 0.0626201078168 0.0722740638915
nonkin 0.105972901265 0.0995074405386 0.0989471046067 0.0999138857635 0.10439224843 0.0938024270841
many_rivals 1 1 1 1 1 1
O' values
no_rival 2461.18950109 1852.59227796 1953.50240406 2213.87994574 1994.58949277 2471.79807006
brother 674.806645481 872.348948783 620.769418306 995.365509348 830.404191447 747.155993346
nonkin 1283.34695357 1045.14797524 1162.23714132 1321.13768763 1015.40106276 1908.26618846
many_rivals 0 0 0 0 0 0
