Parameter Female_0 Female_1 Female_2 Female_3 Female_4 Female_5
Size 19.5600203184 25.2305980958 32.5371957642 23.0211077289 26.5577327744 32.4400359863
Profit 2.87517818972 3.29566945595 5.17857173964 3.07786559775 3.47703658373 5.13302479532
E values
no_rival 0.0664192514827 0.076132985142 0.119629753706 0.0711015163853 0.0803227320292 0.118577577545
brother 0.0207799270189 0.0238189657315 0.0374273647444 0.0222448204163 0.0251297699427 0.0370981809108
nonkin 0.037605915997 0.0431057348576 0.0677331702507 0.0402569675622 0.0454779276476 0.0671374386303
many_rivals 0.0 0.0 0.0 0.0 0.0 0.0
Observed values
no_rival 215 277 295 237 251 255
brother 73 79 79 88 67 65
nonkin 86 134 77 121 111 151
many_rivals 0 0 0 0 0 0
Q values
no_rival 0.116446641669 0.116373141804 0.142065991265 0.122643723283 0.119255048829 0.117684083846
brother 0.0562873057794 0.0663204671714 0.0612049995941 0.0647526483642 0.0622657768392 0.0670579276929
nonkin 0.101165416902 0.101146013146 0.0868443075639 0.0953837609702 0.0952407870252 0.0988772049655
many_rivals 1 1 1 1 1 1
O' values
no_rival 1846.33920668 2380.27431163 2076.49978276 1932.42665548 2104.73269237 2166.81807485
brother 1296.91764403 1191.18581894 1290.7442288 1359.01777337 1076.03250776 969.311194609
nonkin 850.092873963 1324.81741822 886.644181524 1268.55975031 1165.46705951 1527.14672763
many_rivals 0 0 0 0 0 0
