Parameter Female_0 Female_1 Female_2 Female_3 Female_4 Female_5
Size 19.6942057769 29.0072617313 29.6096345316 19.2570754438 28.4459458588 31.2802268979
Profit 2.8808332208 3.95679430286 4.1125214586 2.86292186394 3.8266741622 4.64876166347
E values
no_rival 0.0687858024815 0.0944765803906 0.0981948856707 0.0683581320958 0.0913696951222 0.110998720529
brother 0.0215203261644 0.029557942941 0.0307212519309 0.0213865252075 0.0285859228159 0.0347270597048
nonkin 0.038945833507 0.0534916950514 0.0555969623179 0.0387036908113 0.0517326076812 0.0628463655765
many_rivals 0.0 0.0 0.0 0.0 0.0 0.0
Observed values
no_rival 267 251 200 215 394 314
brother 44 86 59 87 94 79
nonkin 101 96 103 113 119 133
many_rivals 0 0 0 0 0 0
Q values
no_rival 0.112233105561 0.115841444788 0.112002211598 0.110424356806 0.13202242019 0.128168886038
brother 0.0661230287107 0.0741872288894 0.059002145333 0.0625460992809 0.0553273353188 0.0604161931288
nonkin 0.100433801069 0.0947808138806 0.110304825142 0.102260216424 0.0935020863345 0.0965104063168
many_rivals 1 1 1 1 1 1
O' values
no_rival 2378.977207 2166.75474361 1785.67902496 1947.03420711 2984.34159465 2449.89255743
brother 665.426264615 1159.2291731 999.963639746 1390.97403356 1698.97934644 1307.59645566
nonkin 1005.63753363 1012.8632164 933.776014486 1105.02406461 1272.69887406 1378.08973224
many_rivals 0 0 0 0 0 0
