Parameter Female_0 Female_1 Female_2 Female_3 Female_4 Female_5
Size 20.4117502473 25.4990095479 29.9966412351 23.9233484763 28.6866473806 31.9905432227
Profit 2.91360777033 3.32880625757 4.22225108651 3.15609085457 3.88080094897 4.93276980237
E values
no_rival 0.0959249227318 0.109594533039 0.139009482798 0.103908211134 0.127767894828 0.162401942693
brother 0.0 0.0 0.0 0.0 0.0 0.0
nonkin 0.0339478301548 0.0387855052423 0.049195455962 0.0367731159202 0.0452170579795 0.0574740475191
many_rivals 0.0 0.0 0.0 0.0 0.0 0.0
Observed values
no_rival 293 352 348 384 340 321
brother 0 0 0 0 0 0
nonkin 150 133 67 127 141 89
many_rivals 0 0 0 0 0 0
Q values
no_rival 0.112190781298 0.116502689442 0.122920092626 0.13047068688 0.115691113307 0.127881589636
brother 1 1 1 1 1 1
nonkin 0.122039793604 0.112012181058 0.107589524525 0.10532601357 0.124358340703 0.117622495
many_rivals 1 1 1 1 1 1
O' values
no_rival 2611.62277871 3021.38947767 2831.10753146 2943.18983967 2938.86012746 2510.13457773
brother 0 0 0 0 0 0
nonkin 1229.10729009 1187.3708622 622.737206949 1205.7799939 1133.82021023 756.657984514
many_rivals 0 0 0 0 0 0
