Parameter Female_0 Female_1 Female_2 Female_3 Female_4 Female_5
Size 21.1967412034 25.8393178447 31.704961881 21.2881793766 28.7353561357 33.5672299148
Profit 2.95488689564 3.37328666166 4.81402466333 2.96010190519 3.89205416192 5.71602269311
E values
no_rival 0.0920483090308 0.105081968971 0.149962704341 0.0922107629005 0.12124220551 0.178061036468
brother 0.0 0.0 0.0 0.0 0.0 0.0
nonkin 0.032575896566 0.037188508819 0.0530718010664 0.0326333889905 0.0429076165301 0.063015800806
many_rivals 0.0 0.0 0.0 0.0 0.0 0.0
Observed values
no_rival 325 281 319 347 274 260
brother 0 0 0 0 0 0
nonkin 122 99 177 131 117 189
many_rivals 0 0 0 0 0 0
Q values
no_rival 0.118618093999 0.115589382458 0.131061431542 0.116101463326 0.112813820035 0.123184180971
brother 1 1 1 1 1 1
nonkin 0.116277678582 0.105746833598 0.115099914539 0.106809964956 0.116423737456 0.114496876123
many_rivals 1 1 1 1 1 1
O' values
no_rival 2739.88553554 2431.01913017 2433.97310899 2988.7650858 2428.78044477 2110.66062176
brother 0 0 0 0 0 0
nonkin 1049.21255299 936.198244728 1537.79436508 1226.47732404 1004.94969975 1650.7000575
many_rivals 0 0 0 0 0 0
