Parameter Female_0 Female_1 Female_2 Female_3 Female_4 Female_5
Size 24.7421953798 26.9986340243 33.8008282469 24.3079154035 25.6666237896 30.7818935719
Profit 3.2394856815 3.54797854167 5.85302086325 3.19366705462 3.35036022979 4.47090256141
E values
no_rival 0.101148374113 0.110780628828 0.182752326194 0.0997177520733 0.104610275597 0.139597630416
brother 0.0 0.0 0.0 0.0 0.0 0.0
nonkin 0.0357964095986 0.0392052645424 0.0646760482401 0.0352901124587 0.0370215765339 0.0494036014042
many_rivals 0.0 0.0 0.0 0.0 0.0 0.0
Observed values
no_rival 320 202 382 372 288 336
brother 0 0 0 0 0 0
nonkin 131 96 122 122 122 153
many_rivals 0 0 0 0 0 0
Q values
no_rival 0.113856119281 0.111221471161 0.147341637056 0.113937678886 0.115250052196 0.129529266619
brother 1 1 1 1 1 1
nonkin 0.102039508376 0.11054688279 0.113878529131 0.119549496735 0.122656565793 0.119963338105
many_rivals 1 1 1 1 1 1
O' values
no_rival 2810.56479019 1816.19608058 2592.61406099 3264.94276203 2498.91426955 2594.00835634
brother 0 0 0 0 0 0
nonkin 1283.81645585 868.4098328 1071.31696318 1020.49781331 994.647120692 1275.38965168
many_rivals 0 0 0 0 0 0
