Parameter Female_0 Female_1 Female_2 Female_3 Female_4 Female_5
Size 22.904102308 26.9159233819 32.6387548309 22.902308665 25.4825417149 32.8419825398
Profit 3.06865546104 3.5342199783 5.22707541072 3.06851583854 3.32672489422 5.32695006637
E values
no_rival 0.0962345759746 0.110834912987 0.1639237093 0.0962301973427 0.104327762971 0.167055828646
brother 0.0 0.0 0.0 0.0 0.0 0.0
nonkin 0.0340574164374 0.0392244757062 0.0580126007213 0.0340558668396 0.0369215953155 0.059121057758
many_rivals 0.0 0.0 0.0 0.0 0.0 0.0
Observed values
no_rival 310 280 294 347 287 324
brother 0 0 0 0 0 0
nonkin 106 148 105 186 130 170
many_rivals 0 0 0 0 0 0
Q values
no_rival 0.123602788017 0.115599140717 0.131777838223 0.109721604289 0.107483634428 0.131053794531
brother 1 1 1 1 1 1
nonkin 0.111143287433 0.108443590706 0.114556974619 0.121979879743 0.117160757792 0.110177591422
many_rivals 1 1 1 1 1 1
O' values
no_rival 2508.03404174 2422.16333325 2231.02764444 3162.54945641 2670.17394349 2472.26721789
brother 0 0 0 0 0 0
nonkin 953.72381408 1364.76484259 916.574484874 1524.84164103 1109.58654118 1542.9634811
many_rivals 0 0 0 0 0 0
