Parameter Female_0 Female_1 Female_2 Female_3 Female_4 Female_5
Size 21.3422607825 26.9340163779 29.6703566184 21.9991596367 28.7310616266 31.5218055963
Profit 2.96322863894 3.53721148382 4.129216526 3.00384786718 3.89105786675 4.74114403902
E values
no_rival 0.0982974146881 0.117337804952 0.136976034809 0.0996448520981 0.129075739778 0.157275140897
brother 0.0 0.0 0.0 0.0 0.0 0.0
nonkin 0.0347874550581 0.0415258491725 0.0484758187188 0.0352643131575 0.0456799043075 0.0556596723635
many_rivals 0.0 0.0 0.0 0.0 0.0 0.0
Observed values
no_rival 296 280 324 361 309 343
brother 0 0 0 0 0 0
nonkin 133 112 135 139 120 165
many_rivals 0 0 0 0 0 0
Q values
no_rival 0.103693903633 0.112313880303 0.124156340087 0.122093063883 0.116800964675 0.125430162112
brother 1 1 1 1 1 1
nonkin 0.119673426108 0.110012835702 0.115088132467 0.113110413514 0.111104925909 0.118528637991
many_rivals 1 1 1 1 1 1
O' values
no_rival 2854.55547172 2493.01332341 2609.61300707 2956.76092088 2645.52609527 2734.58946576
brother 0 0 0 0 0 0
nonkin 1111.35783712 1018.06302224 1173.01408152 1228.88773617 1080.06012351 1392.06864094
many_rivals 0 0 0 0 0 0
