Parameter Female_0 Female_1 Female_2 Female_3 Female_4 Female_5
Size 19.2993482408 26.3107425604 30.3045423216 19.6963818544 27.3079746706 29.9768347577
Profit 2.86459063998 3.43978216018 4.31541466927 2.88092610435 3.60136747569 4.21644005538
E values
no_rival 0.0992473470282 0.119175580967 0.149512970989 0.0998133097449 0.124773907534 0.146083870959
brother 0.0 0.0 0.0 0.0 0.0 0.0
nonkin 0.0351236361133 0.0421762381043 0.052912640433 0.0353239303187 0.0441574858763 0.0516990819323
many_rivals 0.0 0.0 0.0 0.0 0.0 0.0
Observed values
no_rival 326 361 243 377 334 264
brother 0 0 0 0 0 0
nonkin 127 152 125 97 144 120
many_rivals 0 0 0 0 0 0
Q values
no_rival 0.114211382079 0.127555528935 0.115764168254 0.118324363073 0.120651526998 0.127535991192
brother 1 1 1 1 1 1
nonkin 0.106192653329 0.107019699282 0.122090530074 0.108312191053 0.120691962659 0.113286964914
many_rivals 1 1 1 1 1 1
O' values
no_rival 2854.35649289 2830.13996348 2099.09511436 3186.15701965 2768.30313142 2070.00390661
brother 0 0 0 0 0 0
nonkin 1195.93960616 1420.29926285 1023.83043078 895.55939232 1193.12004568 1059.25690648
many_rivals 0 0 0 0 0 0
