Parameter Female_0 Female_1 Female_2 Female_3 Female_4 Female_5
Size 19.4580044974 26.4443010179 34.3269457739 23.8746752303 26.7847409452 29.7562862979
Profit 2.870973005 3.45971312888 6.18443367648 3.15152504924 3.51283079717 4.15316908343
E values
no_rival 0.0654827340527 0.0789110431629 0.14105797059 0.0718817196469 0.0801225802063 0.0947277686317
brother 0.0204869281757 0.0246881089639 0.0441313966787 0.0224889148087 0.0250671504433 0.0296365296941
nonkin 0.0370756691933 0.0446786435284 0.0798656123681 0.0406987108469 0.045364603687 0.0536339153216
many_rivals 0.0 0.0 0.0 0.0 0.0 0.0
Observed values
no_rival 275 230 347 229 281 284
brother 61 26 63 61 42 56
nonkin 84 124 153 125 129 124
many_rivals 0 0 0 0 0 0
Q values
no_rival 0.119707725685 0.114623452613 0.146434697053 0.107943656694 0.127544952703 0.123238749878
brother 0.0579231787291 0.057689813728 0.0564432311 0.0741978856746 0.0649862143551 0.0622308321434
nonkin 0.105160424607 0.105438924207 0.0949462336862 0.0970178994397 0.0944327511645 0.098619145276
many_rivals 1 1 1 1 1 1
O' values
no_rival 2297.26192213 2006.57016306 2369.65696644 2121.47713923 2203.14480538 2304.46998434
brother 1053.11899896 450.68614925 1116.16572567 822.125852312 646.290915955 899.875480871
nonkin 798.779581903 1176.03627818 1611.43832735 1288.4220409 1366.05148541 1257.36234737
many_rivals 0 0 0 0 0 0
