Parameter Female_0 Female_1 Female_2 Female_3 Female_4 Female_5
Size 19.3443644261 29.2296959258 34.2973408063 23.3470323191 29.0399133202 30.445475923
Profit 2.86638230277 4.0122630206 6.16490508452 3.10461114886 3.96479266397 4.35988370172
E values
no_rival 0.0623320547322 0.0872502589619 0.134061391872 0.0675125547161 0.0862179734692 0.0948095825387
brother 0.0195012066435 0.0272971160188 0.0419424470611 0.0211219778685 0.0269741551796 0.0296621259931
nonkin 0.0352917860688 0.0494002241216 0.0759042194641 0.0382249333547 0.0488157543985 0.0536802375376
many_rivals 0.0 0.0 0.0 0.0 0.0 0.0
Observed values
no_rival 253 235 259 295 301 246
brother 40 93 74 96 96 54
nonkin 129 97 108 100 107 113
many_rivals 0 0 0 0 0 0
Q values
no_rival 0.1316698979 0.12537751971 0.130024856674 0.122549082092 0.127935211718 0.121916852542
brother 0.0483902007509 0.0767253126491 0.0590593541306 0.0598112195773 0.0691936861221 0.063622534559
nonkin 0.0978183456043 0.0854684308194 0.0914450963907 0.093877902556 0.0857015193099 0.0932923608148
many_rivals 1 1 1 1 1 1
O' values
no_rival 1921.47183247 1874.33920007 1991.92682557 2407.19877264 2352.753366 2017.76862566
brother 826.613640351 1212.11627283 1252.97679071 1605.05003373 1387.40982567 848.755875168
nonkin 1318.77102606 1134.92197142 1181.03653736 1065.21340249 1248.51928952 1211.24601214
many_rivals 0 0 0 0 0 0
