Parameter Female_0 Female_1 Female_2 Female_3 Female_4 Female_5
Size 20.3726350833 28.659971564 33.5926684268 21.5524173964 28.4160009179 31.0902414261
Profit 2.91170537222 3.87468139163 5.73065240858 2.9756840969 3.8201094986 4.57898929706
E values
no_rival 0.0648574425461 0.0863074705771 0.127648718475 0.0662825511781 0.0850918965527 0.101995736961
brother 0.020291299475 0.0270021552447 0.0399361780621 0.0207371589616 0.0266218507555 0.0319103862656
nonkin 0.0367216353952 0.048866426766 0.0722734279134 0.0375285176516 0.0481781809092 0.05774896631
many_rivals 0.0 0.0 0.0 0.0 0.0 0.0
Observed values
no_rival 219 252 280 284 283 227
brother 48 47 45 26 44 44
nonkin 148 131 109 136 188 93
many_rivals 0 0 0 0 0 0
Q values
no_rival 0.115459625392 0.108849042724 0.134116117307 0.1316522961 0.124395494926 0.131210309151
brother 0.0636653268079 0.056437238558 0.0661540259187 0.0616549983782 0.0517121162797 0.0547832116841
nonkin 0.0960357118472 0.110722033866 0.0870867679629 0.0942498198771 0.108580452204 0.102790459704
many_rivals 1 1 1 1 1 1
O' values
no_rival 1896.76693698 2315.13290051 2087.74311114 2157.1974695 2275.00200203 1730.04698692
brother 753.942568219 832.783481277 680.230709697 421.701414061 850.864423378 803.165762784
nonkin 1541.09338238 1183.14300619 1251.62527614 1442.97357997 1731.43504363 904.753225809
many_rivals 0 0 0 0 0 0
