Parameter Female_0 Female_1 Female_2 Female_3 Female_4 Female_5
Size 19.8062023006 27.848687686 34.2836553264 20.0761737919 26.9961486297 32.9135243911
Profit 2.88566318305 3.70245108167 6.15591414337 2.89773107583 3.547561993 5.36302333187
E values
no_rival 0.0625481296081 0.0802523979528 0.133432383224 0.0628097069558 0.0768951028776 0.116246095672
brother 0.0195688078292 0.0251077652235 0.0417456554155 0.0196506449182 0.0240574018863 0.0363687534919
nonkin 0.0354141255028 0.0454381051969 0.0755480810576 0.0355622279813 0.0435372382983 0.0658173769084
many_rivals 0.0 0.0 0.0 0.0 0.0 0.0
Observed values
no_rival 265 261 250 207 285 271
brother 49 36 31 56 32 44
nonkin 167 167 150 107 126 178
many_rivals 0 0 0 0 0 0
Q values
no_rival 0.116693505806 0.109931403247 0.126113262743 0.10700324594 0.123405320195 0.118941496893
brother 0.0587412515689 0.0593479458296 0.0576041684283 0.0725782230549 0.0660537005041 0.0593863088021
nonkin 0.105906919571 0.106659853017 0.0968251058626 0.0982429294541 0.0918484146776 0.101121781708
many_rivals 1 1 1 1 1 1
O' values
no_rival 2270.90615001 2374.20784499 1982.34503305 1934.52075384 2309.46282988 2278.4310529
brother 834.16676852 606.592182708 538.155498913 771.581304183 484.454311504 740.911514582
nonkin 1576.8563629 1565.72501533 1549.18498321 1089.13690374 1371.82552842 1760.25379492
many_rivals 0 0 0 0 0 0
