Parameter Female_0 Female_1 Female_2 Female_3 Female_4 Female_5
Size 21.9664103195 26.5826843756 31.8471162327 20.5530420317 27.2493145482 32.153752367
Profit 3.00170226792 3.48089686593 4.87233875591 2.92059689312 3.59100425487 5.0035398652
E values
no_rival 0.0698492285525 0.0810000256703 0.113378700807 0.0679619168357 0.0835622105539 0.11643173387
brother 0.0218530296449 0.0253416680312 0.0354716603346 0.0212625653012 0.0261432731939 0.0364268322587
nonkin 0.0395479347142 0.0458614045343 0.0641938866102 0.0384793576932 0.0473120879935 0.0659224834
many_rivals 0.0 0.0 0.0 0.0 0.0 0.0
Observed values
no_rival 336 270 192 263 308 251
brother 83 103 69 79 82 62
nonkin 116 114 74 107 106 112
many_rivals 0 0 0 0 0 0
Q values
no_rival 0.136061851403 0.128101911927 0.121167459989 0.117183696208 0.126442183427 0.13120647356
brother 0.0563658725081 0.0610249417363 0.0649609922945 0.0710921991838 0.0625448854556 0.0478732561409
nonkin 0.0942294710355 0.0939779521944 0.100181293734 0.0920548437064 0.097644830743 0.0995276360607
many_rivals 1 1 1 1 1 1
O' values
no_rival 2469.46514791 2107.69687929 1584.58384799 2244.33951573 2435.89593009 1913.0153657
brother 1472.52222501 1687.83446685 1062.17589299 1111.23303129 1311.05844071 1295.08633834
nonkin 1231.03736788 1213.0504798 738.660854157 1162.35056942 1085.56693881 1125.31558503
many_rivals 0 0 0 0 0 0
