Parameter Female_0 Female_1 Female_2 Female_3 Female_4 Female_5
Size 24.2748379258 28.9587949527 30.4004085916 20.7625344703 26.9959434693 34.190527418
Profit 3.19032759284 3.94501167185 4.34553565164 2.93130609185 3.54752761707 6.09534019692
E values
no_rival 0.0705814702819 0.0872777844832 0.0961388091129 0.0648509871756 0.0784840138802 0.134850751356
brother 0.0220821187924 0.0273057276534 0.0300779878191 0.0202892798478 0.0245545085826 0.0421894060693
nonkin 0.0399625226589 0.0494158087965 0.0544328323316 0.036717980429 0.0444368638188 0.0763511469104
many_rivals 0.0 0.0 0.0 0.0 0.0 0.0
Observed values
no_rival 309 292 224 294 261 225
brother 86 69 80 104 97 64
nonkin 115 109 81 122 94 69
many_rivals 0 0 0 0 0 0
Q values
no_rival 0.13539214491 0.123313887003 0.112633614113 0.114576545446 0.114572797652 0.130126073894
brother 0.0705217511227 0.0615307250588 0.0597009688847 0.0679593591891 0.0651986664267 0.0571318691
nonkin 0.0843249605409 0.0927109288518 0.106022570785 0.0935276441847 0.093545213138 0.0980730384888
many_rivals 1 1 1 1 1 1
O' values
no_rival 2282.25943393 2367.94092779 1988.74911157 2565.97018923 2278.02764137 1729.0923584
brother 1219.48191346 1121.3909788 1340.01175349 1530.32637801 1487.76049137 1120.21540706
nonkin 1363.77176179 1175.69742154 763.988265901 1304.42716764 1004.86167968 703.557277956
many_rivals 0 0 0 0 0 0
