Parameter Female_0 Female_1 Female_2 Female_3 Female_4 Female_5
Size 23.7593909328 25.4868585476 30.3777537945 22.0236571722 26.6959331051 34.4197895503
Profit 3.14087539716 3.32726987638 4.33836867898 3.00546147093 3.49864623142 6.24638413041
E values
no_rival 0.0709565158912 0.0751674129038 0.0980094678032 0.0678973367792 0.0790390306926 0.14111405222
brother 0.0221994555617 0.0235168768011 0.0306632420969 0.0212423607847 0.0247281511425 0.0441489423776
nonkin 0.0401748697324 0.042559037512 0.0554919805755 0.038442793111 0.0447511087878 0.0798973652265
many_rivals 0.0 0.0 0.0 0.0 0.0 0.0
Observed values
no_rival 257 256 201 271 294 310
brother 79 91 59 83 101 94
nonkin 126 109 114 110 105 74
many_rivals 0 0 0 0 0 0
Q values
no_rival 0.114020726886 0.117640928096 0.117582847678 0.11557771819 0.13034250244 0.1451869743
brother 0.0673039090052 0.0588676305484 0.0717102472501 0.0703100503126 0.0659714539389 0.0529147128044
nonkin 0.0981752701683 0.0966876719775 0.0867214715297 0.0926705235906 0.0847330471424 0.0923701588551
many_rivals 1 1 1 1 1 1
O' values
no_rival 2253.97615872 2176.11339985 1709.43299954 2344.74260475 2255.59579182 2135.17776988
brother 1173.78026281 1545.84105309 822.755495379 1180.48557256 1530.96519736 1776.44354506
nonkin 1283.41892805 1127.34123979 1314.55333943 1187.00095497 1239.18593207 801.12452893
many_rivals 0 0 0 0 0 0
