Parameter Female_0 Female_1 Female_2 Female_3 Female_4 Female_5
Size 22.9875416569 27.3569966512 32.212512701 24.3777269152 26.7542448546 31.8216369452
Profit 3.07520274948 3.61011573823 5.02955361386 3.20078342275 3.50793327691 4.86177219099
E values
no_rival 0.0702833482217 0.0825087131551 0.114949776272 0.073153477741 0.0801733466457 0.111115154255
brother 0.0219888483246 0.0258136759977 0.0359631870043 0.0228867970461 0.0250830332316 0.0347634871603
nonkin 0.0397937289296 0.0467156083013 0.0650834138272 0.0414187675622 0.0453933471373 0.0629122891877
many_rivals 0.0 0.0 0.0 0.0 0.0 0.0
Observed values
no_rival 255 304 332 227 230 291
brother 88 74 65 69 69 84
nonkin 130 102 90 102 117 117
many_rivals 0 0 0 0 0 0
Q values
no_rival 0.120745126005 0.117606687537 0.127195081377 0.120724828652 0.117440332352 0.140935340979
brother 0.0705322872504 0.058869663912 0.0634731600876 0.0714320917925 0.0575332365781 0.0563709979568
nonkin 0.0887522826193 0.103950782536 0.0974031237577 0.0842288890847 0.106438222341 0.0928373259624
many_rivals 1 1 1 1 1 1
O' values
no_rival 2111.88648716 2584.88701933 2610.16382399 1880.30915044 1958.44132415 2064.77664139
brother 1247.65555507 1257.01414077 1024.05489045 965.952392944 1199.30676777 1490.12795665
nonkin 1464.7510595 981.233594512 923.995006812 1210.98593497 1099.22918127 1260.26895742
many_rivals 0 0 0 0 0 0
