Parameter Female_0 Female_1 Female_2 Female_3 Female_4 Female_5
Size 19.7467688725 28.2160884779 30.8888501072 21.2724506138 26.9724602387 29.8861406945
Profit 2.88308744207 3.77721471314 4.50768956181 2.95919847134 3.54360156848 4.19010493366
E values
no_rival 0.0701861638771 0.0919528859883 0.109735637454 0.0720390182495 0.0862657846485 0.102004326072
brother 0.0219584432306 0.0287683799103 0.034331891534 0.0225381272495 0.0269891133851 0.031913073455
nonkin 0.0397387041256 0.0520628045177 0.0621312205703 0.0407877717427 0.0488428246101 0.057753829379
many_rivals 0.0 0.0 0.0 0.0 0.0 0.0
Observed values
no_rival 316 285 212 196 328 250
brother 53 28 43 82 58 49
nonkin 133 202 106 99 148 131
many_rivals 0 0 0 0 0 0
Q values
no_rival 0.127975534477 0.118885102751 0.135566030616 0.105661137251 0.121772681179 0.114724793073
brother 0.056632771143 0.0608775421626 0.0527794163777 0.071565903126 0.0656934125731 0.0599003591656
nonkin 0.100004281745 0.105804966603 0.101528104133 0.0972137539235 0.0947816974762 0.110431738195
many_rivals 1 1 1 1 1 1
O' values
no_rival 2469.22195942 2397.27260527 1563.81358248 1854.98665923 2693.54338612 2179.1279226
brother 935.853904556 459.939724984 814.711547629 1145.79704046 882.889131927 818.025145134
nonkin 1329.94305523 1909.17313699 1044.04589158 1018.37441724 1561.48290167 1186.2531745
many_rivals 0 0 0 0 0 0
