Parameter Female_0 Female_1 Female_2 Female_3 Female_4 Female_5
Size 22.0229546431 26.3286632526 33.1588483546 20.1163756868 27.3672484405 31.4846118835
Profit 3.00541509354 3.44242759621 5.49045820957 2.89958090107 3.61195540873 4.72664707927
E values
no_rival 0.0957790042688 0.109706072928 0.174974372566 0.0924061944382 0.11510872267 0.150632620351
brother 0.0 0.0 0.0 0.0 0.0 0.0
nonkin 0.0338961896107 0.0388249792094 0.061923430451 0.0327025522117 0.0407369769529 0.0533088843422
many_rivals 0.0 0.0 0.0 0.0 0.0 0.0
Observed values
no_rival 372 236 332 364 326 247
brother 0 0 0 0 0 0
nonkin 139 146 161 98 127 112
many_rivals 0 0 0 0 0 0
Q values
no_rival 0.117072015143 0.11152507742 0.130613832891 0.120208130701 0.109685607962 0.113460837608
brother 1 1 1 1 1 1
nonkin 0.110852543749 0.116847565045 0.1040754774 0.115102583234 0.112519142157 0.120381449763
many_rivals 1 1 1 1 1 1
O' values
no_rival 3177.53136432 2116.11599345 2541.84409607 3028.08136086 2972.13103941 2176.96259967
brother 0 0 0 0 0 0
nonkin 1253.91800043 1249.49116349 1546.95422996 851.414427433 1128.69683829 930.375902774
many_rivals 0 0 0 0 0 0
