Parameter Female_0 Female_1 Female_2 Female_3 Female_4 Female_5
Size 20.5897537309 25.5654226531 33.559537708 24.7259432003 28.6021346508 30.313089099
Profit 2.92244334707 3.33726564533 5.71161260559 3.23770302762 3.86151788417 4.31807814231
E values
no_rival 0.0922900545534 0.105390042471 0.180371345602 0.102245879068 0.121945801463 0.136363864065
brother 0.0 0.0 0.0 0.0 0.0 0.0
nonkin 0.0326614503064 0.0372975360304 0.0638334192086 0.036184816602 0.0431566191377 0.0482591714928
many_rivals 0.0 0.0 0.0 0.0 0.0 0.0
Observed values
no_rival 301 256 394 280 371 295
brother 0 0 0 0 0 0
nonkin 118 114 138 155 95 124
many_rivals 0 0 0 0 0 0
Q values
no_rival 0.111096448993 0.120920557229 0.137896726491 0.112321748989 0.124421809729 0.12053659959
brother 1 1 1 1 1 1
nonkin 0.130830318402 0.106027321352 0.0958683490002 0.118864252315 0.11569376959 0.106714726541
many_rivals 1 1 1 1 1 1
O' values
no_rival 2709.35752429 2117.09246026 2857.21068242 2492.83867568 2981.7923466 2447.38943195
brother 0 0 0 0 0 0
nonkin 901.93161219 1075.19456821 1439.47404372 1304.00853899 821.13324111 1161.97645835
many_rivals 0 0 0 0 0 0
