Parameter Female_0 Female_1 Female_2 Female_3 Female_4 Female_5
Size 24.6337578825 25.5239098002 31.2597702424 21.1314968721 27.7649875134 32.6833990582
Profit 3.22769353982 3.33196560951 4.64112910045 2.95122003085 3.68612629622 5.248690775
E values
no_rival 0.0744028786833 0.07680649664 0.106984557596 0.0680297751983 0.0849703989074 0.120989709265
brother 0.0232776846249 0.0240296805388 0.0334711886896 0.0212837954685 0.0265838390022 0.0378528404406
nonkin 0.0421261658817 0.0434870703326 0.0605735866655 0.0385177784195 0.0481093901574 0.0685031634887
many_rivals 0.0 0.0 0.0 0.0 0.0 0.0
Observed values
no_rival 255 254 303 250 260 239
brother 84 66 78 106 60 52
nonkin 121 100 126 101 104 98
many_rivals 0 0 0 0 0 0
Q values
no_rival 0.127467663292 0.117712403002 0.130354914902 0.11324494832 0.12656723634 0.118860768691
brother 0.0616904127447 0.068425253966 0.0646351784662 0.0667926001623 0.0495904375112 0.0640704158227
nonkin 0.0944815884829 0.0923656558769 0.0900841916423 0.093942898629 0.107945981944 0.0978452513856
many_rivals 1 1 1 1 1 1
O' values
no_rival 2000.50737116 2157.80150198 2324.42328873 2207.60399213 2054.24411182 2010.75596795
brother 1361.63783419 964.556156896 1206.7731822 1587.00214908 1209.91068059 811.607031611
nonkin 1280.67279502 1082.65349334 1398.69157621 1075.12117972 963.444846456 1001.58156489
many_rivals 0 0 0 0 0 0
