Parameter Female_0 Female_1 Female_2 Female_3 Female_4 Female_5
Size 19.6485712922 27.9775770608 33.6239660664 24.1145763438 25.0623053259 33.1876428252
Profit 2.87889405798 3.72809539877 5.74874761901 3.17443754065 3.27572671304 5.5058032893
E values
no_rival 0.0630190622376 0.0816081006217 0.125840227773 0.0694885163937 0.0717057388861 0.120522170378
brother 0.0197161438117 0.0255319103605 0.0393703736611 0.0217401772389 0.0224338574679 0.0377065662245
nonkin 0.0356807628483 0.046205690491 0.0712494785628 0.0393437030969 0.0405990722999 0.0682384476463
many_rivals 0.0 0.0 0.0 0.0 0.0 0.0
Observed values
no_rival 251 306 296 221 265 272
brother 48 55 53 50 60 31
nonkin 143 134 138 135 136 126
many_rivals 0 0 0 0 0 0
Q values
no_rival 0.113328481126 0.121290654514 0.126069672743 0.116569895904 0.116178541411 0.124649144939
brother 0.0663958487417 0.0532864518615 0.0599933980659 0.0672935443998 0.0663439443714 0.0594898667172
nonkin 0.105551959966 0.10871296797 0.0988685004562 0.0934288680381 0.0974749116447 0.0995497097442
many_rivals 1 1 1 1 1 1
O' values
no_rival 2214.80070593 2522.86543614 2347.90805402 1895.85825985 2280.97200034 2182.12487646
brother 722.936763512 1032.15729475 883.43053917 743.013322392 904.377943887 521.097149996
nonkin 1354.78299072 1232.60363968 1395.79339591 1444.94954113 1395.23081073 1265.69932071
many_rivals 0 0 0 0 0 0
