Parameter Female_0 Female_1 Female_2 Female_3 Female_4 Female_5
Size 21.5024586054 27.4725188333 31.7879422602 22.3631368652 28.7040527472 32.6949928656
Profit 2.97267858859 3.63105184364 4.84787581891 3.02860157821 3.88481033751 5.25433376859
E values
no_rival 0.092959416596 0.113547580391 0.151599204026 0.0947081991617 0.121482929217 0.16430965783
brother 0.0 0.0 0.0 0.0 0.0 0.0
nonkin 0.0328983375333 0.0401844887004 0.053650958305 0.0335172316833 0.0429928086498 0.058149187906
many_rivals 0.0 0.0 0.0 0.0 0.0 0.0
Observed values
no_rival 246 278 341 368 345 326
brother 0 0 0 0 0 0
nonkin 98 154 127 146 130 108
many_rivals 0 0 0 0 0 0
Q values
no_rival 0.109545013616 0.115265549798 0.135003223557 0.118389847028 0.130906418352 0.141229381378
brother 1 1 1 1 1 1
nonkin 0.108965784189 0.121539659638 0.11965031296 0.117766603755 0.10857778464 0.10606376954
many_rivals 1 1 1 1 1 1
O' values
no_rival 2245.65219247 2411.82209678 2525.8656128 3108.37465575 2635.47047077 2308.30155042
brother 0 0 0 0 0 0
nonkin 899.364885309 1267.07611704 1061.42639211 1239.74026035 1197.29832793 1018.25534269
many_rivals 0 0 0 0 0 0
