Parameter Female_0 Female_1 Female_2 Female_3 Female_4 Female_5
Size 23.4614119947 26.5588660687 32.2001583028 19.8367055386 28.0405393547 30.9394355909
Profit 3.11439101552 3.47721152575 5.02406041044 2.88699631689 3.74084949949 4.52534648911
E values
no_rival 0.101028836936 0.112798500406 0.162977281091 0.0936522994964 0.121350746327 0.146799322966
brother 0.0 0.0 0.0 0.0 0.0 0.0
nonkin 0.0357541053918 0.0399193892936 0.0576776597781 0.0331435487918 0.0429460291251 0.0519522803975
many_rivals 0.0 0.0 0.0 0.0 0.0 0.0
Observed values
no_rival 267 352 381 286 341 336
brother 0 0 0 0 0 0
nonkin 150 102 143 133 122 84
many_rivals 0 0 0 0 0 0
Q values
no_rival 0.11619580595 0.128697887557 0.132814710771 0.108255240519 0.12179296618 0.112921994094
brother 1 1 1 1 1 1
nonkin 0.111719254453 0.100806423319 0.117436343741 0.116622872155 0.107632196276 0.119120758057
many_rivals 1 1 1 1 1 1
O' values
no_rival 2297.84541549 2735.08762795 2868.65813123 2641.90443463 2799.83328017 2975.50537162
brother 0 0 0 0 0 0
nonkin 1342.65128007 1011.84028399 1217.68096183 1140.42809564 1133.4898313 705.16676833
many_rivals 0 0 0 0 0 0
