Parameter Female_0 Female_1 Female_2 Female_3 Female_4 Female_5
Size 22.5816797949 29.0369162588 33.2296794305 19.7518893156 26.9579942878 30.6917013381
Profit 3.04429589099 3.96405646059 5.52835446768 2.88330822608 3.54119165714 4.4404491931
E values
no_rival 0.0960845773603 0.125114214678 0.174486850669 0.0910034576869 0.111767684848 0.14015020198
brother 0.0 0.0 0.0 0.0 0.0 0.0
nonkin 0.0340043319278 0.0442779205745 0.0617508964519 0.0322061236754 0.0395545836676 0.0495991564807
many_rivals 0.0 0.0 0.0 0.0 0.0 0.0
Observed values
no_rival 269 384 279 293 340 317
brother 0 0 0 0 0 0
nonkin 123 174 164 106 174 127
many_rivals 0 0 0 0 0 0
Q values
no_rival 0.101900455508 0.12716238899 0.126853652916 0.109606090377 0.118685623684 0.127120831891
brother 1 1 1 1 1 1
nonkin 0.112462766868 0.119860239567 0.118564468177 0.108236671611 0.104675458971 0.111784658019
many_rivals 1 1 1 1 1 1
O' values
no_rival 2639.83118287 3019.76081961 2199.38483115 2673.20911632 2864.71090134 2493.69041473
brother 0 0 0 0 0 0
nonkin 1093.69530402 1451.69074105 1383.21372771 979.335362244 1662.28074574 1136.11297159
many_rivals 0 0 0 0 0 0
