Parameter Female_0 Female_1 Female_2 Female_3 Female_4 Female_5
Size 19.8696231088 26.997432176 30.6349675229 20.9956058717 27.8314235855 34.6652535425
Profit 2.88844353913 3.54777708937 4.42155496993 2.94372504322 3.69906292859 6.41545643863
E values
no_rival 0.0642741938343 0.0789458091298 0.0983892803636 0.0655043283552 0.082312250337 0.14275795427
brother 0.020108824283 0.0246989858444 0.0307820702546 0.0204936841692 0.0257522106404 0.044663253573
nonkin 0.036391405807 0.0446983276712 0.0557070266491 0.0370878956714 0.0466043730183 0.0808281261282
many_rivals 0.0 0.0 0.0 0.0 0.0 0.0
Observed values
no_rival 244 303 270 291 239 258
brother 60 38 54 37 29 65
nonkin 119 146 109 146 116 171
many_rivals 0 0 0 0 0 0
Q values
no_rival 0.112608339654 0.1173178055 0.119691951283 0.117834471586 0.118660419828 0.125877378533
brother 0.0736788140692 0.0590231648649 0.062420620353 0.0548744707979 0.056853181186 0.057196600525
nonkin 0.0840329867985 0.100012735472 0.0945298842486 0.104491094249 0.103236465082 0.101467357731
many_rivals 1 1 1 1 1 1
O' values
no_rival 2166.80221687 2582.72816057 2255.7907788 2469.56596048 2014.15097256 2049.61370348
brother 814.345355012 643.815018849 865.098739721 674.266183564 510.085792827 1136.43117604
nonkin 1416.11056008 1459.81408578 1153.07451042 1397.24826359 1123.63397863 1685.27104504
many_rivals 0 0 0 0 0 0
