Parameter Female_0 Female_1 Female_2 Female_3 Female_4 Female_5
Size 20.2444768669 25.1648523175 30.0583616875 23.7102126041 25.3619362772 33.930395013
Profit 2.90556904459 3.28780365364 4.24049816025 3.13640194466 3.31167573878 5.93163233267
E values
no_rival 0.0677796629623 0.0766962409464 0.0989202224016 0.0731644175241 0.0772531170214 0.138370155434
brother 0.0212055453544 0.0239951859425 0.0309481807806 0.0228902196666 0.0241694101913 0.0432904868292
nonkin 0.0383761673726 0.0434246446615 0.0560076407215 0.041424961558 0.0437399423263 0.0783437983054
many_rivals 0.0 0.0 0.0 0.0 0.0 0.0
Observed values
no_rival 279 307 281 240 329 258
brother 40 74 13 47 98 52
nonkin 116 147 121 88 132 120
many_rivals 0 0 0 0 0 0
Q values
no_rival 0.116984713739 0.11415779379 0.12538522135 0.123190341049 0.118529014254 0.133405281591
brother 0.0603105059169 0.0634756431425 0.0509246333486 0.0642568178774 0.0672728876662 0.0604724006757
nonkin 0.104430284065 0.106300565518 0.110330573621 0.0963381810023 0.0975380054878 0.0977868932871
many_rivals 1 1 1 1 1 1
O' values
no_rival 2384.92697962 2689.26010049 2241.09346361 1948.20468842 2775.69169093 1933.95641404
brother 663.234363431 1165.80150017 255.279206647 731.439893113 1456.75328353 859.896405947
nonkin 1110.78889652 1382.87128844 1096.70416847 913.448843277 1353.31863041 1227.15832323
many_rivals 0 0 0 0 0 0
