Parameter Female_0 Female_1 Female_2 Female_3 Female_4 Female_5
Size 19.2505032539 29.4229468043 32.4069741102 24.5407329129 27.0212869625 30.9548927041
Profit 2.86266360263 4.0623664879 5.11771397936 3.21776657338 3.55178409437 4.53077527022
E values
no_rival 0.0905786316134 0.128538888484 0.161931541245 0.101814580239 0.112383356102 0.143359989538
brother 0.0 0.0 0.0 0.0 0.0 0.0
nonkin 0.032055777728 0.0454899126346 0.0573075724466 0.0360321799467 0.0397724697245 0.0507351002976
many_rivals 0.0 0.0 0.0 0.0 0.0 0.0
Observed values
no_rival 321 291 302 355 368 329
brother 0 0 0 0 0 0
nonkin 136 104 78 183 171 146
many_rivals 0 0 0 0 0 0
Q values
no_rival 0.113916170454 0.115866226665 0.12150184236 0.110721595646 0.126571469838 0.131044773215
brother 1 1 1 1 1 1
nonkin 0.11960149476 0.107446752943 0.105442759645 0.110806530986 0.111068787971 0.113281727555
many_rivals 1 1 1 1 1 1
O' values
no_rival 2817.86157946 2511.51701729 2485.55901815 3206.2399203 2907.448262 2510.59231078
brother 0 0 0 0 0 0
nonkin 1137.10953423 967.921292651 739.737846982 1651.52720126 1539.58644119 1288.82215297
many_rivals 0 0 0 0 0 0
