Parameter Female_0 Female_1 Female_2 Female_3 Female_4 Female_5
Size 22.5597944519 27.0085730855 33.7968226324 23.2170079644 27.4836322064 32.9822262708
Profit 3.04269512568 3.54964625417 5.85062082637 3.0937451313 3.63308991198 5.39812258505
E values
no_rival 0.0659100613603 0.0768915033405 0.126734609198 0.0670158931521 0.078699037904 0.116932711335
brother 0.0206206217972 0.0240562757351 0.0396501898337 0.0209665923316 0.0246217809986 0.0365835680683
nonkin 0.0373176176416 0.0435352002763 0.0717558683819 0.0379437285438 0.0445586082709 0.0662061318308
many_rivals 0.0 0.0 0.0 0.0 0.0 0.0
Observed values
no_rival 269 286 249 241 324 222
brother 95 78 76 91 78 69
nonkin 87 93 128 102 95 97
many_rivals 0 0 0 0 0 0
Q values
no_rival 0.114827611149 0.120851440145 0.136770299324 0.131101845819 0.117042428773 0.126074023791
brother 0.0656960384137 0.0735138594591 0.0523827331237 0.0638568527126 0.0640537241562 0.0566761650202
nonkin 0.0957106898309 0.0837669284105 0.0954243211913 0.0867029683418 0.0962007509477 0.102116242834
many_rivals 1 1 1 1 1 1
O' values
no_rival 2342.64213379 2366.54192666 1820.57070308 1838.26549881 2768.22690197 1760.87026752
brother 1446.05370878 1061.02441871 1450.85976748 1425.0624034 1217.72779065 1217.44299346
nonkin 908.98937364 1110.22335144 1341.37710808 1176.43031087 987.518278851 949.897854723
many_rivals 0 0 0 0 0 0
