Parameter Female_0 Female_1 Female_2 Female_3 Female_4 Female_5
Size 22.0239271415 27.4919073734 29.7363214354 22.7304394139 25.0601996534 32.9159802046
Profit 3.00547929455 3.6346102431 4.14756952709 3.05535229411 3.27548115082 5.36427021912
E values
no_rival 0.0711419437215 0.0860339440144 0.0981760740832 0.072322474938 0.0775330896856 0.126976289848
brother 0.0222574685127 0.0269165797243 0.0307153665377 0.0226268095091 0.024257002439 0.0397258020417
nonkin 0.0402798571157 0.0487115587615 0.0555863113851 0.0409482620851 0.0438984600491 0.0718927055488
many_rivals 0.0 0.0 0.0 0.0 0.0 0.0
Observed values
no_rival 241 200 261 298 308 322
brother 23 39 40 29 53 30
nonkin 133 104 158 141 94 127
many_rivals 0 0 0 0 0 0
Q values
no_rival 0.12067626724 0.124097147681 0.123603217723 0.117724552379 0.122949576735 0.14694042121
brother 0.0636869553217 0.070056281783 0.0611023565175 0.0548646981668 0.0689614356056 0.054253480383
nonkin 0.0976495724791 0.0948093159406 0.107055320324 0.107264370306 0.0933003191792 0.0940631877663
many_rivals 1 1 1 1 1 1
O' values
no_rival 1997.07867596 1611.64058753 2111.59551351 2531.33262329 2505.0919912 2191.36434583
brother 361.141459563 556.695259974 654.63923619 528.573034556 768.54548538 552.959916824
nonkin 1362.01313148 1096.93861798 1475.8724697 1314.50918508 1007.49923287 1350.15624088
many_rivals 0 0 0 0 0 0
