Parameter Female_0 Female_1 Female_2 Female_3 Female_4 Female_5
Size 20.1128996972 25.1908297458 29.747114313 20.0159171924 28.9445161957 30.1423511395
Profit 2.89942040833 3.2909000138 4.15059401122 2.89498442116 3.9415607504 4.26567014661
E values
no_rival 0.0719589274427 0.0816748183996 0.103011033667 0.0718488334122 0.0978231660488 0.10586703732
brother 0.0225130700397 0.0255527836845 0.0322280319931 0.0224786260213 0.03060495573 0.0331215612959
nonkin 0.0407424251288 0.0462434654297 0.0583238171519 0.0406800909896 0.0553864983852 0.0599408578601
many_rivals 0.0 0.0 0.0 0.0 0.0 0.0
Observed values
no_rival 293 281 215 266 278 253
brother 45 42 51 28 19 39
nonkin 180 139 114 120 132 143
many_rivals 0 0 0 0 0 0
Q values
no_rival 0.109149721435 0.119079234409 0.127573620545 0.131410548328 0.123898342576 0.128039969722
brother 0.066953670469 0.0619181164546 0.0666065861279 0.0573353068219 0.0513461380149 0.0544424873517
nonkin 0.1014389483 0.0988430183158 0.0842709393158 0.0917472226468 0.1089197305 0.102201846599
many_rivals 1 1 1 1 1 1
O' values
no_rival 2684.38614545 2359.77331727 1685.30138975 2024.19062536 2243.77497083 1975.94548443
brother 672.106542999 678.315207324 765.690046057 488.355283194 370.037567275 716.352281042
nonkin 1774.46634667 1406.27028968 1352.77951006 1307.9414999 1211.90163981 1399.19193985
many_rivals 0 0 0 0 0 0
