Parameter Female_0 Female_1 Female_2 Female_3 Female_4 Female_5
Size 20.0077121876 27.0877284647 31.1279717963 24.8683939049 26.4031721251 33.5498387351
Profit 2.8946128077 3.56303944207 4.5926489399 3.25351425889 3.45352223688 5.70606105045
E values
no_rival 0.0911198445347 0.112161322291 0.144572516329 0.10241774398 0.108713817781 0.179621742307
brother 0.0 0.0 0.0 0.0 0.0 0.0
nonkin 0.0322473129808 0.0396938919589 0.0511642135287 0.0362456395947 0.0384738201126 0.0635681346023
many_rivals 0.0 0.0 0.0 0.0 0.0 0.0
Observed values
no_rival 418 282 307 295 311 278
brother 0 0 0 0 0 0
nonkin 135 134 131 128 97 111
many_rivals 0 0 0 0 0 0
Q values
no_rival 0.125640122821 0.118029020328 0.126285427743 0.124477894954 0.114851582031 0.127436927645
brother 1 1 1 1 1 1
nonkin 0.0980203076971 0.11746496501 0.118939868562 0.103700600042 0.114768466103 0.109332348584
many_rivals 1 1 1 1 1 1
O' values
no_rival 3326.96268209 2389.24291006 2431.00099107 2369.89868851 2707.8425434 2181.47129829
brother 0 0 0 0 0 0
nonkin 1377.2656215 1140.76567416 1101.39687881 1234.3226553 845.179893864 1015.25304667
many_rivals 0 0 0 0 0 0
