Parameter Female_0 Female_1 Female_2 Female_3 Female_4 Female_5
Size 19.6816259302 25.1593634575 32.6309359344 19.6196266509 27.8377082242 31.5926715148
Profit 2.88029700488 3.28715133887 5.22330830663 2.8776726659 3.70029504756 4.76904648726
E values
no_rival 0.0935627114465 0.106778846653 0.169672393875 0.0934774631995 0.120199284038 0.15491628801
brother 0.0 0.0 0.0 0.0 0.0 0.0
nonkin 0.0331118435809 0.0377890338306 0.0600470601924 0.0330816742263 0.0425385266209 0.0548248743268
many_rivals 0.0 0.0 0.0 0.0 0.0 0.0
Observed values
no_rival 317 304 370 358 324 315
brother 0 0 0 0 0 0
nonkin 85 111 171 151 119 104
many_rivals 0 0 0 0 0 0
Q values
no_rival 0.109015938824 0.11897948345 0.138593223496 0.118945415979 0.126995422639 0.118641250387
brother 1 1 1 1 1 1
nonkin 0.104161331771 0.12260683214 0.117043559635 0.116758420937 0.115028702334 0.109811806983
many_rivals 1 1 1 1 1 1
O' values
no_rival 2907.83167507 2555.06236189 2669.6831971 3009.78391687 2551.27305588 2655.06304908
brother 0 0 0 0 0 0
nonkin 816.04179358 905.332908961 1460.99452659 1293.26860357 1034.52440639 947.074844292
many_rivals 0 0 0 0 0 0
