Parameter Female_0 Female_1 Female_2 Female_3 Female_4 Female_5
Size 21.2344927144 26.1883856466 33.1617950393 22.1170667927 29.3079307739 30.6216992004
Profit 2.95702916398 3.42195530676 5.49202475099 3.01168256804 4.03232845665 4.41716507733
E values
no_rival 0.0674468783584 0.0780513787739 0.125267592837 0.0686934678545 0.0919733799822 0.100751118484
brother 0.0211014303632 0.0244191543632 0.0391912190951 0.021491438353 0.0287747916612 0.0315209949288
nonkin 0.0381877480577 0.044191910148 0.0709252583886 0.0388935545645 0.0520744080121 0.0570442757743
many_rivals 0.0 0.0 0.0 0.0 0.0 0.0
Observed values
no_rival 282 244 300 276 287 226
brother 71 102 43 58 75 98
nonkin 108 111 84 124 68 109
many_rivals 0 0 0 0 0 0
Q values
no_rival 0.121999923972 0.117249832997 0.135994534769 0.122529626882 0.128102689347 0.129897576319
brother 0.054749730858 0.0602779904155 0.0587508416531 0.0594018877612 0.0680899725141 0.0656187279509
nonkin 0.10270432144 0.0973237251338 0.0965023627003 0.0995814404043 0.0833354037375 0.092819893344
many_rivals 1 1 1 1 1 1
O' values
no_rival 2311.47685031 2081.02641823 2205.97100104 2252.51644867 2240.39012345 1739.83230792
brother 1296.81002787 1692.1599293 731.904408347 976.399945961 1101.48377552 1493.47607094
nonkin 1051.56237328 1140.52354498 870.445009319 1245.21195412 815.979727106 1174.31722956
many_rivals 0 0 0 0 0 0
