Parameter Female_0 Female_1 Female_2 Female_3 Female_4 Female_5
Size 24.7283064176 25.3909738096 32.2668003332 19.4399474964 26.23128011 30.5606249279
Profit 3.23796190493 3.31526803256 5.05384304461 2.87023701321 3.42815838207 4.39709843773
E values
no_rival 0.0772642421769 0.0791089208798 0.120594795241 0.0684895913557 0.0818027102324 0.104923556405
brother 0.0241728908075 0.0247500169864 0.037729287639 0.0214276535515 0.0255927959233 0.0328263838568
nonkin 0.0437462412781 0.0447906799129 0.0682795671174 0.0387781217297 0.0463158765065 0.0594066684007
many_rivals 0.0 0.0 0.0 0.0 0.0 0.0
Observed values
no_rival 243 219 246 276 219 318
brother 58 76 69 79 65 64
nonkin 134 127 117 101 95 143
many_rivals 0 0 0 0 0 0
Q values
no_rival 0.11564209494 0.116908280866 0.124894261818 0.119424405778 0.117306115129 0.138530766873
brother 0.0607041471035 0.0671528105519 0.0603049425607 0.0698035013831 0.0616205084025 0.0532899003102
nonkin 0.0992980252281 0.098680994268 0.0997874869714 0.0897502706723 0.0969453069732 0.090356084453
many_rivals 1 1 1 1 1 1
O' values
no_rival 2101.31094674 1873.26336833 1969.66615134 2311.08539501 1866.91034615 2295.51894628
brother 955.453667788 1131.74712086 1144.18482251 1131.74838561 1054.84361757 1200.97803951
nonkin 1349.47295973 1286.97527768 1172.49169762 1125.34479555 979.933974795 1582.62723386
many_rivals 0 0 0 0 0 0
