Parameter Female_0 Female_1 Female_2 Female_3 Female_4 Female_5
Size 23.6909308363 29.1198886444 33.2313791568 20.0704290032 25.0007734256 31.6750917564
Profit 3.13465921473 3.98459138015 5.52927005213 2.8974678743 3.26859068786 4.80196760757
E values
no_rival 0.0980363986541 0.124618008612 0.172927800429 0.0906182446493 0.102225102559 0.150181432319
brother 0.0 0.0 0.0 0.0 0.0 0.0
nonkin 0.0346950814837 0.0441023132479 0.0611991485717 0.0320697967814 0.0361774637955 0.0531492088977
many_rivals 0.0 0.0 0.0 0.0 0.0 0.0
Observed values
no_rival 218 365 266 366 281 360
brother 0 0 0 0 0 0
nonkin 145 124 139 129 112 187
many_rivals 0 0 0 0 0 0
Q values
no_rival 0.101430159893 0.128660562829 0.118844837 0.118208625692 0.111068213183 0.129066697513
brother 1 1 1 1 1 1
nonkin 0.112467492298 0.0987711953927 0.113698814548 0.116731876727 0.104415019162 0.1206260827
many_rivals 1 1 1 1 1 1
O' values
no_rival 2149.26211523 2836.92214595 2238.21250225 3096.22075257 2529.97677686 2789.25553172
brother 0 0 0 0 0 0
nonkin 1289.26143045 1255.42674164 1222.52813763 1105.0965993 1072.64262267 1550.24515275
many_rivals 0 0 0 0 0 0
