Parameter Female_0 Female_1 Female_2 Female_3 Female_4 Female_5
Size 19.5417291231 27.6685326016 33.4130706315 22.3272154771 25.4932715704 33.5309186422
Profit 2.8744182859 3.66762852643 5.62884133368 3.02608286245 3.32808030782 5.69526043991
E values
no_rival 0.0631585137468 0.0805874245377 0.123680417181 0.0664909825423 0.0731266590192 0.125139819264
brother 0.0197597726108 0.0252125816409 0.0386946553191 0.0208023687982 0.0228784065407 0.0391512438548
nonkin 0.0357597188983 0.045627793899 0.0700266154035 0.0376465294056 0.0414035830701 0.0708529142688
many_rivals 0.0 0.0 0.0 0.0 0.0 0.0
Observed values
no_rival 229 273 240 214 243 208
brother 109 74 104 88 82 71
nonkin 97 162 84 122 118 113
many_rivals 0 0 0 0 0 0
Q values
no_rival 0.117139701068 0.129535459359 0.119320042979 0.117067800823 0.116004051931 0.126337868494
brother 0.0769081130452 0.0516318048761 0.0680098225775 0.0607918523252 0.0692103489287 0.0547360827006
nonkin 0.0883197783316 0.0989097696173 0.0932681633425 0.0983732666907 0.0926192412656 0.103209774174
many_rivals 1 1 1 1 1 1
O' values
no_rival 1954.93071872 2107.53102935 2011.39719706 1828.00051334 2094.75441552 1646.37889241
brother 1417.27570323 1433.22512505 1529.19087359 1447.56240572 1184.79391116 1297.13338071
nonkin 1098.28174201 1637.85640819 900.628864016 1240.1743289 1274.03332599 1094.85754527
many_rivals 0 0 0 0 0 0
