Parameter Female_0 Female_1 Female_2 Female_3 Female_4 Female_5
Size 24.7052629209 28.7292824865 34.1514995248 22.9745350885 26.6778598097 34.3661827644
Profit 3.23544250037 3.89064535377 6.07026748399 3.07417541056 3.49578831161 6.21048336325
E values
no_rival 0.066284144952 0.0797072117823 0.124360884102 0.0629802843037 0.0716178201722 0.127233470978
brother 0.0207376575897 0.0249371982782 0.0389075462001 0.0197040117472 0.0224063512191 0.0398062637302
nonkin 0.0375294200304 0.045129426239 0.0704118889696 0.0356588071699 0.0405492936033 0.0720383189331
many_rivals 0.0 0.0 0.0 0.0 0.0 0.0
Observed values
no_rival 260 323 233 216 256 286
brother 73 53 34 43 56 75
nonkin 124 147 116 125 103 128
many_rivals 0 0 0 0 0 0
Q values
no_rival 0.114983139765 0.113613808923 0.114533041039 0.114320449924 0.11750279789 0.127947091763
brother 0.0635987185793 0.0601838659012 0.0603561738139 0.0562066120656 0.0620704847576 0.0571543712772
nonkin 0.0924805529319 0.103162436578 0.0959006993365 0.106288136584 0.0989828205729 0.0945154980543
many_rivals 1 1 1 1 1 1
O' values
no_rival 2261.20108159 2842.96427574 2034.3474502 1889.42573393 2178.67152611 2235.29895099
brother 1147.8218686 880.634688489 563.3226537 765.034547 902.200139385 1312.23558801
nonkin 1340.82243314 1424.93726279 1209.58450567 1176.04846615 1040.5846126 1354.27525258
many_rivals 0 0 0 0 0 0
