Parameter Female_0 Female_1 Female_2 Female_3 Female_4 Female_5
Size 19.4219574548 27.0244239428 34.4577083137 21.2464310839 25.9993183616 30.4838134076
Profit 2.86950622195 3.55231236156 6.27199709746 2.95770978413 3.3952000578 4.37218487901
E values
no_rival 0.0652081905544 0.080724641616 0.142528208777 0.0672125753667 0.0771543377903 0.0993558621859
brother 0.0204010344969 0.025255511376 0.0445913753979 0.0210281263292 0.0241385061211 0.0310844750435
nonkin 0.03692022541 0.0457054848366 0.0806980465273 0.0380550880469 0.0436840145135 0.056254295611
many_rivals 0.0 0.0 0.0 0.0 0.0 0.0
Observed values
no_rival 316 277 306 256 241 295
brother 35 66 23 32 42 31
nonkin 79 137 136 136 109 185
many_rivals 0 0 0 0 0 0
Q values
no_rival 0.133267257654 0.123014592038 0.14083059701 0.112699029534 0.116342405096 0.1270054251
brother 0.0640128778842 0.0671371892589 0.0480556287758 0.0660183504284 0.0642879655187 0.0525013615796
nonkin 0.0869750255073 0.09764787845 0.103162450138 0.105355562476 0.0998885363972 0.109120576332
many_rivals 1 1 1 1 1 1
O' values
no_rival 2371.17507753 2251.76538337 2172.823282 2271.5368629 2071.47170288 2322.73542464
brother 546.764981623 983.061708846 478.611987521 484.713716601 653.310454937 590.460876962
nonkin 908.306718385 1403.00027174 1318.30913106 1290.86682092 1091.21630901 1695.37227734
many_rivals 0 0 0 0 0 0
