Parameter Female_0 Female_1 Female_2 Female_3 Female_4 Female_5
Size 24.2897264935 26.9957400033 33.1431321141 23.8517267755 25.2314485348 30.5668263807
Profit 3.19182816419 3.54749352634 5.48211759731 3.14938676101 3.29577183812 4.39912553958
E values
no_rival 0.0736434432142 0.0818495309339 0.126486137475 0.0726642141005 0.0760416832369 0.10149880733
brother 0.023040087644 0.025607444248 0.0395724529704 0.0227337260235 0.0237904010175 0.0317549168612
nonkin 0.0416961811135 0.0463423859195 0.0716151861769 0.0411417513816 0.0430540406319 0.057467609722
many_rivals 0.0 0.0 0.0 0.0 0.0 0.0
Observed values
no_rival 256 273 265 287 269 208
brother 106 102 74 78 88 58
nonkin 91 95 114 137 109 76
many_rivals 0 0 0 0 0 0
Q values
no_rival 0.122416972083 0.115058292087 0.118215390309 0.120014168598 0.127471039181 0.109799608605
brother 0.0655476367078 0.0622648845906 0.0575163818826 0.0572284715558 0.059296551406 0.062529173004
nonkin 0.0936958653745 0.0955945894791 0.101777544245 0.101411931971 0.0899014020504 0.0959320682057
many_rivals 1 1 1 1 1 1
O' values
no_rival 2091.21329865 2372.71034576 2241.67089672 2391.38431197 2110.28325907 1894.36012243
brother 1617.1444971 1638.16251601 1286.58996929 1362.95794522 1484.06606984 927.567041328
nonkin 971.227488388 993.780092761 1120.08990634 1350.92584608 1212.43937819 792.227264788
many_rivals 0 0 0 0 0 0
