Parameter Female_0 Female_1 Female_2 Female_3 Female_4 Female_5
Size 19.9936365541 25.5042191792 33.9921698899 21.4691195644 27.1782643843 34.0995291534
Profit 2.89397663593 3.32946603883 5.96978970956 2.97068851008 3.57860367195 6.03716340133
E values
no_rival 0.0621528217939 0.0715056600013 0.128210874738 0.0638003331746 0.0768562930095 0.129657833572
brother 0.0194451318264 0.022371260788 0.0401120542707 0.019960572237 0.024045259831 0.0405647498114
nonkin 0.0351903061715 0.0404857896361 0.0725917151682 0.0361231106401 0.0435152645391 0.0734109687903
many_rivals 0.0 0.0 0.0 0.0 0.0 0.0
Observed values
no_rival 240 316 252 240 282 265
brother 59 70 57 51 41 41
nonkin 89 121 116 131 111 154
many_rivals 0 0 0 0 0 0
Q values
no_rival 0.113914255937 0.134767099458 0.128720492865 0.113482688333 0.12404577879 0.128330968168
brother 0.0585779710803 0.0573274544594 0.0643458626534 0.0630269836625 0.0653199175114 0.0621513543663
nonkin 0.101716603492 0.096040109455 0.0925289518605 0.101925267757 0.0956712667166 0.0983086775771
many_rivals 1 1 1 1 1 1
O' values
no_rival 2106.84780431 2344.78594011 1957.7302292 2114.86001544 2273.35426284 2064.9731221
brother 1007.20456704 1221.05543775 885.837840221 809.177229123 627.679910846 659.679912337
nonkin 874.980061705 1259.89027591 1253.66166662 1285.25539234 1160.22295731 1566.49447226
many_rivals 0 0 0 0 0 0
