Parameter Female_0 Female_1 Female_2 Female_3 Female_4 Female_5
Size 22.5109267578 28.8997658247 30.4461472787 19.1418022184 27.5701012429 34.123537851
Profit 3.03914437987 3.93080498001 4.36009835758 2.85843787178 3.64909312442 6.05241641595
E values
no_rival 0.0677012885756 0.0875643039694 0.0971274280613 0.063675792606 0.0812887693955 0.134826233682
brother 0.0211810251438 0.0273953681399 0.0303872871433 0.0199216084747 0.0254320043931 0.0421817354699
nonkin 0.0383317925786 0.0495780332644 0.0549925784941 0.0360525970156 0.0460248883441 0.0763372652486
many_rivals 0.0 0.0 0.0 0.0 0.0 0.0
Observed values
no_rival 247 264 248 269 237 240
brother 62 82 83 89 58 78
nonkin 73 103 157 178 97 125
many_rivals 0 0 0 0 0 0
Q values
no_rival 0.125374261709 0.122022806001 0.123704742727 0.122348190815 0.128035998082 0.123760911492
brother 0.0584688265974 0.0637705843969 0.0633971632255 0.0581258826574 0.0666728488954 0.048215976442
nonkin 0.094475324801 0.0965656725483 0.0912121433041 0.105594028843 0.0873433280667 0.111150547464
many_rivals 1 1 1 1 1 1
O' values
no_rival 1970.10133206 2163.52998798 2004.77358049 2198.64305477 1851.04192219 1939.22295099
brother 1060.39412124 1285.85931547 1309.20684424 1531.15954427 869.919329395 1617.72104924
nonkin 772.688531675 1066.63162262 1721.26204157 1685.70137867 1110.55992652 1124.60084859
many_rivals 0 0 0 0 0 0
