Parameter Female_0 Female_1 Female_2 Female_3 Female_4 Female_5
Size 20.4532031492 28.4878546132 34.093460925 20.9617754171 26.4343205561 33.2638990806
Profit 2.91563913691 3.83592363262 6.03331903006 2.94188861537 3.45820644287 5.54684368004
E values
no_rival 0.0870745214831 0.114558489261 0.180182917991 0.0878584527822 0.103278100294 0.165654505411
brother 0.0 0.0 0.0 0.0 0.0 0.0
nonkin 0.0308156731529 0.0405422493496 0.0637667346769 0.0310931064396 0.036550119694 0.0586251294648
many_rivals 0.0 0.0 0.0 0.0 0.0 0.0
Observed values
no_rival 328 303 317 325 300 295
brother 0 0 0 0 0 0
nonkin 128 140 143 117 131 108
many_rivals 0 0 0 0 0 0
Q values
no_rival 0.108729487024 0.119841030603 0.130927466957 0.120090001553 0.121238081935 0.11910926134
brother 1 1 1 1 1 1
nonkin 0.111724060957 0.120067575253 0.101451048864 0.111206786553 0.113648479813 0.112456171775
many_rivals 1 1 1 1 1 1
O' values
no_rival 3016.66097191 2528.34941819 2421.18790936 2706.30357063 2474.470028 2476.71756738
brother 0 0 0 0 0 0
nonkin 1145.67980168 1166.0100548 1409.54678735 1052.09406392 1152.67709885 960.374146612
many_rivals 0 0 0 0 0 0
