Parameter Female_0 Female_1 Female_2 Female_3 Female_4 Female_5
Size 21.6041709694 29.2063329512 32.0309398267 22.41137692 29.4196939958 33.076514722
Profit 2.97882737988 4.00632774895 4.95008545405 3.0320108188 4.06150804972 5.44703508025
E values
no_rival 0.0647694488955 0.0871106671527 0.107631046032 0.0659258307833 0.0883104673476 0.118436356079
brother 0.0202637697814 0.0272534433254 0.0336734490615 0.0206255554189 0.0276288128144 0.037053998363
nonkin 0.0366718142701 0.0493211886352 0.0609396219527 0.0373265461312 0.0500005035076 0.0670574804486
many_rivals 0.0 0.0 0.0 0.0 0.0 0.0
Observed values
no_rival 308 229 266 194 270 357
brother 44 47 46 51 51 44
nonkin 126 108 108 127 160 123
many_rivals 0 0 0 0 0 0
Q values
no_rival 0.123456184065 0.120950751341 0.132442583604 0.111435273423 0.126083267652 0.129919606339
brother 0.0625349154205 0.0705400138534 0.053562254766 0.0642446980945 0.0555896592652 0.0639570008714
nonkin 0.0982319903186 0.090925528221 0.101319772982 0.106738692431 0.100659554052 0.090944111475
many_rivals 1 1 1 1 1 1
O' values
no_rival 2494.81224722 1893.3325958 2008.41747995 1740.92093141 2141.44196156 2747.85315365
brother 703.606932289 666.288499712 858.813733682 793.839826673 917.436816022 687.962215246
nonkin 1282.6778689 1187.78523604 1065.93211593 1189.82158304 1589.51628097 1352.47898962
many_rivals 0 0 0 0 0 0
