Parameter Female_0 Female_1 Female_2 Female_3 Female_4 Female_5
Size 21.3578526131 26.3599823443 31.0079413397 19.4724426226 26.0489167218 30.7467065754
Profit 2.96413598342 3.44707226575 4.54952677716 2.87156328732 3.4021273911 4.45896044571
E values
no_rival 0.10092161423 0.117364418965 0.154900311222 0.0977697392908 0.115834155399 0.151816748114
brother 0.0 0.0 0.0 0.0 0.0 0.0
nonkin 0.0357161592762 0.0415352678719 0.0548192201414 0.034600710735 0.0409937075958 0.0537279471576
many_rivals 0.0 0.0 0.0 0.0 0.0 0.0
Observed values
no_rival 372 353 337 322 258 293
brother 0 0 0 0 0 0
nonkin 111 130 141 117 125 118
many_rivals 0 0 0 0 0 0
Q values
no_rival 0.123820304678 0.12672758268 0.131511160625 0.11439747295 0.112989983291 0.116886787348
brother 1 1 1 1 1 1
nonkin 0.110634484944 0.114749276581 0.112021172506 0.125164475528 0.118072501933 0.108747156418
many_rivals 1 1 1 1 1 1
O' values
no_rival 3004.35377678 2785.50251284 2562.52015722 2814.74749133 2283.38824811 2506.69906025
brother 0 0 0 0 0 0
nonkin 1003.30380763 1132.90474567 1258.69062826 934.770025649 1058.67156157 1085.08584396
many_rivals 0 0 0 0 0 0
