Parameter Female_0 Female_1 Female_2 Female_3 Female_4 Female_5
Size 24.6463999116 27.1045108894 30.7358067432 24.4217456879 25.5004127686 30.0070182326
Profit 3.2290560077 3.56590465285 4.45527709003 3.20531863192 3.32898390714 4.22530421557
E values
no_rival 0.0780764874911 0.0862212700427 0.107725720817 0.0775025330851 0.0804926795211 0.102165125333
brother 0.0244270098765 0.0269751865456 0.0337030690149 0.024247442501 0.025182939715 0.0319633811116
nonkin 0.0442061264526 0.0488176208855 0.0609932258696 0.0438811592074 0.045574150218 0.0578448723122
many_rivals 0.0 0.0 0.0 0.0 0.0 0.0
Observed values
no_rival 343 230 256 262 234 313
brother 67 54 91 82 106 55
nonkin 113 84 130 115 99 114
many_rivals 0 0 0 0 0 0
Q values
no_rival 0.122703595297 0.127885238412 0.130048981943 0.118585645884 0.112433625447 0.131562343646
brother 0.0718933618409 0.0600538290667 0.0636584090921 0.0680106260917 0.0682344887888 0.050241364884
nonkin 0.0826641623103 0.0887272093481 0.0940992462574 0.0949634662666 0.0925603255865 0.0998600967742
many_rivals 1 1 1 1 1 1
O' values
no_rival 2795.35411469 1798.48747875 1968.4890737 2209.37363917 2081.2279162 2379.10021459
brother 931.935832244 899.193287742 1429.50477867 1205.6939439 1553.46661024 1094.71548249
nonkin 1366.97689593 946.721987733 1381.52009894 1210.99202168 1069.57272863 1141.59713121
many_rivals 0 0 0 0 0 0
