Parameter Female_0 Female_1 Female_2 Female_3 Female_4 Female_5
Size 21.0760795897 25.3936783357 32.0757866721 20.669485509 26.5165576965 30.6754832857
Profit 2.94814046968 3.31560361085 4.96946275509 2.92649754368 3.47070567385 4.43502753911
E values
no_rival 0.0711045334837 0.0799671692686 0.119855663087 0.0705825399859 0.0837079882512 0.106965922214
brother 0.0222457643457 0.0250185285774 0.0374980427532 0.02208245346 0.0261888812043 0.033465358424
nonkin 0.0402586758132 0.0452766115682 0.0678610778829 0.0399631283146 0.0473946258679 0.0605630354985
many_rivals 0.0 0.0 0.0 0.0 0.0 0.0
Observed values
no_rival 285 279 317 274 223 275
brother 52 44 80 45 56 50
nonkin 153 147 139 104 105 79
many_rivals 0 0 0 0 0 0
Q values
no_rival 0.113994343263 0.123128733474 0.133600826186 0.124000527443 0.119823793541 0.118791133324
brother 0.0534562781358 0.065604781734 0.0631121859406 0.0523063544424 0.0671967175894 0.0653020814125
nonkin 0.111262773313 0.0987042540907 0.0982756520853 0.108172754764 0.0971121694362 0.0931833670801
many_rivals 1 1 1 1 1 1
O' values
no_rival 2500.1240574 2265.92113902 2372.73981792 2209.66802038 1861.06609889 2314.98759466
brother 972.757584579 670.682819713 1267.5840459 860.316121812 833.374039819 765.67237856
nonkin 1375.12301234 1489.29751158 1414.388987 961.425085522 1081.22391467 847.790785796
many_rivals 0 0 0 0 0 0
