Parameter Female_0 Female_1 Female_2 Female_3 Female_4 Female_5
Size 20.1617572419 28.4328489751 30.5871044676 19.2300085913 26.6002934712 31.0028610635
Profit 2.9016858658 3.82379847398 4.40577040766 2.86186028117 3.48363206276 4.54772293488
E values
no_rival 0.0701142981373 0.092395579198 0.10645794003 0.0691519806973 0.0841760370852 0.109887981142
brother 0.0219359593152 0.0289068809079 0.0333064311178 0.021634888681 0.0263353149625 0.0343795537802
nonkin 0.0396980144624 0.0523134529861 0.0602754210656 0.039153159951 0.0476596304373 0.062217476043
many_rivals 0.0 0.0 0.0 0.0 0.0 0.0
Observed values
no_rival 373 220 239 231 225 229
brother 83 55 90 52 106 61
nonkin 132 129 157 115 107 131
many_rivals 0 0 0 0 0 0
Q values
no_rival 0.129856155854 0.126686171916 0.123079898756 0.119306297597 0.112459086167 0.124882562339
brother 0.052554949122 0.0618779592371 0.0552092232012 0.0602555526726 0.0811426899279 0.0631826596281
nonkin 0.104446485892 0.100140498412 0.100962666109 0.0972145118322 0.0824336813592 0.0992851680004
many_rivals 1 1 1 1 1 1
O' values
no_rival 2872.409071 1736.57469219 1941.82805166 1936.19284692 2000.72762165 1833.72278492
brother 1579.29940732 888.846378873 1630.1624037 862.9910057 1306.34072021 965.454768113
nonkin 1263.80508519 1288.19011335 1555.03025079 1182.95095899 1298.0131208 1319.43172015
many_rivals 0 0 0 0 0 0
