Parameter Female_0 Female_1 Female_2 Female_3 Female_4 Female_5
Size 21.7327493395 25.0815525933 29.9724346814 23.1902985707 26.6928299384 30.9408350011
Profit 2.98676983215 3.27797581187 4.2151520391 3.09154562854 3.49815484122 4.52583733712
E values
no_rival 0.0736040061979 0.0807802962843 0.103875455508 0.0761860325342 0.0862062445667 0.111531781199
brother 0.0230277493791 0.0252729234955 0.0324984750101 0.0238355621386 0.0269704856752 0.034893833066
nonkin 0.0416738522692 0.0457369959532 0.0588132441539 0.0431357697605 0.0488091136112 0.0631481791973
many_rivals 0.0 0.0 0.0 0.0 0.0 0.0
Observed values
no_rival 256 277 294 254 270 204
brother 70 79 98 92 82 65
nonkin 136 122 137 60 77 108
many_rivals 0 0 0 0 0 0
Q values
no_rival 0.112568992955 0.131535750579 0.131111847152 0.116348236762 0.131864814687 0.131165257266
brother 0.0610379317879 0.0629990049011 0.0597034914283 0.0681527112445 0.0520124549371 0.0618314673931
nonkin 0.100401220749 0.0899357946873 0.0980127544287 0.089699762699 0.0966451221856 0.0923107773033
many_rivals 1 1 1 1 1 1
O' values
no_rival 2274.1608793 2105.89135486 2242.36029304 2183.10141235 2047.55150674 1555.2899011
brother 1146.82784868 1253.98806099 1641.44504208 1349.90961211 1576.54546587 1051.24466134
nonkin 1354.56520334 1356.52328891 1397.77726683 668.898090637 796.729294337 1169.96089899
many_rivals 0 0 0 0 0 0
