Parameter Female_0 Female_1 Female_2 Female_3 Female_4 Female_5
Size 24.3821484985 25.5098220799 29.9208815495 22.0647638211 28.311287797 33.0720548285
Profit 3.20123728642 3.3301763452 4.20013991795 3.0081857753 3.79744117119 5.44470197768
E values
no_rival 0.0741299881715 0.0771157871134 0.0972612445061 0.0696595584734 0.0879360834313 0.126081154594
brother 0.0231923080993 0.0241264451563 0.0304291529562 0.021793689464 0.0275116830623 0.0394457500264
nonkin 0.0419716580028 0.0436621875057 0.0550683440269 0.039440545412 0.049788531078 0.0713858889198
many_rivals 0.0 0.0 0.0 0.0 0.0 0.0
Observed values
no_rival 285 277 228 230 226 267
brother 58 111 107 71 48 70
nonkin 122 140 138 98 96 127
many_rivals 0 0 0 0 0 0
Q values
no_rival 0.127796520129 0.117970096758 0.113518816705 0.115772868923 0.109864727569 0.128899842056
brother 0.0561186099113 0.0731548121221 0.0575324406316 0.0644062872486 0.0647035181107 0.06710488782
nonkin 0.0944999996821 0.0854056428958 0.10340020573 0.0954171826501 0.0973665195554 0.0917368734984
many_rivals 1 1 1 1 1 1
O' values
no_rival 2230.10767204 2348.05266429 2008.47759532 1986.64853122 2057.07514142 2071.3756956
brother 1033.52524397 1517.33012197 1859.8202827 1102.37684911 741.845287576 1043.14308948
nonkin 1291.00529535 1639.23594804 1334.62016855 1027.06868174 985.965200752 1384.39424799
many_rivals 0 0 0 0 0 0
