Parameter Female_0 Female_1 Female_2 Female_3 Female_4 Female_5
Size 20.1729144685 25.7606650073 30.1431230484 21.8641411897 28.1459372692 29.8312656444
Profit 2.90220612541 3.36275290044 4.26590333229 2.9950861203 3.76253920612 4.17438657255
E values
no_rival 0.0719618031108 0.0833813146533 0.105775428217 0.0742648138606 0.0932942368142 0.103506219635
brother 0.0225139697213 0.0260866781024 0.0330929004718 0.0232344896644 0.0291880349297 0.0323829558749
nonkin 0.0407440533033 0.0472096665435 0.059888989702 0.0420479949597 0.0528222639418 0.058604186495
many_rivals 0.0 0.0 0.0 0.0 0.0 0.0
Observed values
no_rival 245 330 317 306 220 229
brother 23 38 51 53 37 39
nonkin 154 95 113 146 109 141
many_rivals 0 0 0 0 0 0
Q values
no_rival 0.11910539496 0.134344337124 0.133063444997 0.109632802339 0.121754239069 0.116311811412
brother 0.0641553514315 0.0603740024774 0.0526695380668 0.0667132029065 0.0631284625496 0.0587148512489
nonkin 0.099174311125 0.0904619860363 0.104097668544 0.100844028385 0.0980519279751 0.106819790773
many_rivals 1 1 1 1 1 1
O' values
no_rival 2057.00170073 2456.37447074 2382.32220733 2791.13544003 1806.91860655 1968.8456161
brother 358.50477765 629.409985104 968.301638326 794.445442445 586.106464591 664.227178822
nonkin 1552.82147416 1050.16487215 1085.51902824 1447.78032312 1111.65585676 1319.98011773
many_rivals 0 0 0 0 0 0
