Parameter Female_0 Female_1 Female_2 Female_3 Female_4 Female_5
Size 20.6285889759 25.6761108929 33.803735597 22.787798743 25.3130712899 31.4442566143
Profit 2.92441047641 3.35160055511 5.85476398319 3.05969844219 3.30567448035 4.71103166164
E values
no_rival 0.0930742144765 0.106670247362 0.186337575753 0.0973799784057 0.10520857385 0.149936397376
brother 0.0 0.0 0.0 0.0 0.0 0.0
nonkin 0.0329389645032 0.0377506005413 0.0659448680589 0.0344627743578 0.0372333142854 0.0530624910313
many_rivals 0.0 0.0 0.0 0.0 0.0 0.0
Observed values
no_rival 270 268 312 315 393 308
brother 0 0 0 0 0 0
nonkin 141 131 121 158 144 113
many_rivals 0 0 0 0 0 0
Q values
no_rival 0.105434881741 0.107834056288 0.142951371171 0.109610590078 0.118758836058 0.119300743903
brother 1 1 1 1 1 1
nonkin 0.127477975313 0.125736394151 0.099121782281 0.113941283538 0.113221437715 0.110008697877
many_rivals 1 1 1 1 1 1
O' values
no_rival 2560.82233453 2485.30018462 2182.56038711 2873.80990994 3309.22744822 2581.71064089
brother 0 0 0 0 0 0
nonkin 1106.07341899 1041.86222998 1220.72058447 1386.67913063 1271.84394498 1027.19150559
many_rivals 0 0 0 0 0 0
