Parameter Female_0 Female_1 Female_2 Female_3 Female_4 Female_5
Size 19.5734591837 29.217578855 33.7128760836 23.7329055711 26.462471941 34.4132897441
Profit 2.87573816599 4.00918148446 5.80073481927 3.13846106573 3.46246351886 6.24201194487
E values
no_rival 0.0599493059322 0.0835777228233 0.120925482864 0.0654261798973 0.0721805229788 0.130124601795
brother 0.0187557398539 0.0261481263625 0.0378327465687 0.0204692346427 0.0225823984192 0.0407107829175
nonkin 0.0339426975257 0.0473208708853 0.0684667991426 0.0370436487961 0.0408678903054 0.0736752482902
many_rivals 0.0 0.0 0.0 0.0 0.0 0.0
Observed values
no_rival 227 222 312 247 245 313
brother 79 77 46 76 55 77
nonkin 136 116 130 132 120 131
many_rivals 0 0 0 0 0 0
Q values
no_rival 0.117450729362 0.110410677705 0.134571643789 0.116962379649 0.128011763463 0.1367830933
brother 0.0593366529703 0.0650988940657 0.0619546169812 0.0740198721814 0.061477570973 0.0566238087255
nonkin 0.100452928228 0.0967378158558 0.0840055865347 0.0902632070404 0.0973962215406 0.0958735279975
many_rivals 1 1 1 1 1 1
O' values
no_rival 1932.72533285 2010.67509606 2318.4676297 2111.7901392 1913.88660989 2288.29449934
brother 1331.38618451 1182.81579288 742.478966725 1026.75130016 894.635216218 1359.85200807
nonkin 1353.86794988 1199.11741829 1547.51612795 1462.38987433 1232.08065058 1366.38342967
many_rivals 0 0 0 0 0 0
