Parameter Female_0 Female_1 Female_2 Female_3 Female_4 Female_5
Size 22.8332554856 26.8315305063 32.1763086406 22.5289590537 29.0852908314 32.8489305033
Profit 3.06317604436 3.52039956763 5.01349189387 3.04045083129 3.97598992288 5.33043225524
E values
no_rival 0.0680828920459 0.0782452527215 0.111431084091 0.0675777959608 0.0883713142096 0.118475477262
brother 0.0213004136055 0.0244798097665 0.0348623289686 0.0211423892443 0.0276478493636 0.037066237816
nonkin 0.0385478526475 0.0443016796384 0.0630911655013 0.0382618722951 0.0500349543923 0.0670796304707
many_rivals 0.0 0.0 0.0 0.0 0.0 0.0
Observed values
no_rival 264 209 291 263 271 270
brother 81 89 72 60 68 57
nonkin 85 128 154 73 124 134
many_rivals 0 0 0 0 0 0
Q values
no_rival 0.115922040616 0.104552113203 0.125238772925 0.126267788727 0.121258814805 0.135090668376
brother 0.0754721991923 0.0644525380756 0.0596515781738 0.060662586752 0.0632743840899 0.0583192430058
nonkin 0.0914821160855 0.101224556412 0.101768960966 0.0886389371505 0.0976991789038 0.0895869468666
many_rivals 1 1 1 1 1 1
O' values
no_rival 2277.39262177 1999.00311527 2323.56157126 2082.87483809 2234.88907125 1998.65766633
brother 1073.24287442 1380.86105928 1207.00913881 989.077505799 1074.68450271 977.378941532
nonkin 929.143352134 1264.51529685 1513.23152499 823.565831752 1269.20206896 1495.7536191
many_rivals 0 0 0 0 0 0
