Parameter Female_0 Female_1 Female_2 Female_3 Female_4 Female_5
Size 23.578607394 28.2151218674 29.9576871862 19.7895895478 25.9075711265 32.6123045945
Profit 3.12463134794 3.77701118694 4.21084279853 2.88494032568 3.3825542525 5.21435402815
E values
no_rival 0.0735971345595 0.088963199048 0.0991816088182 0.0679514853761 0.0796722149768 0.122818173512
brother 0.0230255995183 0.0278330264541 0.0310299581349 0.0212593017148 0.0249262491776 0.0384248937648
nonkin 0.0416699616163 0.050370073669 0.0561556350968 0.0384734515051 0.0451096113977 0.0695384216605
many_rivals 0.0 0.0 0.0 0.0 0.0 0.0
Observed values
no_rival 226 364 266 261 259 241
brother 48 51 45 59 65 49
nonkin 146 109 118 126 150 108
many_rivals 0 0 0 0 0 0
Q values
no_rival 0.115160542958 0.130408090241 0.130613278182 0.111483752631 0.113110846021 0.121879816933
brother 0.0565027941151 0.0636836597634 0.067720048764 0.0653691268803 0.0621307062704 0.0537345569534
nonkin 0.102919046039 0.0923569327493 0.0899034216398 0.107605455169 0.110067998318 0.109332463297
many_rivals 1 1 1 1 1 1
O' values
no_rival 1962.47772192 2791.23786973 2036.54638872 2341.1483184 2289.78925638 1977.35774523
brother 849.515510723 800.833372163 664.500407506 902.566743901 1046.18157272 911.889904341
nonkin 1418.59068481 1180.20376766 1312.51956653 1170.94435224 1362.79393004 987.812738721
many_rivals 0 0 0 0 0 0
