Parameter Female_0 Female_1 Female_2 Female_3 Female_4 Female_5
Size 23.5247230217 29.132142713 31.4332168223 21.7843402385 25.7614729231 33.3619885843
Profit 3.11989509886 3.98765129027 4.70678035075 2.99001083288 3.36286031546 5.60050387484
E values
no_rival 0.096954107822 0.123920568129 0.146268279914 0.0929178140594 0.104504514185 0.174041703113
brother 0.0 0.0 0.0 0.0 0.0 0.0
nonkin 0.0343120587582 0.0438554890608 0.0517643442614 0.0328836143956 0.0369841475702 0.0615933587316
many_rivals 0.0 0.0 0.0 0.0 0.0 0.0
Observed values
no_rival 257 359 314 309 300 340
brother 0 0 0 0 0 0
nonkin 127 144 128 134 85 165
many_rivals 0 0 0 0 0 0
Q values
no_rival 0.110002831621 0.12224820104 0.125777450765 0.113790929411 0.111449874833 0.132705159768
brother 1 1 1 1 1 1
nonkin 0.11628564171 0.115492057951 0.111896340552 0.112703418128 0.125007072983 0.112094966996
many_rivals 1 1 1 1 1 1
O' values
no_rival 2336.30349522 2936.64853098 2496.47292174 2715.50642568 2691.79306347 2562.07068809
brother 0 0 0 0 0 0
nonkin 1092.13827376 1246.83898231 1143.91587221 1188.96127753 679.961525148 1471.96617673
many_rivals 0 0 0 0 0 0
