Parameter Female_0 Female_1 Female_2 Female_3 Female_4 Female_5
Size 21.2367751489 25.1952174756 30.3462764075 22.9398215938 25.7086739066 32.6006939915
Profit 2.95715917055 3.29142449489 4.3284609802 3.07144574739 3.35587458468 5.20878972094
E values
no_rival 0.0983281508333 0.109442767712 0.143925145584 0.102128280322 0.111585790047 0.173196852723
brother 0.0 0.0 0.0 0.0 0.0 0.0
nonkin 0.0347983325799 0.0387317954934 0.0509351090224 0.0361431984059 0.0394902110976 0.0612943661787
many_rivals 0.0 0.0 0.0 0.0 0.0 0.0
Observed values
no_rival 277 367 368 336 246 394
brother 0 0 0 0 0 0
nonkin 69 164 155 134 115 174
many_rivals 0 0 0 0 0 0
Q values
no_rival 0.113500401801 0.119249416398 0.126670648609 0.112741254832 0.106708744929 0.136372737937
brother 1 1 1 1 1 1
nonkin 0.108341768281 0.12015979677 0.10910489359 0.117130049776 0.117682373728 0.111343586692
many_rivals 1 1 1 1 1 1
O' values
no_rival 2440.51999469 3077.58319566 2905.17182978 2980.27550342 2305.3405807 2889.14049801
brother 0 0 0 0 0 0
nonkin 636.873489282 1364.84917925 1420.65121829 1144.02751691 977.206665341 1562.73033023
many_rivals 0 0 0 0 0 0
