Parameter Female_0 Female_1 Female_2 Female_3 Female_4 Female_5
Size 22.5653438895 29.1439432464 29.9529872026 20.959353272 25.2891799339 30.6077389223
Profit 3.04310040883 3.99060459581 4.2094719556 2.94175757928 3.30276024301 4.41255801093
E values
no_rival 0.102631473982 0.134586959589 0.141968470786 0.0992135900559 0.111388750423 0.148817742386
brother 0.0 0.0 0.0 0.0 0.0 0.0
nonkin 0.0363212786424 0.0476303249986 0.0502426418113 0.0351116895208 0.0394204787746 0.0526665990302
many_rivals 0.0 0.0 0.0 0.0 0.0 0.0
Observed values
no_rival 271 302 321 360 271 334
brother 0 0 0 0 0 0
nonkin 107 165 155 120 154 139
many_rivals 0 0 0 0 0 0
Q values
no_rival 0.11187808179 0.113005009887 0.131714875367 0.122049718178 0.111425940261 0.134818696215
brother 1 1 1 1 1 1
nonkin 0.110152582644 0.1112017222 0.113609307862 0.12518014359 0.123207813142 0.111472182403
many_rivals 1 1 1 1 1 1
O' values
no_rival 2422.27964283 2672.44788795 2437.08236526 2949.61762611 2432.10871153 2477.40120159
brother 0 0 0 0 0 0
nonkin 971.379857213 1483.78996958 1364.32483321 958.618488195 1249.92073207 1246.94786631
many_rivals 0 0 0 0 0 0
