Parameter Female_0 Female_1 Female_2 Female_3 Female_4 Female_5
Size 19.2067142347 28.7219997787 32.5689375224 22.2220057713 26.2527338486 32.2138440925
Profit 2.86095095785 3.88895821117 5.19363230427 3.01880258813 3.43127960796 5.03014635685
E values
no_rival 0.065000288052 0.0883564268217 0.117998386127 0.0685866485275 0.0779580517773 0.114284014985
brother 0.02033599012 0.0276431916954 0.0369169750836 0.0214580188583 0.024389956079 0.0357548969282
nonkin 0.0368025130922 0.0500265253022 0.066809506241 0.0388330745298 0.0441390693358 0.0647064664444
many_rivals 0.0 0.0 0.0 0.0 0.0 0.0
Observed values
no_rival 257 271 314 243 271 252
brother 49 51 50 43 35 73
nonkin 140 80 159 119 146 129
many_rivals 0 0 0 0 0 0
Q values
no_rival 0.112173207632 0.127175925026 0.127301002448 0.117943795654 0.121091712318 0.121660798824
brother 0.0699076436481 0.0560306809791 0.0570627477144 0.0639359075286 0.057529496688 0.0613926755803
nonkin 0.0984051722402 0.0953021703903 0.106427413525 0.101453383536 0.108739001985 0.0989217096768
many_rivals 1 1 1 1 1 1
O' values
no_rival 2291.09967901 2130.90645846 2466.59487327 2060.30337291 2237.97314294 2071.33277469
brother 700.924783657 910.215601681 876.228397732 672.548520263 608.383559999 1189.06692549
nonkin 1422.68944622 839.435237124 1493.97598545 1172.95250146 1342.66452087 1304.06156971
many_rivals 0 0 0 0 0 0
