Parameter Female_0 Female_1 Female_2 Female_3 Female_4 Female_5
Size 21.7430972103 25.204158827 31.9942994651 22.8630765608 27.8136291314 32.825626828
Profit 2.987417389 3.29249462186 4.93437436353 3.06547359959 3.69558213885 5.31877075879
E values
no_rival 0.0682513730269 0.075221252796 0.112732096485 0.0700346670404 0.0844303029228 0.121514124019
brother 0.0213531245652 0.0235337211498 0.0352693637064 0.0219110459303 0.0264148645724 0.0380169088405
nonkin 0.0386432448941 0.0425895211206 0.0638277857091 0.0396529281316 0.0478035932119 0.0688000818781
many_rivals 0.0 0.0 0.0 0.0 0.0 0.0
Observed values
no_rival 278 303 289 275 278 234
brother 44 49 35 45 47 47
nonkin 121 136 131 143 112 131
many_rivals 0 0 0 0 0 0
Q values
no_rival 0.118440514306 0.117600981375 0.122362603014 0.114011609633 0.109100448879 0.118455724819
brother 0.0672643220973 0.0608652706179 0.0492824019579 0.0715761683237 0.067013162013 0.0618434298772
nonkin 0.0905076962207 0.0995020956154 0.114412168596 0.0942344648035 0.100923714776 0.102194908719
many_rivals 1 1 1 1 1 1
O' values
no_rival 2347.16981457 2576.50911121 2361.83272406 2412.03506278 2548.11050602 1975.42162151
brother 654.135782954 805.056800085 710.192657207 628.70087983 701.354757605 759.983721688
nonkin 1336.90288288 1366.80538394 1144.98310458 1517.49150694 1109.74908374 1281.86424981
many_rivals 0 0 0 0 0 0
