Parameter Female_0 Female_1 Female_2 Female_3 Female_4 Female_5
Size 19.6259524361 27.821176754 30.6987219873 20.2912600806 27.7701614105 32.9885859027
Profit 2.87793903318 3.69705711961 4.44280129126 2.90779201294 3.68712800283 5.40139456997
E values
no_rival 0.0665501486976 0.0854916307182 0.102736396831 0.0672404761227 0.0852620274532 0.124903136468
brother 0.0208208795215 0.0267469115865 0.0321421091125 0.0210368553598 0.026675077909 0.0390771952752
nonkin 0.0376800286911 0.0484045063963 0.0581683205217 0.0380708851759 0.0482745073237 0.0707189068365
many_rivals 0.0 0.0 0.0 0.0 0.0 0.0
Observed values
no_rival 205 303 318 213 295 333
brother 33 56 30 53 68 32
nonkin 123 93 178 130 131 158
many_rivals 0 0 0 0 0 0
Q values
no_rival 0.107730725399 0.126329713745 0.128625017859 0.114019884827 0.116243013455 0.132308214469
brother 0.0583622120177 0.0630222266278 0.0572262395264 0.0664865577059 0.0626562232005 0.0545331286798
nonkin 0.109511842986 0.0930722574823 0.102902329803 0.0979937210658 0.0998247115617 0.0994643814624
many_rivals 1 1 1 1 1 1
O' values
no_rival 1902.89259856 2398.48560579 2472.30286372 1868.09520394 2537.78692785 2516.8505322
brother 565.434359993 888.575396277 524.235040574 797.153617644 1085.28724724 586.799268164
nonkin 1123.16619505 999.223641026 1729.79562602 1326.61560951 1312.30031072 1588.50834517
many_rivals 0 0 0 0 0 0
