Parameter Female_0 Female_1 Female_2 Female_3 Female_4 Female_5
Size 21.1489300612 26.8958872915 32.0817149379 20.4282755274 28.4873794809 32.7759175728
Profit 2.95219542869 3.53091900885 4.97203642593 2.9144156885 3.83581836112 5.29406497478
E values
no_rival 0.0668573365406 0.0799634868947 0.112599968617 0.0660017519884 0.0868684358041 0.119892836446
brother 0.0209169863101 0.0250173765099 0.0352280261815 0.0206493081271 0.0271776588257 0.0375096728103
nonkin 0.0378539553759 0.0452745266449 0.0637529762312 0.0373695319583 0.0491840396679 0.0678821250671
many_rivals 0.0 0.0 0.0 0.0 0.0 0.0
Observed values
no_rival 229 263 241 288 298 296
brother 43 26 35 44 48 52
nonkin 103 92 181 120 149 144
many_rivals 0 0 0 0 0 0
Q values
no_rival 0.115208386562 0.124216585327 0.110408514251 0.124048623629 0.114952027865 0.123925321116
brother 0.0541134541939 0.0682340605262 0.0616336076367 0.0620208256203 0.063777348825 0.0520843073885
nonkin 0.108525735241 0.0881196374835 0.110170253194 0.099816795923 0.108282665704 0.113330736684
many_rivals 1 1 1 1 1 1
O' values
no_rival 1987.70251744 2117.26960057 2182.80267274 2321.67025779 2592.38575894 2388.53526733
brother 794.626782573 381.041371414 567.871999418 709.43912081 752.618302333 998.381328414
nonkin 949.083641507 1044.03516205 1642.91171847 1202.20248396 1376.02818541 1270.61734718
many_rivals 0 0 0 0 0 0
