Parameter Female_0 Female_1 Female_2 Female_3 Female_4 Female_5
Size 21.5880209553 27.5191007865 30.612182774 20.0718500339 29.1102537222 30.4696369006
Profit 2.97784322684 3.63962290255 4.41402323075 2.89753295346 3.98219041291 4.36762583053
E values
no_rival 0.0711329708106 0.0869411751953 0.105439595611 0.0692145661476 0.095124226773 0.104331281753
brother 0.0222546612478 0.0272004160716 0.0329878318828 0.0216544691649 0.0297605655882 0.0326410848092
nonkin 0.0402747767432 0.0492252239839 0.0596988446389 0.0391885952071 0.0538583859566 0.0590713284156
many_rivals 0.0 0.0 0.0 0.0 0.0 0.0
Observed values
no_rival 245 302 272 280 283 276
brother 55 47 52 36 49 39
nonkin 129 160 95 111 156 145
many_rivals 0 0 0 0 0 0
Q values
no_rival 0.114292747965 0.128795191144 0.119903970358 0.120304163295 0.123235602676 0.123636286621
brother 0.066418691632 0.0547295643453 0.0669939192122 0.0572166005367 0.0557662850431 0.0652251566104
nonkin 0.0976590029576 0.106095218457 0.0948412806519 0.1020089902 0.102930334828 0.0963248634707
many_rivals 1 1 1 1 1 1
O' values
no_rival 2143.61807168 2344.80804226 2268.48201264 2327.43400005 2296.41429794 2232.35433175
brother 828.080148051 858.768027157 776.189848444 629.188026942 878.667100778 597.928805797
nonkin 1320.92276281 1508.07927377 1001.67352599 1088.13938637 1515.58819138 1505.32266307
many_rivals 0 0 0 0 0 0
