Parameter Female_0 Female_1 Female_2 Female_3 Female_4 Female_5
Size 20.6934100855 28.6141416438 34.142657839 19.7347747347 27.6108407386 30.6515519583
Profit 2.92772591601 3.86423892259 6.06461273472 2.88257110528 3.65672326506 4.42705737871
E values
no_rival 0.0654028868554 0.0863237844956 0.135478248951 0.0643941670975 0.0816880626216 0.0988966662687
brother 0.0204619471816 0.0270072592173 0.0423857249669 0.0201463591181 0.0255569272718 0.0309408110088
nonkin 0.0370304605087 0.0488756635436 0.0767064297738 0.0364593334689 0.0462509641757 0.0559943034747
many_rivals 0.0 0.0 0.0 0.0 0.0 0.0
Observed values
no_rival 216 316 262 238 279 292
brother 38 34 29 47 53 41
nonkin 91 143 137 129 170 147
many_rivals 0 0 0 0 0 0
Q values
no_rival 0.120704694428 0.112018239263 0.13662412049 0.108193437862 0.109747518425 0.122388170579
brother 0.0667767251335 0.0642655810225 0.0585583542617 0.0698806764295 0.0658813004335 0.0538457107307
nonkin 0.0909886940787 0.101336437336 0.0936770764661 0.107985851527 0.0991836651334 0.104700315651
many_rivals 1 1 1 1 1 1
O' values
no_rival 1789.49129547 2820.96917502 1917.67016732 2199.763726 2542.19871213 2385.85149708
brother 569.060551023 529.054580368 495.232496979 672.575057962 804.477137689 761.434837495
nonkin 1000.12425633 1411.14098502 1462.47091784 1194.6009424 1713.9919136 1404.0072285
many_rivals 0 0 0 0 0 0
