Parameter Female_0 Female_1 Female_2 Female_3 Female_4 Female_5
Size 20.3250654995 28.7503298942 32.8122004382 21.6015875488 25.2806484784 30.4445004291
Profit 2.90941049064 3.89553424144 5.31207507499 2.97866975074 3.30172274284 4.35957185034
E values
no_rival 0.0944286335494 0.126434539419 0.172410181464 0.0966765312983 0.10716162878 0.141495472712
brother 0.0 0.0 0.0 0.0 0.0 0.0
nonkin 0.0334182934131 0.0447451835003 0.06101596322 0.0342138244265 0.0379245004251 0.0500752477929
many_rivals 0.0 0.0 0.0 0.0 0.0 0.0
Observed values
no_rival 381 293 330 367 321 231
brother 0 0 0 0 0 0
nonkin 129 130 113 154 188 92
many_rivals 0 0 0 0 0 0
Q values
no_rival 0.121235235065 0.111343264798 0.141726262068 0.12438867824 0.119031166679 0.118899186677
brother 1 1 1 1 1 1
nonkin 0.109796385942 0.112810926295 0.100051365653 0.105416820537 0.129875811987 0.120839333707
many_rivals 1 1 1 1 1 1
O' values
no_rival 3142.65073018 2631.50178443 2328.43225514 2950.42929302 2696.7726937 1942.82237294
brother 0 0 0 0 0 0
nonkin 1174.90205979 1152.37064591 1129.41986611 1460.86743288 1447.53666694 761.341503445
many_rivals 0 0 0 0 0 0
