Parameter Female_0 Female_1 Female_2 Female_3 Female_4 Female_5
Size 21.0211673945 26.9322629367 34.4296468497 19.8201777059 26.2974151442 30.8966920798
Profit 2.94512034496 3.53692112508 6.2530249466 2.8862730281 3.43782052892 4.51041586667
E values
no_rival 0.0664986674021 0.0798610969928 0.141188738481 0.065169937947 0.0776234778765 0.10184189759
brother 0.0208047730834 0.0249853428052 0.0441723087213 0.0203890667861 0.0242852812884 0.0318622560801
nonkin 0.0376508804964 0.0452165545063 0.0799396518408 0.0368985671662 0.0439496369389 0.0576618639967
many_rivals 0.0 0.0 0.0 0.0 0.0 0.0
Observed values
no_rival 286 234 308 302 236 237
brother 50 37 42 97 37 49
nonkin 101 124 122 158 175 135
many_rivals 0 0 0 0 0 0
Q values
no_rival 0.118025313647 0.122531751043 0.135111162557 0.110508776141 0.113994679888 0.120894856035
brother 0.0645238678159 0.0606315937673 0.0555062837465 0.0704005752647 0.065278934055 0.0572137105145
nonkin 0.086823780973 0.0990473538585 0.0964346422222 0.101771399972 0.100717627486 0.100025509692
many_rivals 1 1 1 1 1 1
O' values
no_rival 2423.20898087 1909.70909996 2279.60439516 2732.81462837 2070.27205332 1960.38117562
brother 774.907049011 610.242906396 756.671085958 1377.82965033 566.798470834 856.438073311
nonkin 1163.27576233 1251.92642882 1265.10553872 1552.49903258 1737.53099997 1349.65570699
many_rivals 0 0 0 0 0 0
