Parameter Female_0 Female_1 Female_2 Female_3 Female_4 Female_5
Size 19.9997510377 26.2884594937 30.7267923521 21.7387690268 25.8183853912 33.1620419482
Profit 2.89425278419 3.43650511583 4.45223655344 2.98714638397 3.37046806287 5.49215605405
E values
no_rival 0.0680550739207 0.0808055229192 0.104689296461 0.0702393616354 0.0792527364642 0.12914182489
brother 0.0212917104268 0.0252808159005 0.0327530932907 0.0219750866813 0.0247950111302 0.040403311335
nonkin 0.0385321023032 0.0457512790216 0.0592740327632 0.0397688241644 0.0448721068587 0.0731188098343
many_rivals 0.0 0.0 0.0 0.0 0.0 0.0
Observed values
no_rival 269 282 302 198 241 352
brother 47 55 29 20 36 67
nonkin 162 96 159 108 122 107
many_rivals 0 0 0 0 0 0
Q values
no_rival 0.118229314788 0.123498460037 0.130665955709 0.121335550206 0.131288517753 0.139913359088
brother 0.0675657588035 0.0649925759201 0.0464226644101 0.0681277857942 0.0604206667104 0.0550417048796
nonkin 0.0927169054469 0.100253470867 0.109451131869 0.101667157441 0.0967799485728 0.0931103442765
many_rivals 1 1 1 1 1 1
O' values
no_rival 2275.23944025 2283.42928257 2311.23706524 1631.83831667 1835.65177004 2515.84267789
brother 695.618621507 846.25050202 624.69486335 293.565977036 595.822620967 1217.25880669
nonkin 1747.25417354 957.572831836 1452.70311311 1062.28995399 1260.59170106 1149.17414205
many_rivals 0 0 0 0 0 0
