Parameter Female_0 Female_1 Female_2 Female_3 Female_4 Female_5
Size 23.227490894 27.5203849494 31.3929605258 24.7835956878 29.2378941381 30.8742619346
Profit 3.09461140576 3.63986024881 4.69135232541 3.24405135497 4.014351908 4.50262854504
E values
no_rival 0.0710274011668 0.0835419315014 0.107675736932 0.0744573410952 0.0921372495635 0.103344156032
brother 0.0222216327291 0.0261369286895 0.0336874310564 0.023294723735 0.0288260598984 0.032332252656
nonkin 0.0402150042667 0.0473006061968 0.0609649254933 0.0421570019547 0.0521671893304 0.0585124277035
many_rivals 0.0 0.0 0.0 0.0 0.0 0.0
Observed values
no_rival 237 263 263 260 247 270
brother 59 94 88 48 106 58
nonkin 97 138 95 86 121 154
many_rivals 0 0 0 0 0 0
Q values
no_rival 0.11634732789 0.126556531794 0.124933122473 0.132414858197 0.121816509881 0.121251666341
brother 0.064526295329 0.0642648532175 0.0691996155178 0.0567577709504 0.0653901749183 0.052712708793
nonkin 0.0927317420784 0.0963838026223 0.0897487377042 0.0962764171138 0.0973071795422 0.105171469985
many_rivals 1 1 1 1 1 1
O' values
no_rival 2037.00423807 2078.12268772 2105.12628512 1963.52587271 2027.63976936 2226.77352113
brother 914.35591799 1462.69687541 1271.68336618 845.699173809 1621.03863665 1100.30391775
nonkin 1046.02801399 1431.77584039 1058.51070923 893.261325859 1243.48481345 1464.27543537
many_rivals 0 0 0 0 0 0
