Parameter Female_0 Female_1 Female_2 Female_3 Female_4 Female_5
Size 24.6587919822 28.7131460435 32.914985367 21.6886819708 29.089690119 31.7546654867
Profit 3.23039467171 3.88691021508 5.36376504228 2.98402616183 3.97708055106 4.83423761268
E values
no_rival 0.0708162147211 0.0852082474018 0.117583631583 0.0654153621723 0.0871849476268 0.105975412785
brother 0.0221555609377 0.0266582522821 0.0367872149772 0.0204658502092 0.0272766827145 0.0331554676438
nonkin 0.040095432613 0.0482440575964 0.0665746763662 0.0370375239084 0.0493632454968 0.0600022189646
many_rivals 0.0 0.0 0.0 0.0 0.0 0.0
Observed values
no_rival 281 299 257 255 307 261
brother 38 37 25 62 42 43
nonkin 139 158 121 72 206 155
many_rivals 0 0 0 0 0 0
Q values
no_rival 0.117395458414 0.113300012601 0.130999357896 0.114011496768 0.126874842895 0.12704848496
brother 0.0639829068261 0.0728182800027 0.0554466927017 0.0734462272672 0.0573590669198 0.0597173339142
nonkin 0.104186400034 0.0970202437408 0.103868683224 0.0892419483503 0.107072584419 0.0983774439416
many_rivals 1 1 1 1 1 1
O' values
no_rival 2393.61900192 2639.01118046 1961.84167715 2236.61654507 2419.70742974 2054.33382446
brother 593.908621615 508.114171313 450.883520402 844.15500029 732.229484464 720.058937356
nonkin 1334.14725871 1628.52610866 1164.93245359 806.795473776 1923.92853051 1575.56441588
many_rivals 0 0 0 0 0 0
