Parameter Female_0 Female_1 Female_2 Female_3 Female_4 Female_5
Size 23.5110399512 25.9454937551 32.1909430643 23.3263161893 27.4354749248 31.6184310868
Profit 3.11869999587 3.38775491012 5.01997125794 3.1028621488 3.62428896316 4.77928108735
E values
no_rival 0.100009020664 0.108636948491 0.160978103034 0.0995011399518 0.11622201247 0.153259762611
brother 0.0 0.0 0.0 0.0 0.0 0.0
nonkin 0.035393192413 0.038446616071 0.0569701506637 0.035213453429 0.041130970213 0.0542386299882
many_rivals 0.0 0.0 0.0 0.0 0.0 0.0
Observed values
no_rival 257 367 263 265 331 333
brother 0 0 0 0 0 0
nonkin 128 154 134 142 183 147
many_rivals 0 0 0 0 0 0
Q values
no_rival 0.103661964719 0.119725353596 0.120499281913 0.109533847609 0.115696035468 0.127215587973
brother 1 1 1 1 1 1
nonkin 0.108187513902 0.114485066981 0.115550797677 0.124725021422 0.10709215732 0.106173672371
many_rivals 1 1 1 1 1 1
O' values
no_rival 2479.21212662 3065.34905914 2182.58562064 2419.34347952 2860.94505021 2617.60374893
brother 0 0 0 0 0 0
nonkin 1183.13098603 1345.15360004 1159.66313252 1138.50451482 1708.80860541 1384.52402293
many_rivals 0 0 0 0 0 0
