Parameter Female_0 Female_1 Female_2 Female_3 Female_4 Female_5
Size 20.1695908452 29.3899390637 30.3706706509 19.5322128297 26.8981054228 32.7053001644
Profit 2.9020510317 4.0536797492 4.33613412024 2.87402396193 3.53128383906 5.25936088707
E values
no_rival 0.0933710292522 0.130423705961 0.139511435657 0.0924692820665 0.113616060859 0.169215473426
brother 0.0 0.0 0.0 0.0 0.0 0.0
nonkin 0.0330440072523 0.0461569495396 0.0493730970791 0.0327248789233 0.0402087239381 0.0598853560454
many_rivals 0.0 0.0 0.0 0.0 0.0 0.0
Observed values
no_rival 283 270 399 322 264 235
brother 0 0 0 0 0 0
nonkin 205 148 164 113 185 161
many_rivals 0 0 0 0 0 0
Q values
no_rival 0.101849069563 0.121769623075 0.125921189151 0.119330374244 0.108173768895 0.119835428687
brother 1 1 1 1 1 1
nonkin 0.121932541406 0.116509311151 0.108483867893 0.11228265638 0.118614467953 0.108993258335
many_rivals 1 1 1 1 1 1
O' values
no_rival 2778.6213582 2217.30176362 3168.64860227 2698.39093391 2440.51772159 1961.02273405
brother 0 0 0 0 0 0
nonkin 1681.25750219 1270.2847398 1511.7455082 1006.3887304 1559.67482882 1477.15558246
many_rivals 0 0 0 0 0 0
