Parameter Female_0 Female_1 Female_2 Female_3 Female_4 Female_5
Size 24.2665564429 25.295163895 32.4850380343 19.519828266 26.9356131284 33.7921321428
Profit 3.18949473796 3.30348893531 5.15401800572 2.87351183771 3.53747597856 5.84781272194
E values
no_rival 0.0710035775525 0.0735412822667 0.11473720675 0.0639692607701 0.078750231814 0.130182257137
brother 0.0222141792731 0.02300812557 0.0358966825037 0.0200134229245 0.0246377975253 0.040728820968
nonkin 0.0402015155745 0.0416383386066 0.0649630590896 0.0362187557554 0.0445875937507 0.0737078921686
many_rivals 0.0 0.0 0.0 0.0 0.0 0.0
Observed values
no_rival 291 280 232 226 258 282
brother 49 63 96 46 82 49
nonkin 142 118 135 110 120 101
many_rivals 0 0 0 0 0 0
Q values
no_rival 0.122847284686 0.119516377592 0.118689730373 0.120123683673 0.113376350803 0.137951276858
brother 0.0538923314676 0.0603751048 0.0590511062071 0.0630503368668 0.0618095094769 0.0671779965681
nonkin 0.102630777306 0.0985787645197 0.100408571391 0.0941342167688 0.104031034232 0.0835879340998
many_rivals 1 1 1 1 1 1
O' values
no_rival 2368.79472544 2342.77515468 1954.67627461 1881.39418548 2275.60684545 2044.19999889
brother 909.220266885 1043.47644959 1625.71044247 729.575800637 1326.65670208 729.405497384
nonkin 1383.60055071 1197.01236443 1344.50673015 1168.54427408 1153.50194185 1208.30836517
many_rivals 0 0 0 0 0 0
