Parameter Female_0 Female_1 Female_2 Female_3 Female_4 Female_5
Size 19.6357953566 28.3598608204 30.2458879173 21.4139594686 28.3673620335 30.7837212579
Profit 2.87835412873 3.80790100113 4.29725050757 2.96742305463 3.80952483005 4.47152501275
E values
no_rival 0.0689013567758 0.0911526287982 0.102866560936 0.071033467547 0.0911914996287 0.107038302605
brother 0.0215564784809 0.0285180114458 0.0321828322543 0.0222235306567 0.0285301725738 0.033488003353
nonkin 0.0390112591929 0.0516097068992 0.0582420181361 0.0402184389904 0.0516317151748 0.0606040165518
many_rivals 0.0 0.0 0.0 0.0 0.0 0.0
Observed values
no_rival 293 239 329 236 298 208
brother 103 59 57 62 77 121
nonkin 85 96 141 137 117 72
many_rivals 0 0 0 0 0 0
Q values
no_rival 0.123157929372 0.124331867942 0.127089150798 0.120834353245 0.11577688537 0.124583286614
brother 0.0686165307603 0.0663946812204 0.0539947436061 0.0635026692404 0.0585371782064 0.0761046719925
nonkin 0.0925209474869 0.090428142396 0.105915386553 0.101520686977 0.111871411889 0.0802341177672
many_rivals 1 1 1 1 1 1
O' values
no_rival 2379.05916002 1922.27466663 2588.73395514 1953.08696295 2573.91619274 1669.56584349
brother 1501.09600207 888.62539763 1055.658314 976.336912159 1315.40334466 1589.91553123
nonkin 918.710868283 1061.61641118 1331.2513374 1349.47865385 1045.84359869 897.373860443
many_rivals 0 0 0 0 0 0
