Parameter Female_0 Female_1 Female_2 Female_3 Female_4 Female_5
Size 22.9047824336 29.071703303 33.3657171501 19.9504092694 26.169212963 33.999986758
Profit 3.06870841631 3.9726271051 5.60256311373 2.89203335879 3.41919877318 5.97464961228
E values
no_rival 0.0655086780236 0.0848049128919 0.119599666483 0.0617371403316 0.0729907052559 0.127542713304
brother 0.0204950450065 0.0265320650474 0.0374179516559 0.0193150817242 0.0228358720464 0.0399030132843
nonkin 0.0370903584102 0.0480156936303 0.067716135166 0.0349549514844 0.0413266074089 0.0722134088456
many_rivals 0.0 0.0 0.0 0.0 0.0 0.0
Observed values
no_rival 200 209 303 267 275 339
brother 76 35 78 63 74 106
nonkin 81 141 129 116 116 113
many_rivals 0 0 0 0 0 0
Q values
no_rival 0.118627395981 0.116927622493 0.131158092027 0.122338392923 0.110173239485 0.141171147174
brother 0.0690415654593 0.0561348569718 0.0624435896258 0.059154836842 0.0626879484259 0.0611581900383
nonkin 0.0904239993219 0.110417466172 0.0868418649207 0.100815395283 0.097409464357 0.0833975252702
many_rivals 1 1 1 1 1 1
O' values
no_rival 1685.95119489 1787.43051081 2310.18914134 2182.47104298 2496.06893003 2401.34054859
brother 1100.78616402 623.498515683 1249.12741992 1065.00166957 1180.45017995 1733.21021982
nonkin 895.779888165 1276.97188577 1485.45865658 1150.61791579 1190.84937758 1354.95627279
many_rivals 0 0 0 0 0 0
