Parameter Female_0 Female_1 Female_2 Female_3 Female_4 Female_5
Size 24.879686598 25.3783501301 32.0444173926 23.5411215156 29.443185022 30.562007005
Profit 3.25478582552 3.31370392983 4.95589170475 3.12133141257 4.06771925687 4.39755000073
E values
no_rival 0.0749489715352 0.0763056971569 0.114120868844 0.0718758750142 0.0936686440029 0.101263759737
brother 0.0234485352345 0.0238730004125 0.0357038550267 0.0224870862569 0.0293051719628 0.0316813798712
nonkin 0.0424353581935 0.0432035226733 0.064614094731 0.0406954016743 0.053034249548 0.0573345281252
many_rivals 0.0 0.0 0.0 0.0 0.0 0.0
Observed values
no_rival 231 211 274 218 247 293
brother 60 70 74 78 39 101
nonkin 114 108 151 148 147 114
many_rivals 0 0 0 0 0 0
Q values
no_rival 0.128135827703 0.114820613619 0.126483095843 0.107350898293 0.121690346308 0.131052470322
brother 0.0586253035469 0.0660623950126 0.0657546140996 0.0604168967381 0.0662872496409 0.063191314474
nonkin 0.0936481088508 0.101397083346 0.0953575421891 0.103862185389 0.095079182569 0.0929061004925
many_rivals 1 1 1 1 1 1
O' values
no_rival 1802.77447877 1837.6491237 2166.29738681 2030.72357537 2029.74194333 2235.74572292
brother 1023.4488586 1059.60433294 1125.39630889 1291.02956642 588.348441235 1598.3209218
nonkin 1217.32303406 1065.11939433 1583.51396789 1424.96520216 1546.07976245 1227.04536511
many_rivals 0 0 0 0 0 0
