Parameter Female_0 Female_1 Female_2 Female_3 Female_4 Female_5
Size 21.2408458202 28.5759837501 29.9788949644 22.3883642603 28.291903882 32.6506549859
Profit 2.95739117237 3.85561267361 4.21704349624 3.03038061604 3.79329348714 5.23281944298
E values
no_rival 0.0946157241321 0.123352496787 0.134915741895 0.0969508731416 0.121358720985 0.167413430281
brother 0.0 0.0 0.0 0.0 0.0 0.0
nonkin 0.0334845047704 0.0436544486128 0.0477466810566 0.0343109140048 0.0429488513566 0.0592476129766
many_rivals 0.0 0.0 0.0 0.0 0.0 0.0
Observed values
no_rival 306 335 375 256 386 282
brother 0 0 0 0 0 0
nonkin 115 82 150 141 131 101
many_rivals 0 0 0 0 0 0
Q values
no_rival 0.116648706779 0.132536447308 0.138505837368 0.112421937655 0.138752437746 0.129830511402
brother 1 1 1 1 1 1
nonkin 0.104820200303 0.112412971619 0.114175934213 0.116873070994 0.119821712288 0.121215713627
many_rivals 1 1 1 1 1 1
O' values
no_rival 2623.26097262 2527.60660788 2707.46711565 2277.13563153 2781.93310525 2172.0626142
brother 0 0 0 0 0 0
nonkin 1097.11677394 729.453183371 1313.76196774 1206.43702438 1093.29100293 833.225305348
many_rivals 0 0 0 0 0 0
