Parameter Female_0 Female_1 Female_2 Female_3 Female_4 Female_5
Size 24.352820466 25.0953232024 34.6998649434 19.6105175145 28.1237710589 31.5760645235
Profit 3.19823385279 3.27958993053 6.43992779622 2.87728965082 3.75794202403 4.76247445412
E values
no_rival 0.0699986123053 0.0717792239824 0.140948420232 0.0629742201568 0.0822487469379 0.104234592676
brother 0.0218997658458 0.0224568480151 0.0440971227537 0.0197021145182 0.025732342967 0.0326108346646
nonkin 0.0396325143012 0.0406406788266 0.079803586051 0.0356553737106 0.0465684180288 0.0590165840273
many_rivals 0.0 0.0 0.0 0.0 0.0 0.0
Observed values
no_rival 302 283 220 268 190 329
brother 40 64 56 37 52 44
nonkin 117 144 136 137 117 153
many_rivals 0 0 0 0 0 0
Q values
no_rival 0.121727382703 0.120558812764 0.128033051635 0.108882844068 0.10669402741 0.124272437749
brother 0.0576706339996 0.0601343923821 0.0635325332557 0.0602142402453 0.0714304147725 0.0646917600619
nonkin 0.100215247164 0.102602489082 0.0996266562455 0.103391079244 0.0955328710579 0.0960836063488
many_rivals 1 1 1 1 1 1
O' values
no_rival 2480.95369582 2347.40201493 1718.30630599 2461.36112897 1780.79321413 2647.40924021
brother 693.593900845 1064.2828083 881.438172387 614.47258737 727.981213123 680.148444839
nonkin 1167.48701731 1403.47472354 1365.09650253 1325.06596315 1224.70934564 1592.36321173
many_rivals 0 0 0 0 0 0
