Parameter Female_0 Female_1 Female_2 Female_3 Female_4 Female_5
Size 23.4804433246 26.7341481126 29.6431997594 19.3187573245 25.7716408071 33.1781348556
Profit 3.11603869013 3.50472109894 4.12172648194 2.8653612773 3.36421355906 5.50072717002
E values
no_rival 0.102413991561 0.115188710007 0.135467657213 0.0941750455798 0.110570687115 0.180790895746
brother 0.0 0.0 0.0 0.0 0.0 0.0
nonkin 0.0362443116133 0.0407652844716 0.0479420038876 0.0333285486307 0.0391309661701 0.0639818980045
many_rivals 0.0 0.0 0.0 0.0 0.0 0.0
Observed values
no_rival 398 307 304 285 346 266
brother 0 0 0 0 0 0
nonkin 161 111 119 119 135 118
many_rivals 0 0 0 0 0 0
Q values
no_rival 0.11537185874 0.116318119634 0.118530031674 0.112740993543 0.13046864354 0.130392715935
brother 1 1 1 1 1 1
nonkin 0.111247523845 0.115034536515 0.113113335673 0.117545124761 0.108469470411 0.115076129431
many_rivals 1 1 1 1 1 1
O' values
no_rival 3449.71472547 2639.31364232 2564.75085433 2527.91811606 2651.97821187 2039.99125328
brother 0 0 0 0 0 0
nonkin 1447.22322291 964.927606633 1052.0421778 1012.3771636 1244.58983241 1025.4081414
many_rivals 0 0 0 0 0 0
