Parameter Female_0 Female_1 Female_2 Female_3 Female_4 Female_5
Size 22.459816391 26.8030139477 30.9133575035 23.7353574181 27.2004495476 33.9178986314
Profit 3.03546528996 3.51577878188 4.51622300812 3.1386840665 3.58245800498 5.92396705847
E values
no_rival 0.0681252634857 0.0789049891842 0.101358063097 0.0704418132324 0.0804014779293 0.132952209361
brother 0.0213136699341 0.0246862149162 0.0317108836206 0.0220384256879 0.025154406385 0.0415954282208
nonkin 0.038571842933 0.0446752158262 0.057387921745 0.0398834502341 0.0455225127888 0.0752762114183
many_rivals 0.0 0.0 0.0 0.0 0.0 0.0
Observed values
no_rival 266 253 207 268 263 237
brother 109 102 85 87 89 74
nonkin 142 104 79 109 128 63
many_rivals 0 0 0 0 0 0
Q values
no_rival 0.119747089675 0.122380114957 0.114097694301 0.120238274323 0.123181849604 0.123752476401
brother 0.0660647801755 0.0681366254856 0.0722055285085 0.0602570260812 0.0551137917722 0.0532592787898
nonkin 0.0888515992761 0.0873389774534 0.0905548733408 0.100342565261 0.101689903094 0.104879912658
many_rivals 1 1 1 1 1 1
O' values
no_rival 2221.34834945 2067.32932134 1814.23473339 2228.90757131 2135.05480592 1915.11319121
brother 1649.89574945 1496.9922457 1177.19517821 1443.81503134 1614.84080732 1389.42925405
nonkin 1598.17044552 1190.76273884 872.399210396 1086.27878625 1258.72870467 600.686999096
many_rivals 0 0 0 0 0 0
