Parameter Female_0 Female_1 Female_2 Female_3 Female_4 Female_5
Size 21.927166911 25.1405032211 31.0039415824 20.8870389327 29.1263271961 30.2047035719
Profit 2.99914847799 3.28491502875 4.5481064486 2.93787268934 3.98619824718 4.28461522426
E values
no_rival 0.100503901023 0.110080170202 0.152410740484 0.098450499585 0.133580740345 0.143580935583
brother 0.0 0.0 0.0 0.0 0.0 0.0
nonkin 0.0355683305721 0.0389573722346 0.0539381610574 0.0348416318031 0.047274224008 0.0508132931027
many_rivals 0.0 0.0 0.0 0.0 0.0 0.0
Observed values
no_rival 300 300 270 324 334 304
brother 0 0 0 0 0 0
nonkin 144 130 97 145 156 168
many_rivals 0 0 0 0 0 0
Q values
no_rival 0.106073439963 0.113114330814 0.128357138656 0.117110529549 0.118034022138 0.123224339701
brother 1 1 1 1 1 1
nonkin 0.114992654682 0.112333403339 0.111827744532 0.114415628512 0.114767261185 0.104226457993
many_rivals 1 1 1 1 1 1
O' values
no_rival 2828.22919767 2652.18383772 2103.50591191 2766.61715431 2829.69260854 2467.04507191
brother 0 0 0 0 0 0
nonkin 1252.25389742 1157.26930847 867.405494098 1267.30938671 1359.27265658 1611.87478913
many_rivals 0 0 0 0 0 0
