Parameter Female_0 Female_1 Female_2 Female_3 Female_4 Female_5
Size 20.2851917532 28.7857351789 32.4127503641 21.3553609396 29.064753164 32.2784868349
Profit 2.90750256738 3.90380177924 5.1203821072 2.96399080606 3.97091030023 5.05910421768
E values
no_rival 0.0646721451799 0.0868330223515 0.113893655238 0.0659286240609 0.0883257302381 0.112530639222
brother 0.020233327341 0.0271665793729 0.0356327689778 0.0206264293237 0.0276335879623 0.0352063357869
nonkin 0.0366167218794 0.0491639889252 0.0644854486593 0.0373281276571 0.0500091452035 0.0637137226209
many_rivals 0.0 0.0 0.0 0.0 0.0 0.0
Observed values
no_rival 278 314 215 249 223 295
brother 51 103 50 93 62 108
nonkin 128 110 91 89 109 118
many_rivals 0 0 0 0 0 0
Q values
no_rival 0.118890747932 0.127273987475 0.123070804245 0.123290748486 0.112430729198 0.132913729845
brother 0.0670935017188 0.0622467329449 0.0545237089376 0.05876691167 0.0752049884876 0.0630334528635
nonkin 0.0966914603544 0.0925429256962 0.101120962642 0.100214457528 0.0939169291 0.0933863950145
many_rivals 1 1 1 1 1 1
O' values
no_rival 2338.28119375 2467.11842876 1746.9618511 2019.61625715 1983.44350865 2219.48477665
brother 760.133227413 1654.70531748 917.032259439 1582.52318111 824.413396595 1713.37591539
nonkin 1323.79839472 1188.63758815 899.912319095 888.095412536 1160.60012869 1263.56735349
many_rivals 0 0 0 0 0 0
