Parameter Female_0 Female_1 Female_2 Female_3 Female_4 Female_5
Size 23.4441115577 27.2945255399 34.3270533882 20.6838962544 26.1736725543 33.6965949403
Profit 3.11289828436 3.59898140762 6.18450486079 2.92723678293 3.41983906328 5.79115008967
E values
no_rival 0.0918411901948 0.106182311714 0.182464133195 0.0863635382746 0.100896997317 0.170858816526
brother 0.0 0.0 0.0 0.0 0.0 0.0
nonkin 0.03250259721 0.0375779201157 0.0645740567377 0.0305640561954 0.0357074473506 0.0604669351686
many_rivals 0.0 0.0 0.0 0.0 0.0 0.0
Observed values
no_rival 267 314 352 401 314 262
brother 0 0 0 0 0 0
nonkin 130 166 139 157 137 117
many_rivals 0 0 0 0 0 0
Q values
no_rival 0.108479304484 0.117792988195 0.138514404419 0.107773005251 0.117383399806 0.125744415959
brother 1 1 1 1 1 1
nonkin 0.107200531117 0.109885028626 0.114507676021 0.107017844007 0.122291922261 0.118252378685
many_rivals 1 1 1 1 1 1
O' values
no_rival 2461.29896638 2665.69347472 2541.25194759 3720.78331735 2674.99493557 2083.5915297
brother 0 0 0 0 0 0
nonkin 1212.680559 1510.66985263 1213.8924204 1467.04506577 1120.270231 989.409272788
many_rivals 0 0 0 0 0 0
