Parameter Female_0 Female_1 Female_2 Female_3 Female_4 Female_5
Size 20.0966290657 28.5098473261 34.425123119 22.5367789072 27.9118231569 31.1930627473
Profit 2.89867055152 3.84080666064 6.24997580812 3.04101875786 3.71493540414 4.6164421369
E values
no_rival 0.0633213651421 0.0839022982004 0.136530520886 0.0664309571398 0.081152644643 0.100846030279
brother 0.0198107222983 0.026249673015 0.0427149387643 0.0207835892507 0.025389416403 0.0315506890331
nonkin 0.0358519237298 0.0475046422181 0.0773022156203 0.037612543623 0.0459478158704 0.0570980138837
many_rivals 0.0 0.0 0.0 0.0 0.0 0.0
Observed values
no_rival 295 209 281 270 261 299
brother 39 50 20 25 44 43
nonkin 116 165 163 210 119 142
many_rivals 0 0 0 0 0 0
Q values
no_rival 0.117799929881 0.106411601883 0.126701376433 0.116974595515 0.116743703477 0.124124932024
brother 0.068328914362 0.0619936261666 0.0468938956133 0.0618361121162 0.0663141531084 0.0636203386483
nonkin 0.093349622542 0.0998617669743 0.114887252704 0.106275878735 0.0920321050933 0.0926486888164
many_rivals 1 1 1 1 1 1
O' values
no_rival 2504.2459728 1964.07155142 2217.81331751 2308.19349118 2235.6666118 2408.86335343
brother 570.768617709 806.534527689 426.494743898 404.294499515 663.508435795 675.884487785
nonkin 1242.64026829 1652.28400217 1418.7822945 1975.98930726 1293.02703529 1532.67144753
many_rivals 0 0 0 0 0 0
