Parameter Female_0 Female_1 Female_2 Female_3 Female_4 Female_5
Size 22.6905427313 26.7261387804 32.566719034 21.4849226851 25.8025287978 33.506377402
Profit 3.05235671766 3.50344428722 5.19257678146 2.97163028292 3.36834028371 5.68130787764
E values
no_rival 0.0948474802195 0.108864360712 0.161351660086 0.0923390253992 0.104666203194 0.176538257612
brother 0.0 0.0 0.0 0.0 0.0 0.0
nonkin 0.0335665232497 0.0385270972559 0.0571023525043 0.0326787810888 0.0370413693104 0.0624768893688
many_rivals 0.0 0.0 0.0 0.0 0.0 0.0
Observed values
no_rival 251 265 265 392 382 367
brother 0 0 0 0 0 0
nonkin 89 117 124 140 163 143
many_rivals 0 0 0 0 0 0
Q values
no_rival 0.116946724192 0.113411434837 0.124989213523 0.119934858775 0.125767806835 0.141172522494
brother 1 1 1 1 1 1
nonkin 0.106579248654 0.11542842596 0.126042591108 0.114944498484 0.112952401131 0.115425627447
many_rivals 1 1 1 1 1 1
O' values
no_rival 2146.27644968 2336.62505356 2120.18295443 3268.4409187 3037.34325669 2599.65603445
brother 0 0 0 0 0 0
nonkin 835.059367782 1013.61513879 983.794437339 1217.97912773 1443.08574556 1238.89298385
many_rivals 0 0 0 0 0 0
