Parameter Female_0 Female_1 Female_2 Female_3 Female_4 Female_5
Size 19.4675819124 26.3519766235 31.510415091 22.86468253 28.5630379478 32.7855534525
Profit 2.87136438579 3.44588241151 4.73669363842 3.06559769552 3.85270003116 5.29883610546
E values
no_rival 0.065664938335 0.0788035322795 0.108322962149 0.070106840021 0.0881070027969 0.121178540709
brother 0.0205439326075 0.024654473109 0.0338899219381 0.021933625969 0.027565156895 0.0379119182461
nonkin 0.0371788314359 0.0446177719413 0.0613313779394 0.0396937917515 0.0498853039136 0.0686100779638
many_rivals 0.0 0.0 0.0 0.0 0.0 0.0
Observed values
no_rival 206 215 306 259 245 256
brother 112 101 80 65 49 37
nonkin 94 120 86 132 126 143
many_rivals 0 0 0 0 0 0
Q values
no_rival 0.102533234464 0.121563622669 0.130368331176 0.120829419288 0.123674771438 0.125211576178
brother 0.0755596908385 0.0608678136048 0.0585235057444 0.0607825815897 0.0572882207778 0.0553331922968
nonkin 0.0937412084408 0.0974907603108 0.0927781210892 0.0969132264535 0.0970001451811 0.105745671233
many_rivals 1 1 1 1 1 1
O' values
no_rival 2009.10466813 1768.62119834 2347.19580469 2143.5177089 1981.00224606 2044.53939335
brother 1482.27181394 1659.33346408 1366.97210774 1069.38531237 855.324171963 668.676403153
nonkin 1002.76070219 1230.88587695 926.94267776 1362.04318885 1298.96712799 1352.30121794
many_rivals 0 0 0 0 0 0
