Parameter Female_0 Female_1 Female_2 Female_3 Female_4 Female_5
Size 21.4915248336 26.3825060424 31.4405073992 20.287772512 28.9557798354 33.0680072007
Profit 2.97202455841 3.45042944895 4.70958689137 2.90762562356 3.94428220277 5.44258622997
E values
no_rival 0.0937039177688 0.108787377425 0.14848690989 0.0916735063855 0.124357887333 0.17159738842
brother 0.0 0.0 0.0 0.0 0.0 0.0
nonkin 0.0331618164984 0.0384998528707 0.05254951741 0.0324432539098 0.0440102563271 0.0607283157619
many_rivals 0.0 0.0 0.0 0.0 0.0 0.0
Observed values
no_rival 312 244 367 320 346 270
brother 0 0 0 0 0 0
nonkin 160 149 171 130 148 118
many_rivals 0 0 0 0 0 0
Q values
no_rival 0.121237876301 0.109226807065 0.141707077602 0.113772217094 0.11519188784 0.12059035577
brother 1 1 1 1 1 1
nonkin 0.113240995342 0.123109030618 0.106601736368 0.113752855231 0.115157466247 0.115729927163
many_rivals 1 1 1 1 1 1
O' values
no_rival 2573.45319399 2233.88384735 2589.84947125 2812.63746259 3003.68373579 2238.98501896
brother 0 0 0 0 0 0
nonkin 1412.91587483 1210.30926206 1604.10145113 1142.8284568 1285.19673821 1019.61526196
many_rivals 0 0 0 0 0 0
