Parameter Female_0 Female_1 Female_2 Female_3 Female_4 Female_5
Size 20.9826223928 25.5670924539 31.1271361066 22.015038525 28.686928895 30.7990935125
Profit 2.94301888111 3.3374796958 4.59234534599 3.00489293342 3.8808656929 4.47676875237
E values
no_rival 0.0704385367943 0.0798796052115 0.109913697361 0.071919437151 0.0928850652837 0.107147474489
brother 0.0220374006215 0.0249911332865 0.0343875993564 0.0225007151071 0.0290600215247 0.0335221588685
nonkin 0.0398815951475 0.0452270336747 0.0622320363088 0.0407200661205 0.052590595113 0.0606658285807
many_rivals 0.0 0.0 0.0 0.0 0.0 0.0
Observed values
no_rival 264 269 185 283 292 297
brother 33 47 41 39 50 30
nonkin 148 136 104 154 131 140
many_rivals 0 0 0 0 0 0
Q values
no_rival 0.124192492068 0.126086096755 0.113381683158 0.122400168644 0.129482690428 0.142036848546
brother 0.0514405067821 0.0589544351527 0.0625801079515 0.0630282987398 0.0674214449607 0.0555357628895
nonkin 0.112903227202 0.0969522797553 0.103828989685 0.103155392181 0.0928751305572 0.0961155227493
many_rivals 1 1 1 1 1 1
O' values
no_rival 2125.73236598 2133.4628236 1631.65685009 2312.08831764 2255.12768567 2091.00668622
brother 641.517785581 797.225855498 655.160263254 618.769676158 741.603803198 540.192453279
nonkin 1310.85712665 1402.75195533 1001.64703822 1492.89335966 1410.49599838 1456.5805397
many_rivals 0 0 0 0 0 0
