Parameter Female_0 Female_1 Female_2 Female_3 Female_4 Female_5
Size 23.2345364444 26.078561892 30.2042581435 24.0743177104 25.5066273069 32.5377618146
Profit 3.09519458315 3.40629872384 4.28447909971 3.17052026836 3.3297712373 5.17883953109
E values
no_rival 0.0733231640606 0.0806930205703 0.101496547472 0.0751075809773 0.078880133755 0.122683369455
brother 0.022939885108 0.0252456184156 0.0317542098419 0.0234981577846 0.0246784386466 0.0383827189678
nonkin 0.0415148422595 0.0456875813167 0.0574663302129 0.0425251612735 0.0446611429307 0.069462096952
many_rivals 0.0 0.0 0.0 0.0 0.0 0.0
Observed values
no_rival 261 264 259 244 291 320
brother 88 57 56 52 60 79
nonkin 66 102 83 116 118 117
many_rivals 0 0 0 0 0 0
Q values
no_rival 0.107254302962 0.127446082064 0.117134284682 0.119167602812 0.121829787059 0.129123764093
brother 0.0686213736392 0.0588769175414 0.0661261762299 0.0577438790309 0.059244895094 0.0566829266614
nonkin 0.098475782718 0.0939329559073 0.0915536906621 0.0949413431515 0.0951380265441 0.0937697180867
many_rivals 1 1 1 1 1 1
O' values
no_rival 2433.46880071 2071.46422805 2211.13741979 2047.53636258 2388.57841768 2478.2425005
brother 1282.39927785 968.121334816 846.865843344 900.528348159 1012.74548473 1393.71773218
nonkin 670.215541104 1085.88087125 906.571864004 1221.80702473 1240.30321299 1247.73756803
many_rivals 0 0 0 0 0 0
