Parameter Female_0 Female_1 Female_2 Female_3 Female_4 Female_5
Size 21.8703605432 26.7209814737 34.4254316557 19.4289843381 28.8226875851 31.8690144617
Profit 2.99548486283 3.50262314581 6.25018368964 2.86979137488 3.91248926173 4.88146059588
E values
no_rival 0.0653017538712 0.0763573995681 0.136254388067 0.0625616281188 0.0852925060525 0.106416140612
brother 0.0204303067161 0.0238891760289 0.0426285478508 0.0195730309733 0.0266846134436 0.0332933537519
nonkin 0.0369732000243 0.0432327960615 0.0771458719799 0.0354217682246 0.0482917640019 0.0602517546532
many_rivals 0.0 0.0 0.0 0.0 0.0 0.0
Observed values
no_rival 228 258 271 327 274 302
brother 66 54 105 69 93 75
nonkin 86 96 77 104 130 119
many_rivals 0 0 0 0 0 0
Q values
no_rival 0.120197309834 0.12212174001 0.130510181702 0.130323647008 0.11449391882 0.13649973271
brother 0.0599343394939 0.0622932768387 0.0620655140559 0.062552463534 0.06216520208 0.0616639301836
nonkin 0.0983434702601 0.0899570034124 0.0936828547879 0.0928024597661 0.0974249753395 0.0903987730834
many_rivals 1 1 1 1 1 1
O' values
no_rival 1896.88105595 2112.6459546 2076.46634512 2509.13788485 2393.14020189 2212.45854483
brother 1101.20509473 866.867224529 1691.7607402 1103.07406138 1496.01379692 1216.27018869
nonkin 874.486122694 1067.17649942 821.922006693 1120.65995085 1334.36010168 1316.38954757
many_rivals 0 0 0 0 0 0
