Parameter Female_0 Female_1 Female_2 Female_3 Female_4 Female_5
Size 19.5911971405 29.2465978053 30.8243177387 21.5528997822 27.9590969599 33.2011049017
Profit 2.87647944 4.01657309752 4.48540595007 2.97571325442 3.72438039912 5.5130059079
E values
no_rival 0.0648882876949 0.0906067837912 0.101182823583 0.0671268270044 0.0840154334021 0.124363660815
brother 0.0203009496882 0.0283472383769 0.0316560581862 0.0210012990966 0.0262850684942 0.0389084149225
nonkin 0.03673909961 0.0513006549147 0.0572887028844 0.0380065381816 0.0475686982379 0.0704134611167
many_rivals 0.0 0.0 0.0 0.0 0.0 0.0
Observed values
no_rival 290 240 299 225 296 252
brother 48 82 41 41 54 63
nonkin 137 114 117 159 137 126
many_rivals 0 0 0 0 0 0
Q values
no_rival 0.11991041373 0.118805129657 0.129039657844 0.0996121701008 0.123304851602 0.126395873258
brother 0.0555185173262 0.0714734591389 0.0649854290194 0.0599154341642 0.0544325423462 0.0630412005766
nonkin 0.104587931335 0.0944089414581 0.086206013297 0.116037731046 0.103621184084 0.095200688978
many_rivals 1 1 1 1 1 1
O' values
no_rival 2418.47218252 2020.11479381 2317.11711729 2258.7601472 2400.55436712 1993.73597812
brother 864.576402823 1147.27901781 630.910661339 684.297803594 992.053607501 999.346450001
nonkin 1309.90256955 1207.51274444 1357.21390568 1370.24395915 1322.12347515 1323.51983323
many_rivals 0 0 0 0 0 0
