Parameter Female_0 Female_1 Female_2 Female_3 Female_4 Female_5
Size 22.2646751774 25.6538133255 30.1578615681 21.0431747976 25.6638821566 31.1834748146
Profit 3.02173793157 3.3486889084 4.27036215992 2.94632700493 3.35000220436 4.6129191418
E values
no_rival 0.0746226096067 0.0826967496073 0.105457711938 0.0727603170233 0.082729181795 0.11391724632
brother 0.0233464296416 0.0258725050821 0.0329934997569 0.0227637927839 0.0258826518164 0.0356401496837
nonkin 0.0422505753332 0.0468220726601 0.0597091019221 0.0411961638954 0.0468404354405 0.0644988056939
many_rivals 0.0 0.0 0.0 0.0 0.0 0.0
Observed values
no_rival 268 254 269 251 246 213
brother 104 76 51 78 93 115
nonkin 141 91 123 116 109 131
many_rivals 0 0 0 0 0 0
Q values
no_rival 0.124367093998 0.11566716193 0.122526724985 0.119492974525 0.121362118673 0.129365996597
brother 0.0708933884658 0.0634922571397 0.0570068022513 0.0569122780122 0.0695895512067 0.0641400648986
nonkin 0.0922758549859 0.0982325859259 0.0997747858794 0.102719046551 0.0933359891261 0.0925121380848
many_rivals 1 1 1 1 1 1
O' values
no_rival 2154.91084808 2195.95601519 2195.43940338 2100.54190212 2026.9916403 1646.49139344
brother 1466.99152418 1196.99634922 894.630078971 1370.53027439 1336.40752652 1792.95110134
nonkin 1528.02702312 926.372844024 1232.7763865 1129.29397122 1167.82391252 1416.03040111
many_rivals 0 0 0 0 0 0
