Parameter Female_0 Female_1 Female_2 Female_3 Female_4 Female_5
Size 21.3477494415 28.766610783 32.4370135745 21.9318423806 29.0626084531 30.4040858669
Profit 2.9635477415 3.89932920598 5.13162118807 2.99945175306 3.97038097054 4.34670184996
E values
no_rival 0.0676568973373 0.0890205047416 0.117153357455 0.0684765750467 0.0906425950062 0.0992338867031
brother 0.021167136901 0.0278509551135 0.0366525994134 0.0214235812691 0.0283584422736 0.0310463137939
nonkin 0.0383066587034 0.0504025195796 0.0663310594576 0.0387707520257 0.0513209308666 0.0561852343125
many_rivals 0.0 0.0 0.0 0.0 0.0 0.0
Observed values
no_rival 256 236 232 305 226 314
brother 53 55 143 58 61 128
nonkin 71 136 97 72 119 135
many_rivals 0 0 0 0 0 0
Q values
no_rival 0.138054708449 0.120746753384 0.0933799563686 0.140394591021 0.120828302638 0.115646518576
brother 0.0576359207485 0.0562309262462 0.0672895513505 0.0572524792226 0.0587016013848 0.0539915920298
nonkin 0.0818341311252 0.0977447403894 0.0984865897577 0.0874538304441 0.0961627878887 0.100364478786
many_rivals 1 1 1 1 1 1
O' values
no_rival 1854.33733392 1954.50389667 2484.47321055 2172.44836701 1870.42269954 2715.17036454
brother 919.565425723 978.109443889 2125.14420337 1013.05656607 1039.15393381 2370.73950198
nonkin 867.60864964 1391.37921343 984.905663184 823.291554348 1237.48492127 1345.09740531
many_rivals 0 0 0 0 0 0
