Parameter Female_0 Female_1 Female_2 Female_3 Female_4 Female_5
Size 22.481808293 26.0694030337 33.8284640633 20.4296861134 25.7897587435 30.4206450879
Profit 3.03704402224 3.4050075195 5.86962852598 2.91448476773 3.36663127216 4.35196334828
E values
no_rival 0.0704416048076 0.0789761993237 0.136140948227 0.0675989490843 0.0780860955158 0.100940019332
brother 0.0220383604801 0.0247084937204 0.0425930570622 0.0211490072105 0.0244300158431 0.0315800944482
nonkin 0.039883332226 0.0447155342951 0.0770816434765 0.038273848982 0.0442115664201 0.0571512295455
many_rivals 0.0 0.0 0.0 0.0 0.0 0.0
Observed values
no_rival 255 334 357 227 210 283
brother 42 50 124 44 59 72
nonkin 74 113 206 70 89 99
many_rivals 0 0 0 0 0 0
Q values
no_rival 0.128620990577 0.133384272245 0.0953099721308 0.141762426308 0.132235417631 0.106665440885
brother 0.062329254405 0.0505605353632 0.057920541895 0.0605042644287 0.0601308219842 0.0610651432032
nonkin 0.0864168537016 0.103931776554 0.103855798568 0.0803709880262 0.0879889104724 0.0914959863252
many_rivals 1 1 1 1 1 1
O' values
no_rival 1982.56908811 2504.04335067 3745.67311288 1601.27056169 1588.07680849 2653.15548928
brother 673.840885808 988.913579352 2140.86394814 727.221468032 981.193970964 1179.06871618
nonkin 856.314443656 1087.25169286 1983.51948413 870.961048497 1011.4911018 1082.01467601
many_rivals 0 0 0 0 0 0
