Parameter Female_0 Female_1 Female_2 Female_3 Female_4 Female_5
Size 19.6846092742 29.4796460058 32.9859068743 22.9928620202 27.5205991163 34.2770146297
Profit 2.88042405564 4.07741411295 5.40001575395 3.07562370638 3.63989983791 6.15155970713
E values
no_rival 0.0607698269333 0.0860233580864 0.113926983134 0.0648880570146 0.0767928884538 0.129782702668
brother 0.0190124480543 0.0269132678109 0.0356431959432 0.0203008775176 0.0240254230817 0.0406038163568
nonkin 0.0344072683113 0.048705565115 0.0645043185805 0.0367389690011 0.0434793655137 0.0734816684238
many_rivals 0.0 0.0 0.0 0.0 0.0 0.0
Observed values
no_rival 246 266 237 271 243 293
brother 48 83 103 71 64 95
nonkin 71 107 182 88 82 207
many_rivals 0 0 0 0 0 0
Q values
no_rival 0.139099089322 0.13200762686 0.0908638283332 0.143109085433 0.128121115972 0.0875982379737
brother 0.053941919797 0.0674915640509 0.0606460651166 0.0537348542138 0.0631548974603 0.0530576276555
nonkin 0.0866794406273 0.0741085981211 0.110322443955 0.0874750061607 0.0878878128558 0.111194225252
many_rivals 1 1 1 1 1 1
O' values
no_rival 1768.52344037 2015.03508795 2608.29864147 1893.66034435 1896.64286138 3344.8161376
brother 889.845971011 1229.78332429 1698.3789435 1321.30255193 1013.38142525 1790.5059875
nonkin 819.110039084 1443.82706883 1649.70964634 1006.00164392 933.007630244 1861.60746686
many_rivals 0 0 0 0 0 0
