Parameter Female_0 Female_1 Female_2 Female_3 Female_4 Female_5
Size 24.4859271493 29.3323734052 34.33350345 24.2548106994 27.1198750532 34.3169621228
Profit 3.21199855218 4.03865795188 6.18877404538 3.1883157016 3.56853563735 6.17783596512
E values
no_rival 0.0648125429981 0.0814930915778 0.124878693874 0.0643346642735 0.0720068411235 0.124657982443
brother 0.0202772522024 0.025495928631 0.0390695481655 0.0201277430646 0.0225280603139 0.0390004963871
nonkin 0.0366962137201 0.0461405735205 0.0707050676846 0.036425643565 0.0407695533757 0.0705801030794
many_rivals 0.0 0.0 0.0 0.0 0.0 0.0
Observed values
no_rival 254 261 294 224 292 190
brother 73 94 94 53 85 95
nonkin 89 79 250 58 102 133
many_rivals 0 0 0 0 0 0
Q values
no_rival 0.130830455619 0.120978588422 0.0949179271825 0.131713514417 0.130510905042 0.0851889993238
brother 0.0544458040901 0.0667907342929 0.055703811838 0.0634367106312 0.0533494283061 0.0663963535421
nonkin 0.0875573529947 0.0877020399672 0.111933176771 0.0797737678646 0.0944070562614 0.0945368031784
many_rivals 1 1 1 1 1 1
O' values
no_rival 1941.44397646 2157.40655767 3097.41277256 1700.660718 2237.36093091 2230.3349201
brother 1340.78284305 1407.38084399 1687.49672416 835.478376363 1593.26918205 1430.80146623
nonkin 1016.47659455 900.777222851 2233.47542893 727.056043015 1080.42771419 1406.85950369
many_rivals 0 0 0 0 0 0
