Parameter Female_0 Female_1 Female_2 Female_3 Female_4 Female_5
Size 19.5721518448 26.7101930951 34.5628555407 19.1444945259 27.7073470126 34.3274455592
Profit 2.87568362933 3.50090799364 6.34397988705 2.85854149893 3.67503205271 6.18476428478
E values
no_rival 0.060159508706 0.0732392474522 0.132716516293 0.059800894103 0.0768819353127 0.129385714423
brother 0.0188215038938 0.0229136309579 0.0415216892875 0.0187093077291 0.0240532822819 0.0404796146144
nonkin 0.0340617122343 0.0414673295149 0.07514276436 0.0338586682322 0.0435297829547 0.0732568976492
many_rivals 0.0 0.0 0.0 0.0 0.0 0.0
Observed values
no_rival 255 251 266 175 239 284
brother 45 79 114 60 65 137
nonkin 69 83 236 54 86 177
many_rivals 0 0 0 0 0 0
Q values
no_rival 0.149826331913 0.1293371358 0.0843329175179 0.14196041008 0.122658211368 0.0920867501015
brother 0.0550842268772 0.0575449994384 0.0555198504744 0.0544444158743 0.0603289598677 0.0685633320973
nonkin 0.0765034304345 0.0889426490693 0.112905702624 0.0824483351384 0.0936660534887 0.087516414302
many_rivals 1 1 1 1 1 1
O' values
no_rival 1701.97051977 1940.66459295 3154.16574961 1232.73805635 1948.50387377 3084.04846177
brother 816.930772221 1372.83866141 2053.31965101 1102.04139463 1077.42616718 1998.1525957
nonkin 901.920340148 933.18560745 2090.2398596 654.955614438 918.155476791 2022.47774217
many_rivals 0 0 0 0 0 0
