Parameter Female_0 Female_1 Female_2 Female_3 Female_4 Female_5
Size 22.4430574213 27.0128011839 34.1110443987 23.9106572147 27.6855205423 32.0271582652
Profit 3.03426657273 3.55035664456 6.04447061559 3.15489633301 3.67086221226 4.94845895657
E values
no_rival 0.0661708381363 0.0774256543458 0.131816924168 0.0688015141662 0.0800536220024 0.107915263471
brother 0.0207022084193 0.0242233902186 0.0412402428952 0.021525241722 0.0250455761797 0.0337623693297
nonkin 0.0374652668444 0.043837631234 0.0746334242947 0.0389547293058 0.0453255602416 0.0611005430249
many_rivals 0.0 0.0 0.0 0.0 0.0 0.0
Observed values
no_rival 241 216 259 258 270 221
brother 42 113 146 34 44 92
nonkin 89 86 198 87 115 156
many_rivals 0 0 0 0 0 0
Q values
no_rival 0.14425412988 0.124232626848 0.0880326452489 0.137679867186 0.123133054758 0.106462879864
brother 0.0467575639509 0.0749663083045 0.0687785030159 0.0483504996269 0.060526526591 0.060250902807
nonkin 0.0874620147489 0.0815345786251 0.0955072120612 0.0904995670546 0.0863390943393 0.0912003241701
many_rivals 1 1 1 1 1 1
O' values
no_rival 1670.66274082 1738.67369209 2942.09039462 1873.91232482 2192.74995273 2075.84089668
brother 898.250388838 1507.34379958 2122.75629154 703.198524573 726.953989899 1526.94807403
nonkin 1017.58460808 1054.76720982 2073.14186779 961.330565786 1331.95745079 1710.52023575
many_rivals 0 0 0 0 0 0
