Parameter Female_0 Female_1 Female_2 Female_3 Female_4 Female_5
Size 23.9164004631 27.341671918 32.5007918911 22.7103906948 26.456333586 31.2698107036
Profit 3.15543654487 3.60737231324 5.16140901094 3.05384417102 3.46153335705 4.64487163283
E values
no_rival 0.0727446841347 0.0831635039245 0.118989896596 0.070402597694 0.0798013672908 0.10708176665
brother 0.0227589018784 0.0260185338378 0.0372271790491 0.0220261567146 0.0249666557706 0.0335016015141
nonkin 0.0411873127102 0.047086344287 0.0673708895539 0.0398612467884 0.0451827361464 0.0606286254595
many_rivals 0.0 0.0 0.0 0.0 0.0 0.0
Observed values
no_rival 240 239 281 212 270 248
brother 59 75 121 71 57 78
nonkin 103 83 222 98 111 174
many_rivals 0 0 0 0 0 0
Q values
no_rival 0.128737398603 0.139062617133 0.100951836584 0.129115434979 0.12055297079 0.10724730123
brother 0.0609665754174 0.0621734517942 0.0560651477489 0.0681841306534 0.0611687236086 0.0586941860507
nonkin 0.0970383363179 0.0814865951789 0.113287626626 0.0810116644991 0.0947877267744 0.102879216532
many_rivals 1 1 1 1 1 1
O' values
no_rival 1864.26013423 1718.65023776 2783.50557561 1641.94156984 2239.67935613 2312.41250042
brother 967.743383912 1206.30265549 2158.20353389 1041.29801641 931.848772335 1328.92208323
nonkin 1061.43616954 1018.57243904 1959.61383084 1209.70233862 1171.03768365 1691.30370414
many_rivals 0 0 0 0 0 0
