Parameter Female_0 Female_1 Female_2 Female_3 Female_4 Female_5
Size 24.0479718254 28.3115645138 33.1749011327 23.0523472882 28.3908757913 32.5898508058
Profit 3.16797268804 3.79750049093 5.49900280766 3.08035896692 3.81462979326 5.20360411
E values
no_rival 0.0686373435198 0.0822767022886 0.119141476866 0.066739103331 0.0826478260084 0.112741364276
brother 0.0214738792936 0.025741089078 0.0372746024524 0.0208799958681 0.025857198845 0.0352722632274
nonkin 0.0388617775275 0.0465842460688 0.067456712787 0.037787012915 0.0467943726077 0.0638330330394
many_rivals 0.0 0.0 0.0 0.0 0.0 0.0
Observed values
no_rival 336 222 240 240 214 298
brother 36 63 145 31 75 104
nonkin 98 103 124 111 103 171
many_rivals 0 0 0 0 0 0
Q values
no_rival 0.151232426329 0.127220382488 0.089674155 0.124685764563 0.12629178145 0.105188061321
brother 0.0471181705852 0.055687214347 0.0727498117568 0.0668786054488 0.0637729451546 0.0595441265463
nonkin 0.0815501085278 0.0961107331775 0.0915557185487 0.0904360483169 0.0863122549326 0.100210026383
many_rivals 1 1 1 1 1 1
O' values
no_rival 2221.74574697 1745.00340007 2676.35641507 1924.83882054 1694.48872717 2833.02112671
brother 764.036454575 1131.31893449 1993.13230507 463.526411652 1176.04730059 1746.60383874
nonkin 1201.71513894 1071.6805147 1354.36652091 1227.38666788 1193.34154901 1706.41607603
many_rivals 0 0 0 0 0 0
