Parameter Female_0 Female_1 Female_2 Female_3 Female_4 Female_5
Size 19.4436362544 28.8601767955 31.9897829092 22.116545888 25.6244729925 33.7880902859
Profit 2.87038716238 3.92136460893 4.93244515517 3.01164757302 3.34487608967 5.84539491948
E values
no_rival 0.0638454492854 0.0872221310597 0.109711394036 0.0669874764314 0.0743994118801 0.130017953597
brother 0.0199746872634 0.0272883159233 0.0343243067381 0.0209577018763 0.0232766000008 0.0406774169625
nonkin 0.0361486549309 0.0493842983847 0.0621174941893 0.0379276392807 0.0421242030124 0.0736148651474
many_rivals 0.0 0.0 0.0 0.0 0.0 0.0
Observed values
no_rival 267 293 182 231 262 277
brother 55 96 104 81 37 121
nonkin 68 105 151 88 99 155
many_rivals 0 0 0 0 0 0
Q values
no_rival 0.141867408155 0.128006478202 0.0944779894525 0.136079194951 0.122096490132 0.0941674556342
brother 0.056553221149 0.0666486706596 0.0690960705644 0.058652453386 0.0545948853637 0.0610197043624
nonkin 0.0857985632322 0.0778299574572 0.091849254564 0.0854419829895 0.0973625022049 0.0969346114256
many_rivals 1 1 1 1 1 1
O' values
no_rival 1882.03903541 2288.94665422 1926.3746091 1697.54090685 2145.84382988 2941.56827467
brother 972.535231106 1440.38881871 1505.1507148 1381.01639955 677.719162767 1982.96601507
nonkin 792.554064291 1349.09491705 1643.99810011 1029.93864282 1016.81856729 1599.01605547
many_rivals 0 0 0 0 0 0
