Parameter Female_0 Female_1 Female_2 Female_3 Female_4 Female_5
Size 24.3865609896 26.0689350617 31.608362324 23.7316903321 27.0698666691 33.1290478
Profit 3.20169059169 3.40494160486 4.7752747622 3.13835057507 3.55999983181 5.47466388132
E values
no_rival 0.072336812329 0.0769289270179 0.107889299231 0.070905751218 0.0804322067827 0.123690819711
brother 0.0226312951053 0.0240679841068 0.0337542461575 0.0221835733261 0.0251640202141 0.0386979098548
nonkin 0.0409563797726 0.0435563891883 0.0610858423318 0.0401461272821 0.0455399111583 0.0700325052123
many_rivals 0.0 0.0 0.0 0.0 0.0 0.0
Observed values
no_rival 218 277 246 255 236 259
brother 60 117 84 67 82 131
nonkin 52 102 162 109 95 161
many_rivals 0 0 0 0 0 0
Q values
no_rival 0.139615165838 0.135647209534 0.102661307921 0.139920508874 0.116044684776 0.0954055119185
brother 0.068095672568 0.0514370448703 0.0511027218647 0.0635261391087 0.0647707591531 0.0635710268731
nonkin 0.080306788126 0.0943928846568 0.109884235808 0.0841481930865 0.0903809782613 0.0967413310514
many_rivals 1 1 1 1 1 1
O' values
no_rival 1561.43495366 2042.06191157 2396.22896865 1822.46335475 2033.69935 2714.72784739
brother 881.113259291 2274.62522964 1643.74806145 1054.68396065 1266.0033798 2060.68717848
nonkin 647.516868915 1080.58992339 1474.27880632 1295.33381528 1051.10612684 1664.23180507
many_rivals 0 0 0 0 0 0
