Parameter Female_0 Female_1 Female_2 Female_3 Female_4 Female_5
Size 23.0496586279 26.3668573975 31.7298778088 19.6976508887 25.1154257303 33.3094263445
Profit 3.08014379863 3.44809549895 4.82413369312 2.8809802892 3.28195373123 5.57162694775
E values
no_rival 0.0710013154798 0.0794830801193 0.111202547886 0.066410337886 0.0756532965652 0.128433238354
brother 0.022213471561 0.0248670764461 0.0347908291316 0.020777138311 0.0236688903634 0.0401816229514
nonkin 0.0402002348115 0.0450025251328 0.0629617705875 0.0376008692077 0.0428341399822 0.0727176152236
many_rivals 0.0 0.0 0.0 0.0 0.0 0.0
Observed values
no_rival 250 257 263 163 377 231
brother 56 61 97 42 72 119
nonkin 111 95 168 74 135 196
many_rivals 0 0 0 0 0 0
Q values
no_rival 0.150334542028 0.132219451525 0.0974189143278 0.130712130297 0.12928218062 0.0905103360716
brother 0.0520792628892 0.0627560263267 0.0566355935416 0.0597138346837 0.0537569508153 0.0651724310649
nonkin 0.0798707634511 0.0834397262502 0.105386362243 0.0891028018105 0.0925167794917 0.0998915840576
many_rivals 1 1 1 1 1 1
O' values
no_rival 1662.95780482 1943.73820974 2699.68108159 1247.01509821 2916.10180298 2552.19469981
brother 1075.28403617 972.018203995 1712.70386579 703.354594835 1339.36168083 1825.92544202
nonkin 1389.74507321 1138.54640073 1594.13415953 830.501381509 1459.19476166 1962.12725876
many_rivals 0 0 0 0 0 0
