Parameter Female_0 Female_1 Female_2 Female_3 Female_4 Female_5
Size 23.8206144913 25.6901301335 33.1034592653 22.9017640943 26.9402777873 32.4186381088
Profit 3.14650242319 3.35343744291 5.46117210273 3.06847345682 3.53824911217 5.12310470664
E values
no_rival 0.0706817762801 0.0753302820813 0.122677593364 0.0689289646807 0.0794818177561 0.115083382128
brother 0.022113500527 0.023567832052 0.0383809118599 0.02156511589 0.0248666815032 0.0360049869325
nonkin 0.040019314912 0.0426512524116 0.0694588265869 0.0390268905126 0.0450018103954 0.0651590601269
many_rivals 0.0 0.0 0.0 0.0 0.0 0.0
Observed values
no_rival 230 301 283 218 232 263
brother 65 73 84 57 58 118
nonkin 78 91 143 125 83 197
many_rivals 0 0 0 0 0 0
Q values
no_rival 0.12915182319 0.145097789183 0.105834148292 0.129780483807 0.121633944375 0.0948995625363
brother 0.0687244019471 0.0504561101606 0.0636164591759 0.0558929772049 0.0618616108739 0.0583614178298
nonkin 0.0893583067019 0.0913477852585 0.0990303543603 0.0984868071787 0.0916154819351 0.107348378103
many_rivals 1 1 1 1 1 1
O' values
no_rival 1780.84981163 2074.46303417 2673.99515721 1679.75949545 1907.36230081 2771.35102598
brother 945.806702691 1446.80197834 1320.41300456 1019.80611609 937.5766195 2021.88370996
nonkin 872.890309573 996.19273464 1444.00169952 1269.20552692 905.960414625 1835.14649668
many_rivals 0 0 0 0 0 0
