Parameter Female_0 Female_1 Female_2 Female_3 Female_4 Female_5
Size 21.7446657372 27.6784122889 32.8996776095 22.26982269 27.0211647223 30.9189329675
Profit 2.98751565505 3.66950789104 5.35600364619 3.02209363127 3.55176351542 4.51816985377
E values
no_rival 0.0688121079167 0.0845205857157 0.12336601493 0.0696085500799 0.0818085535064 0.104068004142
brother 0.0215285560828 0.026443110447 0.0385962914309 0.021777730978 0.02559462405 0.0325587157758
nonkin 0.0389607273814 0.0478547104264 0.0698486039931 0.0394116649697 0.0463191849098 0.058922263265
many_rivals 0.0 0.0 0.0 0.0 0.0 0.0
Observed values
no_rival 248 250 264 233 309 248
brother 45 54 87 47 96 85
nonkin 81 137 170 72 143 103
many_rivals 0 0 0 0 0 0
Q values
no_rival 0.143962074944 0.113952904872 0.0990897968278 0.141137593836 0.129890783379 0.109591077581
brother 0.0482262019091 0.0683564171791 0.0649882165488 0.0564938455814 0.0623937559727 0.0612619482825
nonkin 0.0958158178255 0.0887551203933 0.0987964557218 0.0891940912487 0.0906803650489 0.0953305686517
many_rivals 1 1 1 1 1 1
O' values
no_rival 1722.6759207 2193.88878485 2664.25008882 1650.87127864 2378.92167529 2262.95794761
brother 933.102716337 789.977038418 1338.70422394 831.949029426 1538.61549931 1387.4844399
nonkin 845.371900364 1543.57291605 1720.70950074 807.228359996 1576.96762604 1080.45091367
many_rivals 0 0 0 0 0 0
