Parameter Female_0 Female_1 Female_2 Female_3 Female_4 Female_5
Size 23.8259543035 25.4496660135 33.661800883 24.3355389668 29.1171849036 32.0848418437
Profit 3.14699626899 3.32258889921 5.77076450245 3.19647179402 3.98391718607 4.97339507859
E values
no_rival 0.0686550505488 0.0724857894101 0.125895328357 0.069734411432 0.0869133651308 0.108499871412
brother 0.0214794191147 0.0226779040748 0.0393876124296 0.0218171079606 0.0271917154148 0.03394526977
nonkin 0.0388718030702 0.0410407291061 0.0712806759622 0.0394829264087 0.0492094782034 0.0614315421948
many_rivals 0.0 0.0 0.0 0.0 0.0 0.0
Observed values
no_rival 206 220 263 245 298 292
brother 53 35 139 69 102 95
nonkin 81 66 201 84 127 164
many_rivals 0 0 0 0 0 0
Q values
no_rival 0.129677616471 0.133944805524 0.0919054423782 0.141422883994 0.119950115055 0.104515519269
brother 0.0535675587163 0.0555331318012 0.0690154479052 0.059653581148 0.0664886316087 0.0533416488866
nonkin 0.0949928858493 0.0896462824659 0.101809391307 0.0809411456502 0.0858515950265 0.10364836558
many_rivals 1 1 1 1 1 1
O' values
no_rival 1588.55479925 1642.46757565 2861.6368432 1732.39289909 2484.36610389 2793.84346022
brother 989.404805262 630.254388052 2014.04184453 1156.67825254 1534.09684531 1780.97231681
nonkin 852.695433725 736.226848281 1974.27759285 1037.79109284 1479.29691884 1582.27290012
many_rivals 0 0 0 0 0 0
