Parameter Female_0 Female_1 Female_2 Female_3 Female_4 Female_5
Size 23.215896491 29.3847577298 32.6388301643 20.0081094268 26.8763433721 34.3840414679
Profit 3.09365338252 4.05232103354 5.2271117328 2.89463078594 3.52771103878 6.22240341829
E values
no_rival 0.0658087520696 0.0862017030447 0.111192062436 0.0615751075416 0.0750421047284 0.13236408647
brother 0.0205889261725 0.0269690648146 0.0347875486537 0.0192643881455 0.0234776728853 0.041411428093
nonkin 0.0372602573343 0.0488065422469 0.0629558338306 0.034863210139 0.0424880892762 0.0749432221184
many_rivals 0.0 0.0 0.0 0.0 0.0 0.0
Observed values
no_rival 226 212 262 215 231 272
brother 58 85 94 54 29 159
nonkin 55 108 130 80 88 234
many_rivals 0 0 0 0 0 0
Q values
no_rival 0.139950709371 0.109228572681 0.1034259589 0.150905047772 0.118927777976 0.100240492161
brother 0.0653606255284 0.0719002000417 0.0567994114695 0.0528216423893 0.0543084812938 0.0621299422976
nonkin 0.0777648959246 0.0937134789825 0.101810620843 0.0872045077298 0.0997752147761 0.101329162109
many_rivals 1 1 1 1 1 1
O' values
no_rival 1614.85426559 1940.88410017 2533.21315834 1424.73696655 1942.3553011 2713.47430699
brother 887.384408138 1182.1942074 1654.94672512 1022.30823499 533.986576482 2559.15254578
nonkin 707.25999625 1152.44894515 1276.8805349 917.383769287 881.982566487 2309.30558519
many_rivals 0 0 0 0 0 0
