Parameter Female_0 Female_1 Female_2 Female_3 Female_4 Female_5
Size 24.1422141094 26.5574685144 29.9937943062 23.4496916317 26.4012162077 29.9739963491
Profit 3.17714392025 3.47699579633 4.22141449752 3.11337922071 3.45322901037 4.21560905815
E values
no_rival 0.0780701087422 0.0854381944066 0.103730361967 0.0765032558858 0.0848541870054 0.103587708283
brother 0.0244250142211 0.026730193502 0.0324530810449 0.0239348086364 0.0265474809465 0.0324084504135
nonkin 0.0442025148688 0.0483742512911 0.058731093642 0.04331537845 0.0480435921406 0.0586503245529
many_rivals 0.0 0.0 0.0 0.0 0.0 0.0
Observed values
no_rival 220 214 232 219 221 322
brother 46 70 101 64 62 99
nonkin 127 172 186 93 100 107
many_rivals 0 0 0 0 0 0
Q values
no_rival 0.141401897613 0.120442472235 0.10563626613 0.136044085008 0.123648167586 0.125048619253
brother 0.0533686468413 0.0612722992659 0.0643729896498 0.0623906556442 0.0638703638451 0.0687308846756
nonkin 0.0950468283718 0.100549733607 0.108005257125 0.0884846090577 0.094403383855 0.0910134918848
many_rivals 1 1 1 1 1 1
O' values
no_rival 1555.84899293 1776.78186133 2196.21545233 1609.77230276 1787.32935809 2574.998444
brother 861.929292246 1142.44121469 1568.98103614 1025.79463766 970.716248781 1440.40049051
nonkin 1336.18346004 1710.59627739 1722.13839354 1051.0302412 1059.28406288 1175.64987107
many_rivals 0 0 0 0 0 0
