Parameter Female_0 Female_1 Female_2 Female_3 Female_4 Female_5
Size 22.889516983 27.234486682 31.781608733 24.4750884101 29.1072675088 30.9433316076
Profit 3.06752145499 3.58840266175 4.84527352177 3.21086482764 3.98144714487 4.5267133502
E values
no_rival 0.0703044616408 0.082242527391 0.111048724988 0.0735897454741 0.0912507058806 0.103747650915
brother 0.0219954538689 0.0257303971196 0.0347427040998 0.023023287769 0.0285486958418 0.0324584900654
nonkin 0.0398056831364 0.0465648965835 0.0628746776011 0.04166577799 0.0516652371625 0.0587408824718
many_rivals 0.0 0.0 0.0 0.0 0.0 0.0
Observed values
no_rival 284 230 251 307 259 272
brother 55 67 79 39 46 112
nonkin 92 80 134 85 157 139
many_rivals 0 0 0 0 0 0
Q values
no_rival 0.143621365679 0.124096388991 0.104581784633 0.141520917479 0.120795271389 0.10431320263
brother 0.0573148262746 0.0598330397439 0.0617546447197 0.0565838495712 0.0585980482597 0.0699901430743
nonkin 0.0908657930592 0.0905911078591 0.0943767104637 0.0844820491602 0.0953319414258 0.0931878377759
many_rivals 1 1 1 1 1 1
O' values
no_rival 1977.42166465 1853.39800675 2400.03554042 2169.29062833 2144.12366496 2607.53186693
brother 959.612085998 1119.78265331 1279.25600347 689.242607131 785.009080783 1600.22533289
nonkin 1012.48222134 883.088880251 1419.84181629 1006.13089816 1646.87719197 1491.61095823
many_rivals 0 0 0 0 0 0
