Parameter Female_0 Female_1 Female_2 Female_3 Female_4 Female_5
Size 22.9223791621 26.6089617584 33.2571528793 22.130556838 28.8803902475 32.970626301
Profit 3.07008086318 3.48498181319 5.54318925656 3.01259003611 3.92617594719 5.39216451307
E values
no_rival 0.0668809672537 0.0759194838556 0.12075703399 0.0656285435248 0.0855307910958 0.11746699657
brother 0.020924379415 0.0237521697191 0.0377800456542 0.0205325461272 0.0267591633022 0.0367507245469
nonkin 0.0378673348494 0.0429848525642 0.068371425075 0.0371582250583 0.0484266786105 0.0665086387879
many_rivals 0.0 0.0 0.0 0.0 0.0 0.0
Observed values
no_rival 286 267 294 204 236 272
brother 32 58 103 75 68 113
nonkin 103 104 175 94 76 150
many_rivals 0 0 0 0 0 0
Q values
no_rival 0.140716058088 0.137852964199 0.100027346542 0.122353495814 0.12192500138 0.102536553936
brother 0.0547431242923 0.0592740436773 0.0622551588432 0.0642414406393 0.059518506896 0.0650017227945
nonkin 0.0929876000125 0.0841301214415 0.0995714576123 0.0937531193014 0.0957092235173 0.095540495397
many_rivals 1 1 1 1 1 1
O' values
no_rival 2032.46170967 1936.8462735 2939.19623147 1667.30013428 1935.61613556 2652.71251625
brother 584.548295584 978.505875452 1654.48136209 1167.4707051 1142.5017788 1738.41546257
nonkin 1107.67457151 1236.18031471 1757.53176861 1002.6333065 794.071848115 1570.01488611
many_rivals 0 0 0 0 0 0
