Parameter Female_0 Female_1 Female_2 Female_3 Female_4 Female_5
Size 20.2064990365 26.4992511719 33.6923870296 19.615128356 26.6669360074 32.9400143891
Profit 2.90377874643 3.46805923405 5.78867763713 2.87748344283 3.49406562224 5.3765033886
E values
no_rival 0.0646355754277 0.0771959655967 0.128850901778 0.0640502649658 0.0777748450542 0.119676263468
brother 0.0202218861283 0.0241515297966 0.0403122931302 0.0200387658972 0.0243326380237 0.0374419157886
nonkin 0.0365960164514 0.0437075837612 0.0729540920776 0.036264619521 0.0440353395212 0.0677595036129
many_rivals 0.0 0.0 0.0 0.0 0.0 0.0
Observed values
no_rival 269 306 229 229 358 234
brother 29 63 107 40 90 87
nonkin 62 117 140 70 147 125
many_rivals 0 0 0 0 0 0
Q values
no_rival 0.146373782931 0.131876812712 0.0807224517505 0.131859059076 0.126691097789 0.0879167260128
brother 0.0516855983705 0.0557642856679 0.0654884760422 0.054218492412 0.0612478987501 0.0654561025792
nonkin 0.0855742432608 0.0879365229125 0.0990392583822 0.0897451686002 0.0871806987678 0.0972628063537
many_rivals 1 1 1 1 1 1
O' values
no_rival 1837.76079715 2320.34725216 2836.88112829 1736.70282197 2825.7707625 2661.60957775
brother 561.084729872 1129.7553487 1633.87524747 737.755666389 1469.43816582 1329.13504733
nonkin 724.517070061 1330.50518857 1413.58085962 779.986277722 1686.15303706 1285.17780523
many_rivals 0 0 0 0 0 0
