Parameter Female_0 Female_1 Female_2 Female_3 Female_4 Female_5
Size 20.3554080865 27.9346481728 32.5582896868 23.5799278053 25.078688829 32.8583923691
Profit 2.91087193403 3.71948525089 5.18857022418 3.12474800861 3.27764065905 5.3351816586
E values
no_rival 0.0657618527163 0.0840298875365 0.11721916959 0.070593699405 0.074047820434 0.120531386608
brother 0.0205742532408 0.0262895906147 0.036673189398 0.0220859447959 0.023166601101 0.0377094496142
nonkin 0.0372337033894 0.0475768820243 0.0663683216303 0.0399694466661 0.0419251354515 0.0682436657836
many_rivals 0.0 0.0 0.0 0.0 0.0 0.0
Observed values
no_rival 206 245 278 228 343 285
brother 50 40 76 58 45 136
nonkin 61 163 185 73 90 168
many_rivals 0 0 0 0 0 0
Q values
no_rival 0.133020524923 0.129104403883 0.0982374457329 0.132015620215 0.138566124452 0.102497808331
brother 0.0679385435759 0.0520278298919 0.0578686533772 0.0553424949584 0.0588375727953 0.0672922474742
nonkin 0.0852619026827 0.0977195274136 0.101963702384 0.092588855788 0.0851295427722 0.0946978835896
many_rivals 1 1 1 1 1 1
O' values
no_rival 1548.63319115 1897.68894501 2829.87813787 1727.0683547 2475.35248139 2780.54725892
brother 735.959256237 768.819304652 1313.3189657 1048.01924893 764.817409389 2021.03518763
nonkin 715.442631242 1668.03917614 1814.37115047 788.431819129 1057.21230338 1774.06287904
many_rivals 0 0 0 0 0 0
