Parameter Female_0 Female_1 Female_2 Female_3 Female_4 Female_5
Size 20.7231795545 28.1568691203 30.0165754861 24.5266868965 29.2569781335 33.9605695506
Profit 2.92926209205 3.76481346526 4.2281214134 3.21628265555 4.01922691257 5.95021551554
E values
no_rival 0.0646636352792 0.0831084816453 0.0933360322156 0.070999631326 0.0887246736589 0.131351362165
brother 0.0202306649334 0.0260013195676 0.029201111039 0.0222129446567 0.0277584014009 0.0410945871669
nonkin 0.0366119036587 0.0470551912228 0.0528459280802 0.0401992812605 0.050235022979 0.0743698277442
many_rivals 0.0 0.0 0.0 0.0 0.0 0.0
Observed values
no_rival 279 274 273 222 307 225
brother 52 75 70 49 93 154
nonkin 45 100 99 93 100 207
many_rivals 0 0 0 0 0 0
Q values
no_rival 0.146575167397 0.123238846788 0.11532875507 0.13175139584 0.112134818016 0.0846856321733
brother 0.0665612142609 0.0668022416077 0.0574610757272 0.0569127940191 0.0622511156936 0.0581600846562
nonkin 0.0657191951247 0.0811205807815 0.096307370556 0.0955755158401 0.0939533154011 0.108156213524
many_rivals 1 1 1 1 1 1
O' values
no_rival 1903.46021741 2223.32492669 2367.14598916 1684.99163583 2737.77587935 2656.88516724
brother 781.235747836 1122.71681601 1218.21596819 860.966340601 1493.94912788 2647.86409632
nonkin 684.731453491 1232.73279156 1027.95870584 973.052556217 1064.35839516 1913.89836288
many_rivals 0 0 0 0 0 0
