Parameter Female_0 Female_1 Female_2 Female_3 Female_4 Female_5
Size 22.3714876498 26.9416426769 30.7263887432 22.8861480154 27.7429350135 32.1538254316
Profit 3.02918954562 3.53847546057 4.45210053698 3.0672599586 3.68186763129 5.00357203414
E values
no_rival 0.070791003118 0.0826928205017 0.10404388971 0.0716806941337 0.0860438407835 0.116931568043
brother 0.0221476732355 0.0258712758222 0.0325511713346 0.0224260219667 0.0269196760275 0.036583210378
nonkin 0.0400811580554 0.0468198480399 0.0589086099148 0.0405848922116 0.0487171622132 0.0662054845105
many_rivals 0.0 0.0 0.0 0.0 0.0 0.0
Observed values
no_rival 244 214 243 338 297 210
brother 54 86 62 70 95 99
nonkin 100 123 143 77 96 117
many_rivals 0 0 0 0 0 0
Q values
no_rival 0.136560883809 0.11988618487 0.105560039558 0.154693127993 0.124385075043 0.092153918764
brother 0.054915179768 0.0624448299206 0.0617678920315 0.0555312745886 0.0638027501952 0.064829426921
nonkin 0.0921946830612 0.0931336185886 0.0986130402457 0.080201738404 0.0922737935833 0.103208691019
many_rivals 1 1 1 1 1 1
O' values
no_rival 1786.74883461 1785.02635839 2302.00747383 2184.97100928 2387.74627822 2278.79620114
brother 983.33466681 1377.21569759 1003.75774469 1260.55093312 1488.96402913 1527.08429955
nonkin 1084.66124813 1320.68314175 1450.11247644 960.078940087 1040.38206594 1133.62546163
many_rivals 0 0 0 0 0 0
