Parameter Female_0 Female_1 Female_2 Female_3 Female_4 Female_5
Size 22.958630926 28.911301383 33.3251087365 23.3807170085 25.6992122098 31.317489417
Profit 3.07292259838 3.93356893742 5.58021288644 3.10746957434 3.35463001001 4.66274002425
E values
no_rival 0.0689689238897 0.0882853400872 0.125242750356 0.0697442990185 0.0752915878716 0.104650915067
brother 0.0215776175281 0.0276209514997 0.0391834468765 0.0218202013909 0.0235557261815 0.0327410852878
nonkin 0.0390495150171 0.049986276704 0.0709111928243 0.0394885246613 0.042629344137 0.0592523016016
many_rivals 0.0 0.0 0.0 0.0 0.0 0.0
Observed values
no_rival 309 210 234 274 270 271
brother 64 70 98 43 96 97
nonkin 109 74 134 101 86 200
many_rivals 0 0 0 0 0 0
Q values
no_rival 0.135990780124 0.126780867753 0.0957604795436 0.146941457441 0.130969583012 0.106772991964
brother 0.0479207209667 0.0701105267351 0.0605441006017 0.0512962409361 0.0644341685565 0.0627042647623
nonkin 0.0992032368138 0.082141719879 0.101312842001 0.0859462043098 0.0858123354598 0.099733583844
many_rivals 1 1 1 1 1 1
O' values
no_rival 2272.21286412 1656.40134605 2443.5967856 1864.68818788 2061.54737451 2538.09502774
brother 1335.53917197 998.423535805 1618.65481568 838.268052693 1489.89274093 1546.9442209
nonkin 1098.75447113 900.882037885 1322.63588063 1175.15370005 1002.18691799 2005.34255655
many_rivals 0 0 0 0 0 0
