Parameter Female_0 Female_1 Female_2 Female_3 Female_4 Female_5
Size 23.0414352318 26.3280329414 29.9550283716 20.014925263 28.1304842055 31.8423619092
Profit 3.07948636827 3.44233439949 4.21006715454 2.89493946526 3.75933228897 4.87036325226
E values
no_rival 0.0736347188158 0.0823109100883 0.100668447282 0.0692219506829 0.089890761942 0.116457027479
brother 0.0230373581287 0.0257517913302 0.0314951304167 0.0216567794907 0.0281232237812 0.0364347456171
nonkin 0.0416912414463 0.0466036141829 0.0569974681666 0.0391927762572 0.050895250504 0.0659368043884
many_rivals 0.0 0.0 0.0 0.0 0.0 0.0
Observed values
no_rival 256 261 248 215 330 295
brother 54 66 97 51 85 123
nonkin 79 103 112 69 133 190
many_rivals 0 0 0 0 0 0
Q values
no_rival 0.136164650065 0.127932554946 0.119131487646 0.131155998306 0.124152042054 0.104946793076
brother 0.0554837677069 0.0618744408871 0.0643421946514 0.0596683057669 0.0554297309571 0.0672441860257
nonkin 0.0945380924504 0.0912557910961 0.0912178188694 0.0887484028467 0.101290162529 0.103001597545
many_rivals 1 1 1 1 1 1
O' values
no_rival 1880.07680318 2040.13747798 2081.73342666 1639.26928831 2658.03118935 2810.94820864
brother 973.25762528 1066.67630533 1507.56436776 854.725123238 1533.47307541 1829.15441869
nonkin 835.641993109 1128.69549168 1227.83027909 777.478780313 1313.05939964 1844.63158368
many_rivals 0 0 0 0 0 0
