Parameter Female_0 Female_1 Female_2 Female_3 Female_4 Female_5
Size 21.8235867915 27.6371221864 30.2939201564 22.8091615351 26.2080248517 31.0506414724
Profit 2.9924974077 3.6616765299 4.31211037045 3.06132908406 3.42478919632 4.5647562547
E values
no_rival 0.0723326157574 0.088507559199 0.104229404419 0.0739963683091 0.0827816793925 0.110336189214
brother 0.0226299821659 0.027690474971 0.0326092114664 0.0231505037892 0.0258990762147 0.0345197801573
nonkin 0.0409540037157 0.0501120949429 0.0590136464878 0.0418960037729 0.0468701590553 0.0624712469708
many_rivals 0.0 0.0 0.0 0.0 0.0 0.0
Observed values
no_rival 241 265 210 270 292 251
brother 60 65 118 72 80 104
nonkin 90 151 94 93 102 137
many_rivals 0 0 0 0 0 0
Q values
no_rival 0.131974383518 0.106990310045 0.107065891166 0.133666434764 0.12882242183 0.102973902436
brother 0.0542813825835 0.0699689998678 0.069558321004 0.0572722464672 0.0678771908655 0.0670397884614
nonkin 0.0974145117324 0.094383553295 0.0942214388677 0.0982672348251 0.0871118540989 0.100347767708
many_rivals 1 1 1 1 1 1
O' values
no_rival 1826.11195882 2476.85981925 1961.4089764 2019.95362917 2266.68615487 2437.51080673
brother 1105.35135887 928.98283701 1696.41817538 1257.15341097 1178.59915798 1551.31754421
nonkin 923.886989725 1599.85500364 997.649803799 946.398870036 1170.90838044 1365.25209409
many_rivals 0 0 0 0 0 0
