Parameter Female_0 Female_1 Female_2 Female_3 Female_4 Female_5
Size 20.7550961323 26.8307847869 32.0719539818 20.6620540452 25.922192621 31.4763315387
Profit 2.93091860677 3.52027841769 4.96780036842 2.9261171052 3.38455504972 4.72343337887
E values
no_rival 0.0694686812099 0.0834376971793 0.117746886356 0.0693548759404 0.0802207796707 0.111954895934
brother 0.0217339716033 0.0261043179395 0.0368382908652 0.0216983664867 0.0250978731278 0.035026208742
nonkin 0.0393324726143 0.0472415897659 0.0666671095856 0.0392680372087 0.0454202032418 0.063387742529
many_rivals 0.0 0.0 0.0 0.0 0.0 0.0
Observed values
no_rival 231 225 299 237 282 262
brother 63 88 111 67 69 93
nonkin 85 105 158 59 90 142
many_rivals 0 0 0 0 0 0
Q values
no_rival 0.131236932413 0.117073230357 0.102046696929 0.140607702613 0.123755336577 0.11190851302
brother 0.0698425843556 0.0624182776634 0.0629136832972 0.0616980701648 0.057104629509 0.0505743514331
nonkin 0.0832273847574 0.0970232172997 0.0975334530843 0.0804143305724 0.0971415181968 0.10387758479
many_rivals 1 1 1 1 1 1
O' values
no_rival 1760.17524757 1921.87402119 2930.03114258 1685.54066097 2278.68961292 2341.19811737
brother 902.028477057 1409.84345122 1764.32207085 1085.9334793 1208.30833845 1838.87676984
nonkin 1021.29846141 1082.2151947 1619.9569994 733.700070374 926.483358204 1366.99366169
many_rivals 0 0 0 0 0 0
