Parameter Female_0 Female_1 Female_2 Female_3 Female_4 Female_5
Size 19.4361914344 28.076142601 32.1770991473 19.7820613339 29.4311771255 32.7026825525
Profit 2.87008423104 3.7481284071 5.01384143566 2.88461349642 4.06454086266 5.25808329499
E values
no_rival 0.0640712147234 0.083672505979 0.111928042996 0.0643955632815 0.0907360374816 0.117380451829
brother 0.0200453202384 0.0261777802206 0.0350178075316 0.0201467959283 0.0283876766865 0.0367236481592
nonkin 0.0362764810642 0.0473745361602 0.0633725386637 0.0364601239744 0.0513738370617 0.066459638021
many_rivals 0.0 0.0 0.0 0.0 0.0 0.0
Observed values
no_rival 220 197 350 134 326 319
brother 27 104 110 52 82 107
nonkin 92 52 177 64 134 179
many_rivals 0 0 0 0 0 0
Q values
no_rival 0.140169342196 0.126656513806 0.111331694103 0.125824932854 0.125801315314 0.108222192663
brother 0.0480949007533 0.0681730862363 0.0567088773272 0.0591803562287 0.0656837526911 0.0563850751226
nonkin 0.0998001399802 0.0834296568393 0.107754148558 0.0971485172325 0.0866582441039 0.105859141846
many_rivals 1 1 1 1 1 1
O' values
no_rival 1569.53008806 1555.38782871 3143.75886238 1064.97175846 2591.38784986 2947.63940879
brother 561.390076227 1525.52870556 1939.73157616 878.669939043 1248.4061376 1897.66529117
nonkin 921.842394392 623.279562328 1642.62817133 658.785144881 1546.30412127 1690.92623348
many_rivals 0 0 0 0 0 0
