Parameter Female_0 Female_1 Female_2 Female_3 Female_4 Female_5
Size 22.8926959253 26.8252811099 33.4682009809 23.5496643955 25.7538302194 29.7673144456
Profit 3.06776835314 3.51938481078 5.65973032116 3.12208141726 3.3618448434 4.1562711441
E values
no_rival 0.0713335474073 0.0818347979198 0.131603365933 0.0725964666007 0.0781715862826 0.0966440521466
brother 0.0223174136419 0.0256028348772 0.0411734290658 0.0227125305407 0.0244567624844 0.0302360581546
nonkin 0.0403883412066 0.0463340442342 0.0745125097576 0.0411033934247 0.0442599704374 0.0547188958849
many_rivals 0.0 0.0 0.0 0.0 0.0 0.0
Observed values
no_rival 267 201 308 275 273 242
brother 42 61 119 95 58 109
nonkin 103 84 210 83 86 97
many_rivals 0 0 0 0 0 0
Q values
no_rival 0.131827713006 0.119355744615 0.0938515973642 0.134391181851 0.133610313498 0.111516136243
brother 0.0581192134345 0.0570806334873 0.0650045418935 0.0635664805582 0.0613527776252 0.0658127242178
nonkin 0.0921700259875 0.103662728464 0.102580550293 0.0903682889262 0.0886971841846 0.0984628860726
many_rivals 1 1 1 1 1 1
O' values
no_rival 2025.3707958 1684.04127216 3281.77685463 2046.26521036 2043.25544079 2170.08953281
brother 722.652587983 1068.66368282 1830.64131419 1494.49834513 945.352472129 1656.2146803
nonkin 1117.49995616 810.320172397 2047.17170458 918.463777353 969.59109571 985.142766671
many_rivals 0 0 0 0 0 0
