Parameter Female_0 Female_1 Female_2 Female_3 Female_4 Female_5
Size 24.1172307718 26.4109772962 32.3695877312 20.8825810268 26.9471855537 29.6088290897
Profit 3.17469686308 3.45469343996 5.10051435138 2.93763491812 3.53939526627 4.11230128219
E values
no_rival 0.0756980338842 0.0823743218192 0.121617566921 0.0700454869118 0.0843939671568 0.0980544395977
brother 0.023682886881 0.0257716303244 0.0380492719868 0.0219144310352 0.0264034965647 0.0306773119725
nonkin 0.0428594698049 0.0466395172708 0.0688586502147 0.0396590542346 0.0477830202645 0.0555174431558
many_rivals 0.0 0.0 0.0 0.0 0.0 0.0
Observed values
no_rival 243 273 222 332 211 307
brother 64 53 106 20 62 80
nonkin 102 86 181 53 81 113
many_rivals 0 0 0 0 0 0
Q values
no_rival 0.134938832152 0.123790568631 0.0918283369336 0.141665994578 0.122202677921 0.114274499659
brother 0.0620492791308 0.0529272145849 0.0660492474644 0.0528510636809 0.0612526113159 0.0671280387227
nonkin 0.0897660703797 0.10585542564 0.0976585401641 0.0884849072146 0.0916823773046 0.0853713289135
many_rivals 1 1 1 1 1 1
O' values
no_rival 1800.81594101 2205.33763612 2417.55440002 2343.54052989 1726.63973973 2686.51362216
brother 1031.43825193 1001.37519829 1604.86309942 378.421901227 1012.20174402 1191.7523813
nonkin 1136.28679042 812.42883376 1853.39653548 598.972205186 883.484944232 1323.62938985
many_rivals 0 0 0 0 0 0
