Parameter Female_0 Female_1 Female_2 Female_3 Female_4 Female_5
Size 23.1776171012 25.883680737 33.8339015458 24.7440827886 28.9690178313 34.5868732864
Profit 3.09050516338 3.37929687307 5.87290629872 3.23969305776 3.94748803527 6.3606220607
E values
no_rival 0.0635258531998 0.0694620153433 0.120718576306 0.0665924354499 0.081141280205 0.130743655786
brother 0.0198746984321 0.0217318861203 0.037768013783 0.0208341093548 0.0253858609249 0.0409044601493
nonkin 0.0359677028232 0.0393286984672 0.0683496507186 0.0377039710274 0.0459413814392 0.0740257504697
many_rivals 0.0 0.0 0.0 0.0 0.0 0.0
Observed values
no_rival 200 296 224 346 233 267
brother 37 55 97 75 36 98
nonkin 89 91 177 89 124 190
many_rivals 0 0 0 0 0 0
Q values
no_rival 0.138114853829 0.135432419989 0.0829030898826 0.140683463853 0.126580571965 0.0840674885922
brother 0.049664433612 0.0556268907159 0.0647401067198 0.0628214686681 0.0518946800076 0.0665131128947
nonkin 0.0911253803522 0.0814362275931 0.103315819516 0.0750412262475 0.094952079328 0.0941851932895
many_rivals 1 1 1 1 1 1
O' values
no_rival 1448.07017099 2185.59189907 2701.94995527 2459.42195709 1840.72481569 3176.01970121
brother 744.99993877 988.730437603 1498.29842604 1193.85938581 693.712727292 1473.39367735
nonkin 976.676307479 1117.43879462 1713.19359251 1186.01473417 1305.92190163 2017.30222516
many_rivals 0 0 0 0 0 0
