Parameter Female_0 Female_1 Female_2 Female_3 Female_4 Female_5
Size 21.6565356937 27.9278177994 29.8884085958 21.1593310543 27.5805890407 31.2393071832
Profit 2.98203894606 3.71812167163 4.19075803232 2.95277888957 3.65105183276 4.63352335171
E values
no_rival 0.0717178826576 0.0894206341957 0.100787514263 0.0710141798102 0.0878076080343 0.111435997329
brother 0.0224376567683 0.0279761396145 0.0315323817123 0.0222174962954 0.0274714882496 0.0348638661245
nonkin 0.0406059479819 0.0506290688753 0.0570648827006 0.0402075184667 0.0497157895929 0.0630939473279
many_rivals 0.0 0.0 0.0 0.0 0.0 0.0
Observed values
no_rival 234 272 235 250 283 269
brother 50 119 54 63 77 97
nonkin 89 122 126 91 108 125
many_rivals 0 0 0 0 0 0
Q values
no_rival 0.131474057088 0.12287017185 0.105211827058 0.137927649795 0.120202816846 0.104440567336
brother 0.0611228303836 0.058198710725 0.0542888928493 0.0525003867454 0.0691957088526 0.0705339660056
nonkin 0.0857615787047 0.0996721080561 0.107234630784 0.0908783535299 0.0879357053166 0.0866319049314
many_rivals 1 1 1 1 1 1
O' values
no_rival 1779.81881128 2213.71872363 2233.58919401 1812.544478 2354.35414432 2575.62752541
brother 818.024945608 2044.71883513 994.6786012 1199.99116017 1112.78576774 1375.22395937
nonkin 1037.76074723 1224.01344147 1174.99355459 1001.33856375 1228.1700546 1442.88642965
many_rivals 0 0 0 0 0 0
