Parameter Female_0 Female_1 Female_2 Female_3 Female_4 Female_5
Size 20.5936958026 25.3634602206 32.0437609945 20.9584568537 29.3295020545 30.2340416518
Profit 2.92264237371 3.3118637836 4.95560858315 2.94170909885 4.03791290367 4.29360610303
E values
no_rival 0.0692409399062 0.0784620668201 0.117404373245 0.0696926537324 0.0956630504042 0.101720732182
brother 0.021662720459 0.0245476422253 0.0367311322134 0.0218040436467 0.0299291419495 0.0318243482705
nonkin 0.0392035277655 0.0444244376129 0.0664731820876 0.0394592836168 0.0541634625084 0.0575932613543
many_rivals 0.0 0.0 0.0 0.0 0.0 0.0
Observed values
no_rival 243 340 255 272 290 185
brother 70 71 114 82 50 57
nonkin 52 107 175 95 131 114
many_rivals 0 0 0 0 0 0
Q values
no_rival 0.133587081135 0.133122538039 0.0928717316513 0.129841296583 0.119959857558 0.0905090107459
brother 0.0499156750102 0.0653695878249 0.0703213840812 0.0628222209754 0.0581893351706 0.0639042874668
nonkin 0.0991917701572 0.0864942608691 0.0958566559565 0.0935414730528 0.0929748775768 0.10469877189
many_rivals 1 1 1 1 1 1
O' values
no_rival 1819.03817297 2554.03784369 2745.72246545 2094.86509423 2417.47536138 2043.99538207
brother 1402.36508844 1086.1319822 1621.12850151 1305.27063079 859.263984602 891.958932015
nonkin 524.237040206 1237.0762976 1825.64265625 1015.59230253 1408.9827641 1088.83798675
many_rivals 0 0 0 0 0 0
