Parameter Female_0 Female_1 Female_2 Female_3 Female_4 Female_5
Size 19.4564549129 25.7064423209 30.7163874894 24.0932928471 28.1255353464 32.5279094341
Profit 2.87090974724 3.35558084708 4.44873339033 3.1723629197 3.75830723136 5.17418254293
E values
no_rival 0.0670696471775 0.0783924411784 0.103930462866 0.0741121388254 0.0878008583285 0.120878267915
brother 0.020983409816 0.0245258591471 0.0325156846121 0.0231867237529 0.0274693765367 0.0378179748998
nonkin 0.0379741635354 0.0443850162708 0.0588443887699 0.0419615518816 0.049711967977 0.0684400665106
many_rivals 0.0 0.0 0.0 0.0 0.0 0.0
Observed values
no_rival 324 307 243 224 285 243
brother 82 89 100 46 82 83
nonkin 135 79 83 106 88 123
many_rivals 0 0 0 0 0 0
Q values
no_rival 0.140061400672 0.139799066094 0.103823922943 0.130502237462 0.121127601765 0.0964844893649
brother 0.0588391658932 0.063135496916 0.0659500105091 0.0524593421168 0.0628986127013 0.0645415887687
nonkin 0.0866628441257 0.0835737830558 0.104517578343 0.103324978134 0.0948819653565 0.103117511151
many_rivals 1 1 1 1 1 1
O' values
no_rival 2313.27116854 2196.00894754 2340.50104361 1716.4456668 2352.89063637 2518.53952485
brother 1393.62954514 1409.66657978 1516.29998582 876.869555428 1303.68535137 1285.99251403
nonkin 1557.76101468 945.272513837 794.124790451 1025.88940172 927.468140751 1192.81389384
many_rivals 0 0 0 0 0 0
