Parameter Female_0 Female_1 Female_2 Female_3 Female_4 Female_5
Size 21.3990237513 26.3082877724 30.669469819 23.235440363 26.495069803 32.6420935266
Profit 2.96654465531 3.43942047767 4.43302143426 3.09526945842 3.4674211227 5.22868565879
E values
no_rival 0.0697623396193 0.0808826588964 0.104248539216 0.0727894787575 0.0815411322165 0.122959667584
brother 0.0218258455733 0.0253049486623 0.0326151979792 0.0227729163241 0.0255109586252 0.0384691616004
nonkin 0.039498739069 0.0457949526405 0.0590244804189 0.0412126749777 0.0461677736496 0.0696185341895
many_rivals 0.0 0.0 0.0 0.0 0.0 0.0
Observed values
no_rival 237 293 282 281 232 227
brother 68 70 134 54 41 138
nonkin 85 122 169 82 84 127
many_rivals 0 0 0 0 0 0
Q values
no_rival 0.136196240973 0.120403817822 0.109394857252 0.137003445168 0.120788324487 0.0951041052248
brother 0.0523718971269 0.0584448474599 0.0660353619899 0.0540549663023 0.0542401796823 0.073085332324
nonkin 0.0962247311972 0.0985113395902 0.0998435131132 0.0851664337303 0.0942221824236 0.0888651358073
many_rivals 1 1 1 1 1 1
O' values
no_rival 1740.13613229 2433.47765296 2577.81770628 2051.04331249 1920.71544154 2386.858059
brother 1298.40627761 1197.71037213 2029.21580138 998.983140569 755.897200934 1888.20376965
nonkin 883.348791339 1238.43610804 1692.64877337 962.820637291 891.509810528 1429.13189572
many_rivals 0 0 0 0 0 0
