Parameter Female_0 Female_1 Female_2 Female_3 Female_4 Female_5
Size 19.4451895999 26.711227239 31.1119718597 23.1752137224 25.6759192896 31.0718879996
Profit 2.87045042162 3.50107225321 4.58684464254 3.09030825394 3.35157548346 4.57237956869
E values
no_rival 0.0695231848216 0.0847970379491 0.111094776426 0.0748482085863 0.0811761805829 0.110744427925
brother 0.0217510236033 0.0265296012928 0.0347571117525 0.0234170105383 0.0253967798572 0.0346475017205
nonkin 0.0393633320141 0.0480112349164 0.0629007514644 0.0423783072195 0.0459611416843 0.0627023876466
many_rivals 0.0 0.0 0.0 0.0 0.0 0.0
Observed values
no_rival 251 319 267 282 212 286
brother 38 89 49 62 55 98
nonkin 85 132 115 88 97 153
many_rivals 0 0 0 0 0 0
Q values
no_rival 0.143041037966 0.128042319591 0.107265929437 0.144100015502 0.123660644305 0.115237165333
brother 0.0537141401377 0.0534972950442 0.0572607500094 0.0573380714476 0.0643307022132 0.0652438206376
nonkin 0.0887766310881 0.0957457458669 0.101685799412 0.0870300709186 0.088356453359 0.0925263139523
many_rivals 1 1 1 1 1 1
O' values
no_rival 1754.74118175 2491.36380081 2489.14078685 1956.97411286 1714.36920123 2481.83820882
brother 707.44872584 1663.63551515 855.734512592 1081.30598806 854.95724604 1502.05795802
nonkin 957.45917544 1378.65133124 1130.93470932 1011.14475803 1097.82586684 1653.58365058
many_rivals 0 0 0 0 0 0
