Parameter Female_0 Female_1 Female_2 Female_3 Female_4 Female_5
Size 20.6565220189 27.1061221875 31.1020600646 23.5188952559 27.7726392288 30.2675567917
Profit 2.92583424814 3.56618021892 4.58325765653 3.11938571724 3.68760807154 4.30393771601
E values
no_rival 0.0701824278768 0.0855425033625 0.109939293425 0.0748251761902 0.0884552115975 0.103239203838
brother 0.0219572743855 0.026762827602 0.034395607341 0.0234098046229 0.0276740975004 0.0322994173127
nonkin 0.0397365888396 0.0484333099788 0.0622465285445 0.0423652665071 0.0500824562544 0.058453004821
many_rivals 0.0 0.0 0.0 0.0 0.0 0.0
Observed values
no_rival 270 228 228 281 287 245
brother 23 80 114 72 64 55
nonkin 113 114 163 77 86 155
many_rivals 0 0 0 0 0 0
Q values
no_rival 0.146300002252 0.116597450744 0.0943076617835 0.129547269561 0.124781557573 0.101491561384
brother 0.0612738831506 0.0694221418273 0.0704922185779 0.0648638868786 0.0549359184528 0.0551027051887
nonkin 0.0813950063238 0.0899459754525 0.0987538222788 0.0946602664814 0.100079980695 0.115965004148
many_rivals 1 1 1 1 1 1
O' values
no_rival 1845.52286975 1955.4458399 2417.6190533 2169.09241664 2300.01937452 2413.99380065
brother 375.363838839 1152.37009251 1617.19977467 1110.01673604 1164.99372 998.136113492
nonkin 1388.29155625 1267.42746884 1650.56902344 813.43527609 859.312715718 1336.6101363
many_rivals 0 0 0 0 0 0
