Parameter Female_0 Female_1 Female_2 Female_3 Female_4 Female_5
Size 21.6940388645 28.6339863952 33.4214459434 23.4299077369 26.0487712564 32.9417857747
Profit 2.9843584785 3.86874959993 5.63351341437 3.11167634895 3.40210697991 5.37740718781
E values
no_rival 0.0651505263741 0.084457371546 0.12298333693 0.0679299599898 0.0742702534293 0.117392368021
brother 0.0203829936814 0.0264233332619 0.038476566792 0.0212525672824 0.0232361914879 0.0367273762589
nonkin 0.0368875765278 0.0478189191957 0.0696319355366 0.0384612640466 0.0420510747892 0.0664663848496
many_rivals 0.0 0.0 0.0 0.0 0.0 0.0
Observed values
no_rival 216 284 245 221 239 297
brother 47 92 132 62 62 96
nonkin 73 135 130 101 138 113
many_rivals 0 0 0 0 0 0
Q values
no_rival 0.136961463955 0.120283595788 0.0949902555898 0.132553518869 0.124403686496 0.105870878838
brother 0.0598570238659 0.0635448056308 0.0637145699731 0.0598188387883 0.0574432662986 0.0622987755689
nonkin 0.0891444789622 0.0946506267721 0.10173052712 0.0868078252047 0.0995792239506 0.0921699509484
many_rivals 1 1 1 1 1 1
O' values
no_rival 1577.08594638 2361.08671461 2579.21192525 1667.25109892 1921.16493274 2805.30400105
brother 785.204424885 1447.79733114 2071.73963594 1036.46278089 1079.32581127 1540.96126486
nonkin 818.895357849 1426.29800355 1277.885839 1163.48957899 1385.83124597 1225.99609566
many_rivals 0 0 0 0 0 0
