Parameter Female_0 Female_1 Female_2 Female_3 Female_4 Female_5
Size 21.659415262 27.6211324325 32.5467403006 21.9060963168 28.880011447 33.0449688494
Profit 2.98221646745 3.65866003658 5.18309094096 2.99778502129 3.92608561502 5.43057428477
E values
no_rival 0.0656406763447 0.0805296737973 0.114083467325 0.0659833511355 0.0864158983663 0.119530749321
brother 0.0205363420012 0.0251945137442 0.0356921535873 0.0206435512363 0.0270360779629 0.0373963902326
nonkin 0.0371650945396 0.0455950960073 0.0645929183648 0.0373591135794 0.048927817496 0.0676771149582
many_rivals 0.0 0.0 0.0 0.0 0.0 0.0
Observed values
no_rival 192 236 269 223 302 262
brother 87 70 81 35 91 114
nonkin 69 62 168 84 96 203
many_rivals 0 0 0 0 0 0
Q values
no_rival 0.145507504247 0.124942864528 0.104829544516 0.145609281722 0.125013979515 0.0904160915144
brother 0.053062268704 0.0665510243784 0.0521675850004 0.0573771471104 0.065206281576 0.0618596165288
nonkin 0.0877868594805 0.0842138308326 0.112469618834 0.0840624133028 0.086557162781 0.109541133267
many_rivals 1 1 1 1 1 1
O' values
no_rival 1319.51957388 1888.86336881 2566.07048369 1531.49577666 2415.72983415 2897.71428528
brother 1639.58311857 1051.82453093 1552.68832167 609.998958865 1395.5710677 1842.88242309
nonkin 785.994628448 736.221109847 1493.73672412 999.257536153 1109.09365459 1853.18513645
many_rivals 0 0 0 0 0 0
