Parameter Female_0 Female_1 Female_2 Female_3 Female_4 Female_5
Size 23.8039930073 25.8952172487 30.4677086055 23.6512634386 28.3988427591 31.2331642925
Profit 3.14496836414 3.38086802026 4.36700664144 3.13109371803 3.81636457069 4.6312458338
E values
no_rival 0.0744809093513 0.0800676176641 0.103421907039 0.0741523221798 0.0903812918698 0.109679768186
brother 0.0233020972996 0.0250499548624 0.0323565778363 0.0231992955172 0.0282766909744 0.0343144122746
nonkin 0.0421703460656 0.0453334844452 0.0585564495466 0.041984303295 0.0511729836438 0.0620995879491
many_rivals 0.0 0.0 0.0 0.0 0.0 0.0
Observed values
no_rival 245 234 268 273 320 285
brother 53 62 101 45 75 98
nonkin 52 99 188 86 128 112
many_rivals 0 0 0 0 0 0
Q values
no_rival 0.138174286569 0.126192679954 0.1118792452 0.144900520804 0.125547485781 0.0979792061238
brother 0.0587727701721 0.0582561110428 0.0589524880908 0.0558116573608 0.0592968259748 0.0720979897166
nonkin 0.09289350841 0.0930345304726 0.106303560692 0.0885056287558 0.0923142028101 0.0952041630895
many_rivals 1 1 1 1 1 1
O' values
no_rival 1773.12296002 1854.30723942 2395.43982908 1884.0511993 2548.83638657 2908.78045735
brother 901.778150746 1064.26602961 1713.24405926 806.283169644 1264.82318011 1359.26119973
nonkin 559.780773598 1064.12102579 1768.52025253 971.68961126 1386.56887135 1176.41914351
many_rivals 0 0 0 0 0 0
