Parameter Female_0 Female_1 Female_2 Female_3 Female_4 Female_5
Size 20.2342740848 26.5542549717 31.9204373696 21.6728579153 28.7328678814 34.1916931062
Profit 2.9050868274 3.47649996125 4.90302878591 2.98304645638 3.89147680721 6.09609189334
E values
no_rival 0.0637404859832 0.0762778568134 0.107577313923 0.065450997556 0.0853828603483 0.133754301667
brother 0.0199418484447 0.0238642902826 0.0336566384338 0.0204769990954 0.0267128816886 0.0418463708194
nonkin 0.0360892257588 0.0431877597492 0.0609091993698 0.0370577003062 0.0483429217006 0.0757303480607
many_rivals 0.0 0.0 0.0 0.0 0.0 0.0
Observed values
no_rival 218 223 243 204 281 335
brother 52 75 86 58 59 107
nonkin 70 60 136 60 142 253
many_rivals 0 0 0 0 0 0
Q values
no_rival 0.137710165471 0.120033882266 0.1044543482 0.140289163949 0.120353200968 0.092938765896
brother 0.0545257849587 0.0597912952259 0.060396340436 0.0626828132176 0.0560372966818 0.0518109103908
nonkin 0.0881543004745 0.0881083373722 0.0940786534373 0.0777725779581 0.095946137132 0.104073357982
many_rivals 1 1 1 1 1 1
O' values
no_rival 1583.03491434 1857.80877691 2326.37515037 1454.13939508 2334.79456916 3604.5238687
brother 953.677238015 1254.36319311 1423.92733366 925.293505871 1052.8702042 2065.20208182
nonkin 794.062225249 680.97982313 1445.59892208 771.480148598 1479.99705089 2430.97758067
many_rivals 0 0 0 0 0 0
