Parameter Female_0 Female_1 Female_2 Female_3 Female_4 Female_5
Size 22.7225786333 27.6265166929 32.9901319697 21.6250014255 25.6524598467 30.4212941351
Profit 3.05476030823 3.65967477742 5.4021905994 2.98010115498 3.34851256048 4.35216990797
E values
no_rival 0.0713104711456 0.0854316235269 0.126108996448 0.0695676242913 0.0781678378108 0.101597263067
brother 0.0223101940026 0.0267281377366 0.0394544606289 0.0217649269358 0.0244555897375 0.0317857197232
nonkin 0.0403752756579 0.0483705309247 0.0714016526991 0.0393884931975 0.0442578480901 0.057523354376
many_rivals 0.0 0.0 0.0 0.0 0.0 0.0
Observed values
no_rival 223 269 316 239 288 287
brother 42 83 89 81 63 70
nonkin 44 148 154 66 116 162
many_rivals 0 0 0 0 0 0
Q values
no_rival 0.133420637337 0.114977502303 0.100482520928 0.130774987319 0.127649630413 0.111348080283
brother 0.0685837571519 0.0554054899257 0.0609356272758 0.0682979557342 0.0622723950417 0.0544126612849
nonkin 0.0775807577001 0.105826952364 0.101813461205 0.0856546883401 0.0869977377657 0.101562826758
many_rivals 1 1 1 1 1 1
O' values
no_rival 1671.40559699 2339.58813343 3144.82555853 1827.56660811 2256.17574503 2577.50290145
brother 612.389897319 1498.04649524 1460.5577062 1185.97986029 1011.68422955 1286.46528854
nonkin 567.15094444 1398.50951665 1512.57012754 770.535755591 1333.36800449 1595.07179124
many_rivals 0 0 0 0 0 0
