Parameter Female_0 Female_1 Female_2 Female_3 Female_4 Female_5
Size 19.3716493435 27.5792051985 29.6573517166 22.234196446 25.0335791746 31.0649518267
Profit 2.86747563 3.65079316502 4.12562493261 3.01963882502 3.27238502473 4.56988751403
E values
no_rival 0.070958707075 0.0903427251752 0.102092937785 0.0747241457312 0.0809786168633 0.11308668366
brother 0.0222001410955 0.0282646249983 0.0319407965155 0.0233781962335 0.0253349700718 0.0353802998499
nonkin 0.0401761103588 0.051151147567 0.0578040004446 0.0423080640716 0.0458492830818 0.0640285494216
many_rivals 0.0 0.0 0.0 0.0 0.0 0.0
Observed values
no_rival 279 382 243 306 216 247
brother 78 87 56 61 33 74
nonkin 61 106 145 60 98 177
many_rivals 0 0 0 0 0 0
Q values
no_rival 0.130270532412 0.125835192783 0.108428626218 0.135748969086 0.115670046167 0.0962959955014
brother 0.0515992729204 0.0568306596901 0.0653542336689 0.0610477986611 0.0646572334938 0.0607906988057
nonkin 0.102783780317 0.0923681306373 0.094504665437 0.0859611931789 0.0921535207451 0.108253022764
many_rivals 1 1 1 1 1 1
O' values
no_rival 2141.6969351 3035.71673036 2241.10558692 2254.16076497 1867.38059816 2565.00801216
brother 1511.64920716 1530.86380616 856.86874218 999.217028917 510.383729968 1217.29148461
nonkin 593.478852517 1147.58195569 1534.31578568 697.989380803 1063.44282028 1635.05826887
many_rivals 0 0 0 0 0 0
