Parameter Female_0 Female_1 Female_2 Female_3 Female_4 Female_5
Size 23.6502353752 27.7527596156 33.2021508642 24.3096417908 29.4981040342 30.9750376881
Profit 3.13100166248 3.68376273513 5.51356629029 3.19384191734 4.08234734361 4.53787413725
E values
no_rival 0.0690183586435 0.0812031691512 0.121538515993 0.0704035802803 0.0899893846898 0.100030807533
brother 0.0215930836852 0.0254052235007 0.0380245401134 0.0220264641265 0.028154078894 0.0312956384447
nonkin 0.0390775044804 0.0459764223417 0.0688138923698 0.0398618031189 0.0509510897175 0.056636442917
many_rivals 0.0 0.0 0.0 0.0 0.0 0.0
Observed values
no_rival 244 213 304 241 242 311
brother 68 69 110 43 53 94
nonkin 145 85 212 57 122 136
many_rivals 0 0 0 0 0 0
Q values
no_rival 0.136981024006 0.124613932307 0.102601489893 0.141524274533 0.116173854484 0.116635083042
brother 0.0602583195432 0.0607805762288 0.0651989395144 0.0528271473431 0.0558960948025 0.0627850845546
nonkin 0.0957906407802 0.0870951756718 0.103630074274 0.0919803036781 0.107900877639 0.0958586337884
many_rivals 1 1 1 1 1 1
O' values
no_rival 1781.26862294 1709.27917975 2962.91993728 1702.88807906 2083.08488235 2666.43613472
brother 1128.4748814 1135.23109324 1687.14400601 813.975430487 948.1878866 1497.17087533
nonkin 1513.71782064 975.943837812 2045.73818445 619.697888794 1130.66735572 1418.75587649
many_rivals 0 0 0 0 0 0
