Parameter Female_0 Female_1 Female_2 Female_3 Female_4 Female_5
Size 22.3214381566 28.9841709988 31.4317525183 21.3095077963 28.0205810266 32.9496721887
Profit 3.02567935119 3.95116743371 4.70621712236 2.96133123342 3.73679030067 5.38143464812
E values
no_rival 0.0677626279393 0.0884897101312 0.105399681476 0.066321497847 0.0836885543513 0.120521744545
brother 0.0212002157771 0.0276848907117 0.0329753443466 0.0207493438164 0.0261828011143 0.0377064329985
nonkin 0.0383665223129 0.0501019889792 0.0596762456549 0.037550568866 0.0473836225882 0.0682382065441
many_rivals 0.0 0.0 0.0 0.0 0.0 0.0
Observed values
no_rival 302 290 240 228 228 213
brother 52 95 89 28 99 100
nonkin 69 135 158 73 138 157
many_rivals 0 0 0 0 0 0
Q values
no_rival 0.147391554851 0.117360811614 0.0965512991462 0.142325685422 0.110343269626 0.0904124947743
brother 0.0632652035879 0.0558372115736 0.0661426525133 0.0540613864265 0.0641760860568 0.0640778713705
nonkin 0.0721295116078 0.0951184640973 0.0956890027755 0.0882230371009 0.0925647152229 0.101822070468
many_rivals 1 1 1 1 1 1
O' values
no_rival 2048.96406924 2471.01222301 2485.72522713 1601.95961343 2066.27917382 2355.86907022
brother 821.936815989 1701.37435811 1345.57651709 517.929743405 1542.63069132 1560.6011539
nonkin 956.612605049 1419.28279941 1651.18242867 827.448276537 1490.8488582 1541.90539711
many_rivals 0 0 0 0 0 0
