Parameter Female_0 Female_1 Female_2 Female_3 Female_4 Female_5
Size 20.3391121974 27.9106591318 32.855963759 23.6502211732 27.0059539304 31.9980491896
Profit 2.91008601398 3.71470389295 5.33396180956 3.13100039092 3.54920647495 4.9359772668
E values
no_rival 0.0656926784685 0.0838562321775 0.120409581172 0.070679629735 0.0801202708982 0.111425423839
brother 0.0205526113857 0.0262352607991 0.0376713415655 0.0221128289589 0.0250664279532 0.0348605581022
nonkin 0.0371945376221 0.0474785600966 0.0681747007638 0.0400180995596 0.0453632961798 0.0630879607233
many_rivals 0.0 0.0 0.0 0.0 0.0 0.0
Observed values
no_rival 181 343 248 326 199 339
brother 40 38 105 80 54 131
nonkin 84 118 117 74 57 160
many_rivals 0 0 0 0 0 0
Q values
no_rival 0.132619133203 0.132104044228 0.099037303475 0.1454497471 0.12492807022 0.104236414896
brother 0.0597653648876 0.0503879525504 0.0606092914251 0.0614450656412 0.060800897796 0.0581942348932
nonkin 0.087249914675 0.0948838498194 0.0995584243619 0.0763142158795 0.0892358240552 0.0980270636288
many_rivals 1 1 1 1 1 1
O' values
no_rival 1364.81060937 2596.43829986 2504.1069506 2241.32393833 1592.91662514 3252.22236719
brother 669.283958614 754.148523142 1732.40764792 1301.97598725 888.144780052 2251.08209156
nonkin 962.751657842 1243.62576165 1175.18934987 969.675166641 638.756918575 1632.20231309
many_rivals 0 0 0 0 0 0
