Parameter Female_0 Female_1 Female_2 Female_3 Female_4 Female_5
Size 21.4057197473 29.2642167707 33.0061828193 21.5140200057 28.6784941761 30.7720460914
Profit 2.96693815631 4.02108058494 5.41046839619 2.97337162043 3.87892732 4.46755248947
E values
no_rival 0.0665711245431 0.0902236050484 0.121398204635 0.0667154763693 0.087034019622 0.100241386072
brother 0.0208274420245 0.0282273570754 0.0379806423021 0.0208726039369 0.0272294633789 0.0313615200466
nonkin 0.037691905005 0.0510837029424 0.0687344494823 0.0377736355656 0.0492777915698 0.0567556703803
many_rivals 0.0 0.0 0.0 0.0 0.0 0.0
Observed values
no_rival 252 250 313 239 255 253
brother 44 68 110 51 85 97
nonkin 67 111 216 75 115 109
many_rivals 0 0 0 0 0 0
Q values
no_rival 0.139811291046 0.12275162518 0.102661197614 0.152881821997 0.114259591075 0.109854236837
brother 0.059903321251 0.0643268987687 0.0611325162531 0.0496127254314 0.06602606097 0.0658525008296
nonkin 0.0825179222468 0.0962913014891 0.105449473563 0.0852729281804 0.0928883788875 0.0971542965271
many_rivals 1 1 1 1 1 1
O' values
no_rival 1802.42953279 2036.63291327 3048.86371167 1563.29900363 2231.76013148 2303.05181926
brother 734.516869535 1057.10054894 1799.36974203 1027.96207136 1287.37045269 1472.9888581
nonkin 811.944825751 1152.75209997 2048.3743797 879.528844622 1238.04507493 1121.92670727
many_rivals 0 0 0 0 0 0
