Parameter Female_0 Female_1 Female_2 Female_3 Female_4 Female_5
Size 24.6046315752 27.4369870275 30.9668554447 21.6843166071 27.3507862711 30.3801290339
Profit 3.22456676589 3.62456410086 4.53498757543 2.98375560152 3.60900301041 4.33911867297
E values
no_rival 0.0768983050697 0.0864372972272 0.108148747841 0.071155527287 0.0860662019555 0.103477736909
brother 0.0240584037241 0.0270427728105 0.0338354172497 0.022261718267 0.0269266719438 0.0323740447694
nonkin 0.0435390513474 0.0489399333171 0.0612327395404 0.0402875479946 0.0487298228852 0.0585880598607
many_rivals 0.0 0.0 0.0 0.0 0.0 0.0
Observed values
no_rival 263 241 298 208 280 229
brother 57 56 145 63 80 47
nonkin 124 120 152 64 126 143
many_rivals 0 0 0 0 0 0
Q values
no_rival 0.128072403156 0.113019792245 0.10486577215 0.128107874952 0.125414963764 0.103360730691
brother 0.0543407189695 0.0610905980014 0.0643555537797 0.0646291120926 0.0630113017761 0.0580008486758
nonkin 0.1018369415 0.0996738407767 0.100626321673 0.0896822444963 0.0902437733499 0.0981339931547
many_rivals 1 1 1 1 1 1
O' values
no_rival 2053.52592377 2132.36987267 2841.72799085 1623.63164699 2232.58845354 2215.54161304
brother 1048.93717052 916.671334576 2253.10779698 974.792906171 1269.61350972 810.332970518
nonkin 1217.63279781 1203.92671803 1510.53916583 713.630667469 1396.21821343 1457.19128921
many_rivals 0 0 0 0 0 0
