Parameter Female_0 Female_1 Female_2 Female_3 Female_4 Female_5
Size 21.9999657956 26.010190982 31.1454127398 21.8373138749 27.9147919657 31.9850299268
Profit 3.00390084952 3.39671311863 4.59899583854 2.99337144921 3.71552609459 4.93041672099
E values
no_rival 0.0706141074906 0.0798481299114 0.108110754236 0.0703665879344 0.0873426162083 0.115901620509
brother 0.0220923296695 0.0249812859241 0.0338235305703 0.0220148907012 0.0273260109069 0.0362609809926
nonkin 0.0399810015201 0.0452092126746 0.0612112279408 0.0398408584226 0.049452515871 0.0656223385162
many_rivals 0.0 0.0 0.0 0.0 0.0 0.0
Observed values
no_rival 196 274 316 288 204 203
brother 59 68 131 76 72 84
nonkin 94 90 157 88 129 136
many_rivals 0 0 0 0 0 0
Q values
no_rival 0.129225389413 0.133564323939 0.108732103778 0.13330316861 0.112220920131 0.086665376008
brother 0.0599381892495 0.0547876048526 0.0637154867908 0.0567054457293 0.0630685349392 0.0558514928941
nonkin 0.0939622021472 0.0908371934207 0.0972251453002 0.0933462421532 0.100952833891 0.106450191624
many_rivals 1 1 1 1 1 1
O' values
no_rival 1516.72980744 2051.44601432 2906.22538348 2160.48877909 1817.84287424 2342.34257498
brother 984.347387514 1241.15664817 2056.01505377 1340.25928238 1141.61522968 1503.98844592
nonkin 1000.40226657 990.783583363 1614.80859211 942.726755465 1277.82445552 1277.59281525
many_rivals 0 0 0 0 0 0
