Parameter Female_0 Female_1 Female_2 Female_3 Female_4 Female_5
Size 24.8902088937 25.1748963451 32.2763494947 22.2115583939 26.9610406394 29.8709027575
Profit 3.25597306787 3.28899905785 5.05814114285 3.01808745308 3.54169861223 4.18572397731
E values
no_rival 0.077533911099 0.0783203531603 0.120448620895 0.0718691830057 0.0843378429787 0.0996739051514
brother 0.0242572594264 0.0245033056897 0.0376835555332 0.0224849925952 0.0263859375543 0.0311839779657
nonkin 0.0438989251252 0.0443442007559 0.0681968046646 0.040691612726 0.0477512433161 0.0564343683577
many_rivals 0.0 0.0 0.0 0.0 0.0 0.0
Observed values
no_rival 263 239 249 275 259 295
brother 66 55 85 95 74 82
nonkin 70 95 158 79 95 122
many_rivals 0 0 0 0 0 0
Q values
no_rival 0.138423567373 0.130805173572 0.0980172999854 0.148718438361 0.127314978184 0.116514729168
brother 0.0535856638024 0.057341442278 0.0651125925342 0.0586889062473 0.0634054693125 0.0613844359343
nonkin 0.0918524552582 0.094012562614 0.107381435562 0.0855091002439 0.0836483518033 0.0969538179236
many_rivals 1 1 1 1 1 1
O' values
no_rival 1899.96548269 1827.14485578 2540.36787421 1849.1318429 2034.32466229 2531.86873545
brother 1231.67271462 959.166665765 1305.43104938 1618.70455721 1167.0917478 1335.84350417
nonkin 762.091767751 1010.50324934 1471.39027499 923.878274647 1135.70677667 1258.33105506
many_rivals 0 0 0 0 0 0
