Parameter Female_0 Female_1 Female_2 Female_3 Female_4 Female_5
Size 20.6249825971 27.5893844113 30.6725867094 23.8927438203 27.6008467566 31.0606244281
Profit 2.92422719849 3.65269743132 4.43406095323 3.15321512139 3.65484608903 4.56833438905
E values
no_rival 0.0695135521884 0.0868304534105 0.105404712615 0.0749569609417 0.0868815304371 0.108596606697
brother 0.0217480099377 0.027165775654 0.0329769183889 0.0234510348002 0.0271817556125 0.0339755343712
nonkin 0.0393578781136 0.0491625344165 0.0596790942357 0.0424398817156 0.0491914537182 0.0614863127458
many_rivals 0.0 0.0 0.0 0.0 0.0 0.0
Observed values
no_rival 218 236 268 298 258 275
brother 23 84 74 80 66 100
nonkin 105 101 155 97 91 160
many_rivals 0 0 0 0 0 0
Q values
no_rival 0.139073392768 0.120737405334 0.107946056488 0.131932282199 0.124418098093 0.114249654512
brother 0.0530491382523 0.0650372667539 0.0646750376739 0.0689430497834 0.061948254131 0.0587302580192
nonkin 0.0956592084294 0.0996205687881 0.0971797899599 0.0821991324143 0.0983658273943 0.10683034403
many_rivals 1 1 1 1 1 1
O' values
no_rival 1567.51766575 1954.65522343 2482.72154371 2258.7345192 2073.6533025 2407.00946689
brother 433.560294432 1291.56719205 1144.18178422 1160.3780258 1065.40532782 1702.69982412
nonkin 1097.64654887 1013.84685139 1594.98183793 1180.06111684 925.118025341 1497.70181359
many_rivals 0 0 0 0 0 0
