Parameter Female_0 Female_1 Female_2 Female_3 Female_4 Female_5
Size 21.5422797948 26.8115073796 31.8224157807 19.8131495437 25.3057354795 30.3591009502
Profit 2.97507194474 3.51715246652 4.86209443678 2.8859661405 3.30477827968 4.33249053258
E values
no_rival 0.0723703004323 0.0855567143909 0.118273185206 0.0702027515654 0.0803905927001 0.105390271996
brother 0.0226417721933 0.0267672736643 0.0370029487235 0.0219636328547 0.0251510008322 0.0329724004966
nonkin 0.0409753404018 0.048441356121 0.0669650947316 0.0397480959088 0.0455163496809 0.0596709181013
many_rivals 0.0 0.0 0.0 0.0 0.0 0.0
Observed values
no_rival 239 288 207 183 268 151
brother 97 142 151 53 162 123
nonkin 146 137 270 101 162 118
many_rivals 0 0 0 0 0 0
Q values
no_rival 0.115215697836 0.115158559127 0.0711768671136 0.133928632546 0.108724430142 0.0747982414296
brother 0.0558802673598 0.0563546725839 0.0584893724187 0.0458617256529 0.0513982507531 0.0566133385321
nonkin 0.0783987094463 0.0738616884186 0.0967926036163 0.0734708548713 0.0808745157772 0.0890038645977
many_rivals 1 1 1 1 1 1
O' values
no_rival 2074.3701118 2500.89964813 2908.24826091 1366.39937645 2464.94738716 2018.76403929
brother 1735.85425738 2519.75556754 2581.66558737 1155.64774865 3151.85823693 2172.6328669
nonkin 1862.27555314 1854.81814636 2789.4693387 1374.69477083 2003.10318328 1325.7851278
many_rivals 0 0 0 0 0 0
