Parameter Female_0 Female_1 Female_2 Female_3 Female_4 Female_5
Size 19.1381859706 25.9359055606 33.8209035729 19.6616304233 27.3019173571 33.1885309246
Profit 2.8582987643 3.38643650684 5.86507652582 2.87944729245 3.60029207769 5.50627789
E values
no_rival 0.0631287822003 0.0747933054955 0.129536892088 0.0635958715209 0.0795165492386 0.121612415747
brother 0.0197504707992 0.0233998335573 0.0405269120587 0.019896604364 0.0248775475948 0.0380476603905
nonkin 0.035742885194 0.0423472216385 0.0733424929314 0.0360073464964 0.0450214750134 0.0688557336716
many_rivals 0.0 0.0 0.0 0.0 0.0 0.0
Observed values
no_rival 235 217 195 202 236 207
brother 119 89 152 74 119 104
nonkin 76 140 216 130 170 317
many_rivals 0 0 0 0 0 0
Q values
no_rival 0.130888933486 0.11303259182 0.068604484937 0.11930639979 0.0992774731929 0.0724768939598
brother 0.0547150355223 0.0527167454266 0.0575131261934 0.0483705800527 0.057706636449 0.047033533568
nonkin 0.0638182857431 0.0758524776409 0.0800388721883 0.0815097987093 0.0800927991466 0.0961597678528
many_rivals 1 1 1 1 1 1
O' values
no_rival 1795.41534751 1919.80026738 2842.37976831 1693.11956739 2377.17573192 2856.08265877
brother 2174.90492082 1688.26810684 2642.87494109 1529.85554276 2062.15449943 2211.18831843
nonkin 1190.88125159 1845.6878978 2698.68870081 1594.90027038 2122.5378787 3296.59697687
many_rivals 0 0 0 0 0 0
