Parameter Female_0 Female_1 Female_2 Female_3 Female_4 Female_5
Size 23.2193622413 26.3397049032 34.139408662 21.7845544086 25.3401240326 34.0598107758
Profit 3.09393953283 3.44406198117 6.06253705751 2.99002435268 3.30899012215 6.01207995488
E values
no_rival 0.0660954080318 0.0735750261168 0.129513151848 0.0638754822188 0.0706895044249 0.12843524365
brother 0.0206786093568 0.0230186826709 0.0405194846871 0.019984083367 0.0221159183544 0.0401822503283
nonkin 0.0374225590735 0.0416574440371 0.0733290514447 0.0361656592775 0.0400236905104 0.0727187506022
many_rivals 0.0 0.0 0.0 0.0 0.0 0.0
Observed values
no_rival 221 295 207 241 252 183
brother 70 82 199 96 79 167
nonkin 107 141 246 98 149 165
many_rivals 0 0 0 0 0 0
Q values
no_rival 0.121302857419 0.118267207443 0.065511390564 0.120640634321 0.103707873212 0.0749069203205
brother 0.0466347670206 0.0518960880236 0.0567311076178 0.0557102192412 0.0417915154348 0.057907703739
nonkin 0.074088060219 0.0719650373904 0.0879231261665 0.0716288395891 0.0907319802752 0.0756563151534
many_rivals 1 1 1 1 1 1
O' values
no_rival 1821.8861839 2494.35161595 3159.75585647 1997.66854143 2429.90230342 2443.03195509
brother 1501.02604713 1580.08056335 3507.77568703 1723.20269616 1890.33585354 2883.89953697
nonkin 1444.22731117 1959.28474594 2797.89869544 1368.16400436 1642.19936067 2180.9150983
many_rivals 0 0 0 0 0 0
