Parameter Female_0 Female_1 Female_2 Female_3 Female_4 Female_5
Size 19.19978441 25.5848897988 33.8658459596 19.966138951 25.8964518133 32.6731937817
Profit 2.86068120862 3.339765288 5.89223029625 2.89273866427 3.38103635569 5.24373374458
E values
no_rival 0.0644809944035 0.0752797572115 0.132813424862 0.0652035833491 0.0762100249663 0.118196031497
brother 0.0201735239091 0.0235520248412 0.0415520081025 0.0203995930866 0.0238430684109 0.0369788104142
nonkin 0.0365084942213 0.0426226457356 0.0751976330229 0.0369176168564 0.0431493540357 0.0669214110735
many_rivals 0.0 0.0 0.0 0.0 0.0 0.0
Observed values
no_rival 237 208 246 211 239 208
brother 69 93 181 90 82 180
nonkin 78 140 268 112 104 252
many_rivals 0 0 0 0 0 0
Q values
no_rival 0.119669677772 0.106757898129 0.0714262726638 0.125851272612 0.122008225527 0.0670983059723
brother 0.0486138666986 0.0496195716099 0.050829325018 0.054108795258 0.0498115511391 0.056129108903
nonkin 0.073046564319 0.0862669482447 0.0864943040447 0.0720223446479 0.0673579448422 0.0876815501663
many_rivals 1 1 1 1 1 1
O' values
no_rival 1980.45155977 1948.33360009 3444.11084081 1676.58217212 1958.88432086 3099.92923049
brother 1419.34811373 1874.26043762 3560.93652505 1663.31553994 1646.20450728 3206.89217267
nonkin 1067.81202822 1622.86950969 3098.4699277 1555.07295059 1543.99010011 2874.0367788
many_rivals 0 0 0 0 0 0
