Parameter Female_0 Female_1 Female_2 Female_3 Female_4 Female_5
Size 24.0602229341 25.599936544 30.4473235188 24.0961044216 28.7921668461 32.3860018519
Profit 3.16915577551 3.34170359214 4.36047450775 3.17263650564 3.90530954039 5.10805084848
E values
no_rival 0.0731469497428 0.0771295076747 0.10064365158 0.0732272881073 0.0901380370408 0.117898382145
brother 0.0228847546965 0.0241307377711 0.0314873728333 0.0229098893573 0.0282005862686 0.0368856878378
nonkin 0.0414150714749 0.0436699559503 0.0569834290881 0.0414605582535 0.0510352551921 0.0667528849865
many_rivals 0.0 0.0 0.0 0.0 0.0 0.0
Observed values
no_rival 270 242 187 178 222 211
brother 114 121 121 40 126 134
nonkin 180 135 178 164 159 213
many_rivals 0 0 0 0 0 0
Q values
no_rival 0.12828907426 0.106089663921 0.0816968823809 0.113195211695 0.108645953007 0.0824933004241
brother 0.0498241866799 0.0685865077338 0.049227436345 0.0517715403497 0.0567566855419 0.0541138492134
nonkin 0.0812376670783 0.0746027017909 0.090662056021 0.0827329571594 0.0795668296327 0.0834576948041
many_rivals 1 1 1 1 1 1
O' values
no_rival 2104.62193727 2281.08932628 2288.94903392 1572.50467873 2043.3342785 2557.78346745
brother 2288.04537709 1764.19537892 2457.97890331 772.625263413 2220.00278552 2476.2607345
nonkin 2215.72093924 1809.58593669 1963.33513503 1982.28137409 1998.32016349 2552.19126888
many_rivals 0 0 0 0 0 0
