Parameter Female_0 Female_1 Female_2 Female_3 Female_4 Female_5
Size 24.4478581773 26.6139578998 32.7461427481 20.5408402827 28.2317995217 34.2815656865
Profit 3.20802669869 3.48576076512 5.27937650057 2.91998599916 3.78052794906 6.15454334107
E values
no_rival 0.0687628756738 0.0747160035228 0.113161498965 0.0625888289246 0.0810342299985 0.131920379205
brother 0.0215131532833 0.0233756488622 0.0354037065663 0.0195815410173 0.0253523691973 0.0412726098381
nonkin 0.0389328525777 0.0423034540346 0.0640709090992 0.0354371690488 0.0458807706828 0.0746919995022
many_rivals 0.0 0.0 0.0 0.0 0.0 0.0
Observed values
no_rival 216 204 220 201 231 224
brother 57 96 171 98 119 170
nonkin 169 119 223 95 112 275
many_rivals 0 0 0 0 0 0
Q values
no_rival 0.116937198483 0.101412085559 0.0791163243064 0.128525063276 0.111040523049 0.0710888190918
brother 0.0501905258419 0.0539093165565 0.0554522224605 0.0512181065095 0.0624362040504 0.0503347556309
nonkin 0.0832598811431 0.0906722936779 0.084991898138 0.0699417001513 0.0605668091494 0.0937208447009
many_rivals 1 1 1 1 1 1
O' values
no_rival 1847.14532931 2011.59456366 2780.71563522 1563.89730436 2080.32161284 3150.98777644
brother 1135.67250081 1780.76826293 3083.73573524 1913.38584494 1905.94546561 3377.38800694
nonkin 2029.78910947 1312.41854786 2623.77949999 1358.2741025 1849.19763106 2934.24585403
many_rivals 0 0 0 0 0 0
