Parameter Female_0 Female_1 Female_2 Female_3 Female_4 Female_5
Size 21.0951904218 29.1987037854 30.8428967511 24.6312800901 27.4231123591 33.7093632112
Profit 2.94919885735 4.00439520829 4.49179386443 3.22742687892 3.62204242808 5.79866431313
E values
no_rival 0.0651426525438 0.0884500972364 0.0992158824015 0.071288223668 0.0800045920279 0.128082368412
brother 0.0203805302749 0.0276724974214 0.0310406809681 0.0223032336568 0.0250302366618 0.0400718497815
nonkin 0.0368831184438 0.0500795605543 0.0561750404569 0.0403626793586 0.0452977999603 0.0725189561715
many_rivals 0.0 0.0 0.0 0.0 0.0 0.0
Observed values
no_rival 205 272 244 188 259 200
brother 113 106 139 50 101 163
nonkin 128 154 174 139 176 185
many_rivals 0 0 0 0 0 0
Q values
no_rival 0.122512031097 0.095495725539 0.0907821039372 0.119562809594 0.118682688041 0.0786595188003
brother 0.0522239612704 0.0538221127663 0.0547736029977 0.0443246127964 0.0488577574407 0.0598879838664
nonkin 0.0775152669206 0.0846639473975 0.0881678390849 0.0813364309259 0.0776235791946 0.082427247057
many_rivals 1 1 1 1 1 1
O' values
no_rival 1673.30504738 2848.2950254 2687.75440773 1572.39530116 2182.28963529 2542.60390923
brother 2163.75773211 1969.45074342 2537.71876219 1128.04143895 2067.22545795 2721.74799479
nonkin 1651.28761191 1818.95605785 1973.50872842 1708.95130777 2267.35228942 2244.40347828
many_rivals 0 0 0 0 0 0
