Parameter Female_0 Female_1 Female_2 Female_3 Female_4 Female_5
Size 20.5100143438 27.3693235468 32.598823346 19.4653353446 26.0170166109 30.2115368766
Profit 2.91844886961 3.612328214 5.20789435743 2.87127251682 3.39766456571 4.28670493114
E values
no_rival 0.0696658033552 0.0862292807771 0.124316772508 0.0685396645523 0.0811050808417 0.102327214256
brother 0.0217956432377 0.0269776927839 0.0388937454469 0.0214433194518 0.0253745355921 0.0320140922521
nonkin 0.0394440812017 0.0488221564832 0.0703869134263 0.0388064726729 0.0459208857218 0.0579366454395
many_rivals 0.0 0.0 0.0 0.0 0.0 0.0
Observed values
no_rival 201 186 214 285 213 222
brother 61 75 187 127 79 111
nonkin 106 193 220 88 227 200
many_rivals 0 0 0 0 0 0
Q values
no_rival 0.122271260755 0.102952210763 0.0730675761697 0.123295912196 0.103990569534 0.0957410397355
brother 0.0517757359081 0.0425279182584 0.0616173790746 0.0592964115914 0.0452644772146 0.052704624636
nonkin 0.0765675891243 0.0969958827243 0.0766464720828 0.072088461774 0.0956024444929 0.0806548103024
many_rivals 1 1 1 1 1 1
O' values
no_rival 1643.88588749 1806.66348611 2928.79566038 2311.51215742 2048.26265453 2318.75484759
brother 1178.15804894 1763.54740771 3034.85806778 2141.78221905 1745.29796568 2106.07704289
nonkin 1384.39777473 1989.77517993 2870.32128188 1220.72239904 2374.4162736 2479.70330908
many_rivals 0 0 0 0 0 0
