Parameter Female_0 Female_1 Female_2 Female_3 Female_4 Female_5
Size 22.2461609374 29.1527185821 32.9759882469 21.7172261567 28.5813885338 33.2297110685
Profit 3.02046140531 3.99280502469 5.39491695092 2.98580076138 3.85683077325 5.52837150734
E values
no_rival 0.0648705994702 0.085753671629 0.115866899038 0.0641261911006 0.0828333458841 0.118733109168
brother 0.0202954157502 0.0268288937059 0.0362501180331 0.0200625201477 0.0259152405933 0.0371468405343
nonkin 0.036729084714 0.0485528713396 0.0656026795664 0.0363076081393 0.0468994121061 0.0672254990798
many_rivals 0.0 0.0 0.0 0.0 0.0 0.0
Observed values
no_rival 169 214 253 235 184 268
brother 72 89 175 60 93 132
nonkin 85 147 273 139 141 269
many_rivals 0 0 0 0 0 0
Q values
no_rival 0.112546096184 0.107963706193 0.0868748387151 0.122832933988 0.107890307936 0.0812663420603
brother 0.0585452655696 0.0545365247003 0.0581169990171 0.0470614560693 0.049297169299 0.0475712296402
nonkin 0.0798675982692 0.0778819975024 0.0837342696232 0.0865514889229 0.0821614061339 0.0877324365712
many_rivals 1 1 1 1 1 1
O' values
no_rival 1501.606948 1982.14758965 2912.23562244 1913.16768532 1705.43585907 3297.79824224
brother 1229.81763426 1631.9338368 3011.16717931 1274.92867861 1886.51805616 2774.7863782
nonkin 1064.2613756 1887.47084967 3260.31386228 1605.98046007 1716.13421233 3066.1407629
many_rivals 0 0 0 0 0 0
