Parameter Female_0 Female_1 Female_2 Female_3 Female_4 Female_5
Size 19.6789728085 27.7363180827 31.7868906219 21.7075061488 28.4161762548 32.6307913709
Profit 2.88018407682 3.68059323099 4.84744351172 2.98519540028 3.82014782967 5.22323870863
E values
no_rival 0.0654008726975 0.0835759114457 0.11007179665 0.0677853842475 0.0867448035369 0.118605047713
brother 0.0204613170321 0.0261475596549 0.0344370622999 0.0212073353157 0.0271389792346 0.0371067752273
nonkin 0.0370293201126 0.0473198453014 0.0623215505453 0.0383794067071 0.0491140403146 0.0671529919644
many_rivals 0.0 0.0 0.0 0.0 0.0 0.0
Observed values
no_rival 197 188 212 159 270 271
brother 66 90 136 103 103 187
nonkin 126 143 214 74 205 252
many_rivals 0 0 0 0 0 0
Q values
no_rival 0.129215606171 0.109520295932 0.0813596323386 0.127282275764 0.0995175188619 0.0854242298368
brother 0.0480634738108 0.0470270898975 0.0546071721819 0.0460938635947 0.0507671331861 0.0596223342542
nonkin 0.0731610600245 0.0804090413466 0.0853661612158 0.0753007565578 0.0897951296626 0.0822833584693
many_rivals 1 1 1 1 1 1
O' values
no_rival 1524.58364618 1716.57680797 2605.71482326 1249.19199508 2713.09014822 3172.4020283
brother 1373.18414103 1913.7905449 2490.51534013 2234.57076425 2028.87170372 3136.40856801
nonkin 1722.22764347 1778.4069752 2506.84811115 982.72585008 2282.97459751 3062.58768101
many_rivals 0 0 0 0 0 0
