Parameter Female_0 Female_1 Female_2 Female_3 Female_4 Female_5
Size 19.1051099031 25.1964806889 31.4248458283 23.4887457339 26.3121322266 29.807436942
Profit 2.85703077833 3.29157557125 4.70356262178 3.11675932956 3.43998698397 4.16761124952
E values
no_rival 0.0704685038365 0.0811865267712 0.116013108144 0.0768746939792 0.0848470859384 0.10279389762
brother 0.0220467761103 0.0254000167656 0.0362958610141 0.0240510167583 0.0265452593067 0.0321600988095
nonkin 0.0398985621872 0.0459669995926 0.0656854617003 0.0435256829841 0.0480395715875 0.0582008768937
many_rivals 0.0 0.0 0.0 0.0 0.0 0.0
Observed values
no_rival 227 214 204 177 278 237
brother 97 84 169 109 97 107
nonkin 88 109 200 126 184 290
many_rivals 0 0 0 0 0 0
Q values
no_rival 0.126015732484 0.10348622281 0.0858704056843 0.105612255382 0.116436828912 0.0929322546524
brother 0.0538456332678 0.0536722399961 0.0568730015547 0.0606550660266 0.0406545369248 0.0514458643404
nonkin 0.0750237846663 0.0832874467878 0.0868406796843 0.0759569131616 0.0903137532199 0.0954687484943
many_rivals 1 1 1 1 1 1
O' values
no_rival 1801.36238171 2067.90811558 2375.67295012 1675.94186261 2387.56072798 2550.24480883
brother 1801.4459876 1565.05485901 2971.53298367 1797.04692683 2385.95756679 2079.8562017
nonkin 1172.96135341 1308.72063203 2303.06810964 1658.83518373 2037.34197107 3037.64325576
many_rivals 0 0 0 0 0 0
