Parameter Female_0 Female_1 Female_2 Female_3 Female_4 Female_5
Size 23.2560014373 28.9118886324 31.3917863719 20.4756360773 28.9566021004 32.5756286668
Profit 3.09697604445 3.93370980411 4.69090408047 2.91674503989 3.9444810984 5.19681850604
E values
no_rival 0.069309750123 0.0880356966491 0.104981564275 0.0652762136308 0.08827675622 0.116303835392
brother 0.0216842484235 0.0275428480537 0.032844532199 0.0204223161965 0.027618265951 0.0363868179409
nonkin 0.0392424874221 0.0498449310858 0.0594395118767 0.0369587393956 0.0499814166042 0.0658500685609
many_rivals 0.0 0.0 0.0 0.0 0.0 0.0
Observed values
no_rival 224 245 177 218 266 200
brother 65 116 125 82 144 117
nonkin 137 135 193 127 185 239
many_rivals 0 0 0 0 0 0
Q values
no_rival 0.123335451858 0.106841657332 0.0849149511949 0.124403630648 0.108024383752 0.0768176028972
brother 0.0442477391246 0.0614892199245 0.0544970174909 0.0517244349463 0.0551174098826 0.0499546664732
nonkin 0.0875930796346 0.0771821354747 0.0858133555596 0.0718719884675 0.0773980755723 0.0938186853537
many_rivals 1 1 1 1 1 1
O' values
no_rival 1816.1850192 2293.11306206 2084.43857659 1752.36043245 2462.40701184 2603.56991701
brother 1469.00160971 1886.50954009 2293.70350443 1585.32422993 2612.60462541 2342.1235344
nonkin 1564.05050001 1749.10941722 2249.06716142 1767.03055958 2390.24030807 2547.46694754
many_rivals 0 0 0 0 0 0
