Parameter Female_0 Female_1 Female_2 Female_3 Female_4 Female_5
Size 22.1930533275 27.2162719332 33.0591702629 21.0667212333 28.9430639175 33.293042465
Profit 3.0168241895 3.58521670401 5.43797261786 2.94762356955 3.94121027743 5.56268384982
E values
no_rival 0.0655534762852 0.0779042474539 0.118163335565 0.0640497952904 0.085639738423 0.120873223273
brother 0.0205090605906 0.0243731228584 0.0369685811649 0.0200386189546 0.026793248563 0.0378163966331
nonkin 0.0371157227379 0.0441086058659 0.0669028989636 0.0362643535955 0.0484883634977 0.0684372102847
many_rivals 0.0 0.0 0.0 0.0 0.0 0.0
Observed values
no_rival 210 212 255 159 177 204
brother 58 79 223 61 100 190
nonkin 130 120 287 108 194 228
many_rivals 0 0 0 0 0 0
Q values
no_rival 0.118416557699 0.106577915938 0.0831701515371 0.121435848937 0.0984162368617 0.07437651079
brother 0.0462666814685 0.0658625571736 0.0632953356879 0.051960226768 0.0546856564566 0.0517276170811
nonkin 0.0856421631433 0.0713139718997 0.0825743671742 0.075063530272 0.0884081856969 0.0962808229014
many_rivals 1 1 1 1 1 1
O' values
no_rival 1773.40064667 1989.15505275 3066.00379207 1309.33329319 1798.48372224 2742.80142794
brother 1253.60190442 1199.46754864 3523.16640044 1173.97486105 1828.63307272 3673.08626844
nonkin 1517.9439102 1682.69971232 3475.65485297 1438.78125114 2194.36694092 2368.07282208
many_rivals 0 0 0 0 0 0
