Parameter Female_0 Female_1 Female_2 Female_3 Female_4 Female_5
Size 22.4876367048 29.2141128119 33.7478478295 22.6271049699 28.8634420788 31.4434591676
Profit 3.03746351764 4.00830130814 5.82142181999 3.04763945535 3.92214059992 4.71072427843
E values
no_rival 0.0658509563287 0.0868983192264 0.126206024142 0.0660715664615 0.0850303906073 0.102126559524
brother 0.020602130197 0.0271870081532 0.0394848167132 0.0206711502832 0.0266026080054 0.0319513154126
nonkin 0.0372841529638 0.0492009593628 0.0714565888092 0.0374090602149 0.0481433568579 0.0578230367368
many_rivals 0.0 0.0 0.0 0.0 0.0 0.0
Observed values
no_rival 154 217 206 230 236 230
brother 61 120 174 93 100 160
nonkin 113 141 250 110 172 230
many_rivals 0 0 0 0 0 0
Q values
no_rival 0.119819676873 0.106074875008 0.0712093883663 0.124897885645 0.110021837669 0.0805333950948
brother 0.0546900657092 0.0484359152257 0.05596361578 0.0543535777131 0.0502072498446 0.0560893511906
nonkin 0.0802605449931 0.0837371807984 0.0835367021019 0.0768494032106 0.0838004982497 0.0885986402807
many_rivals 1 1 1 1 1 1
O' values
no_rival 1285.26469124 2045.7247768 2892.87697488 1841.50435223 2145.02870522 2855.95807465
brother 1115.37624263 2477.5004135 3109.16293694 1711.018923 1991.74422637 2852.59138506
nonkin 1407.91468597 1683.83982665 2992.69654786 1431.37090731 2052.49376307 2595.97663431
many_rivals 0 0 0 0 0 0
