Parameter Female_0 Female_1 Female_2 Female_3 Female_4 Female_5
Size 19.4867119796 27.4643588843 34.4868035593 21.0585501413 27.0360767165 29.6196986736
Profit 2.87214824037 3.62955809907 6.2917737637 2.94717298723 3.5542774079 4.11527540526
E values
no_rival 0.0652924975461 0.0825106830999 0.14303078694 0.0669980338521 0.0807993284163 0.0935524864361
brother 0.0204274107823 0.0258142923146 0.0447486120019 0.020961004871 0.0252788778883 0.0292688309064
nonkin 0.0369679591856 0.0467167236643 0.0809826012574 0.0379336167867 0.045747771756 0.0529684822952
many_rivals 0.0 0.0 0.0 0.0 0.0 0.0
Observed values
no_rival 236 243 201 234 179 225
brother 65 118 206 88 93 125
nonkin 127 194 240 113 114 194
many_rivals 0 0 0 0 0 0
Q values
no_rival 0.122818504748 0.100317773457 0.0636564586691 0.127481280406 0.0989934992863 0.100075266548
brother 0.0528403210334 0.0439675282564 0.0582277750257 0.0534943706811 0.0573092491392 0.0484401496665
nonkin 0.0729574242893 0.0844601678065 0.0877038934363 0.071352723656 0.0776072686649 0.0856757583876
many_rivals 1 1 1 1 1 1
O' values
no_rival 1921.53454795 2422.30256541 3157.57433264 1835.56361574 1808.19954129 2248.30777635
brother 1230.12121669 2683.7988097 3537.83052691 1645.03290495 1622.77470735 2580.50400052
nonkin 1740.74127804 2296.94073595 2736.48056656 1583.68166217 1468.93457225 2264.35112628
many_rivals 0 0 0 0 0 0
