Parameter Female_0 Female_1 Female_2 Female_3 Female_4 Female_5
Size 20.1863857933 25.5224131356 30.1585149924 20.730859822 25.6252310795 29.7670242231
Profit 2.90283574168 3.33177529571 4.27056012477 2.92965980428 3.34497434069 4.15618942653
E values
no_rival 0.0737888131289 0.0846922687195 0.108555767892 0.0744706690514 0.0850277826619 0.105648514836
brother 0.0230855680755 0.0264968231916 0.0339627575427 0.0232988935194 0.0266017920836 0.0330531943517
nonkin 0.0417784881055 0.0479519156263 0.0614631902228 0.0421645481102 0.0481418802653 0.0598171326152
many_rivals 0.0 0.0 0.0 0.0 0.0 0.0
Observed values
no_rival 182 230 265 200 183 281
brother 76 141 122 98 131 152
nonkin 131 166 207 106 126 202
many_rivals 0 0 0 0 0 0
Q values
no_rival 0.110362976489 0.0983592167909 0.0959250060849 0.116769549083 0.113155229206 0.098595468169
brother 0.0503047617537 0.0596427017218 0.0449534863409 0.0590285750791 0.0574047634658 0.0565282796912
nonkin 0.0852995758653 0.0835915823977 0.0879994558996 0.0788818187507 0.0760168133175 0.0834394585932
many_rivals 1 1 1 1 1 1
O' values
no_rival 1649.1037646 2338.367542 2762.57475309 1712.77530461 1617.24739798 2850.02957254
brother 1510.79137144 2364.07801675 2713.91631507 1660.21286925 2282.04058498 2688.91961387
nonkin 1535.76379098 1985.8458859 2352.28727137 1343.78240358 1657.52804546 2420.91695471
many_rivals 0 0 0 0 0 0
