Parameter Female_0 Female_1 Female_2 Female_3 Female_4 Female_5
Size 23.0766056265 25.7520251617 30.5214261551 24.1013283925 29.0749440652 31.516398378
Profit 3.08230522214 3.36160522083 4.38433966342 3.17314521739 3.9734283939 4.73903019318
E values
no_rival 0.0722181696919 0.078762146763 0.102724734567 0.0743465436584 0.0930971157391 0.11103510587
brother 0.0225941765698 0.0246415252363 0.0321384604567 0.023260059649 0.0291263636301 0.0347384432226
nonkin 0.0408892054979 0.0445943398757 0.0581617174647 0.042094269554 0.0527106559603 0.0628669665928
many_rivals 0.0 0.0 0.0 0.0 0.0 0.0
Observed values
no_rival 243 230 205 190 236 253
brother 98 59 136 81 96 157
nonkin 144 160 179 154 149 228
many_rivals 0 0 0 0 0 0
Q values
no_rival 0.116862758986 0.124841927598 0.0842622902356 0.117623502767 0.101106858092 0.0925482595074
brother 0.0477597101429 0.0449706741097 0.0584322585601 0.0457871195378 0.0587933072303 0.0534693160942
nonkin 0.0861187674762 0.0754192337761 0.0852150258161 0.0847562111444 0.0824271195743 0.0884205251295
many_rivals 1 1 1 1 1 1
O' values
no_rival 2079.36216899 1842.32977194 2432.87951736 1615.32343052 2334.1641156 2733.70889249
brother 2051.93875145 1311.96610164 2327.48148628 1769.05646867 1632.83891522 2936.26347723
nonkin 1672.10939288 2121.4747484 2100.56851225 1816.9759823 1807.65748906 2578.5868119
many_rivals 0 0 0 0 0 0
