Parameter Female_0 Female_1 Female_2 Female_3 Female_4 Female_5
Size 22.1409986962 28.5612514688 33.5963668369 19.1360501103 25.8649132243 31.2729005149
Profit 3.01329403033 3.85229865017 5.73278517821 2.85821664765 3.37674818523 4.64602476171
E values
no_rival 0.0682993832714 0.0873162789081 0.129939424483 0.0647843961877 0.0765374424775 0.105306890962
brother 0.0213681450503 0.0273177710192 0.0406528483438 0.0202684461913 0.0239455042535 0.0329463139064
nonkin 0.0386704278145 0.049437603955 0.0735704027481 0.0366802772775 0.0433347345564 0.0596237085939
many_rivals 0.0 0.0 0.0 0.0 0.0 0.0
Observed values
no_rival 199 190 182 272 231 213
brother 76 110 187 54 69 105
nonkin 106 195 241 172 186 210
many_rivals 0 0 0 0 0 0
Q values
no_rival 0.12086241483 0.0881713708568 0.0754219922483 0.131917599246 0.102614235521 0.0939885883582
brother 0.0507240279449 0.0659660888334 0.0585355005915 0.0425559807137 0.0561341722583 0.0465892342762
nonkin 0.075735710543 0.0783783817332 0.0844871197018 0.0787666824599 0.0877095082321 0.0903235010423
many_rivals 1 1 1 1 1 1
O' values
no_rival 1646.50028117 2154.89447599 2413.08926713 2061.89319358 2251.14964631 2266.23256845
brother 1498.30372467 1667.52344948 3194.64253505 1268.9168266 1229.19778139 2253.73955231
nonkin 1399.60395486 2487.93092799 2852.50581214 2183.664395 2120.6366761 2324.97630823
many_rivals 0 0 0 0 0 0
