Parameter Female_0 Female_1 Female_2 Female_3 Female_4 Female_5
Size 19.9881494227 27.0253052818 30.5284005055 21.896737147 29.1939251613 31.5549589305
Profit 2.89372908988 3.55246083483 4.38660289305 2.99718112276 4.00318614295 4.75415159497
E values
no_rival 0.0681796847843 0.0837001849187 0.103353559795 0.070617137211 0.0943198070316 0.112013442549
brother 0.0213306961816 0.0261864398537 0.0323351947176 0.0220932775478 0.0295088948279 0.035044525636
nonkin 0.038602655728 0.0473902076991 0.0585177520205 0.0399827169175 0.0534029315432 0.063420891037
many_rivals 0.0 0.0 0.0 0.0 0.0 0.0
Observed values
no_rival 239 232 214 225 242 198
brother 67 132 111 84 103 132
nonkin 129 164 182 154 200 191
many_rivals 0 0 0 0 0 0
Q values
no_rival 0.130360314556 0.104474229286 0.0866473396288 0.11662905091 0.108314472312 0.0841282863594
brother 0.0375752331138 0.0592663856168 0.057703216226 0.0612597687194 0.0465692085011 0.0588617665895
nonkin 0.0848246115967 0.0742861583587 0.0814421450734 0.0771513275864 0.0854999408293 0.0832805296191
many_rivals 1 1 1 1 1 1
O' values
no_rival 1833.38004986 2220.64332597 2469.78154109 1929.19344061 2234.23513806 2353.54847422
brother 1783.08940352 2227.23215911 1923.63627645 1371.20987813 2211.7618769 2242.54227571
nonkin 1520.78503599 2207.6791104 2234.71520594 1996.07712294 2339.18290539 2293.45323419
many_rivals 0 0 0 0 0 0
