Parameter Female_0 Female_1 Female_2 Female_3 Female_4 Female_5
Size 24.1987348283 28.8209060934 31.2566449759 19.8925826534 27.66274019 34.2891111661
Profit 3.18272242792 3.91206905338 4.63996560845 2.88945825185 3.66652828047 6.15949570057
E values
no_rival 0.0692751242853 0.0851500801666 0.100993473821 0.0628919373422 0.0798056406356 0.134067560039
brother 0.0216734153839 0.0266400540809 0.0315968182198 0.0196763715169 0.0249679927293 0.0419443768338
nonkin 0.0392228826191 0.0482111238895 0.057181494943 0.0356087860038 0.0451851556715 0.0759077118184
many_rivals 0.0 0.0 0.0 0.0 0.0 0.0
Observed values
no_rival 262 191 245 218 241 169
brother 117 122 189 64 101 154
nonkin 137 174 138 98 147 233
many_rivals 0 0 0 0 0 0
Q values
no_rival 0.123528186078 0.095997020097 0.0979932160241 0.126120109988 0.112659326058 0.0734122638059
brother 0.0511514210878 0.0496687580989 0.0620312245095 0.0428100359869 0.0490836997542 0.0475245211248
nonkin 0.0753821457912 0.0896641598468 0.0666331365875 0.0787273574037 0.0784546501319 0.0845767516742
many_rivals 1 1 1 1 1 1
O' values
no_rival 2120.97342573 1989.64509322 2500.17307259 1728.51102033 2139.19262997 2302.06768241
brother 2287.3264811 2456.27240683 3046.85263744 1494.97655222 2057.70959618 3240.43244109
nonkin 1817.40647685 1940.57469894 2071.04163285 1244.80235628 1873.69390792 2754.89416876
many_rivals 0 0 0 0 0 0
