Parameter Female_0 Female_1 Female_2 Female_3 Female_4 Female_5
Size 21.5951057412 25.528803257 32.8721286239 22.66641365 27.0390912569 32.0341547781
Profit 2.97827459453 3.33258822721 5.34209159775 3.05055585909 3.55478645866 4.9514691517
E values
no_rival 0.0682897685078 0.0764139340899 0.122490451091 0.0699471277163 0.0815087852552 0.11353374963
brother 0.0213651369754 0.0239068634194 0.0383223625285 0.0218836583773 0.0255008385549 0.0355201689091
nonkin 0.0386649840315 0.0432648053424 0.0693528685035 0.0396033642417 0.0461494591236 0.0642816737027
many_rivals 0.0 0.0 0.0 0.0 0.0 0.0
Observed values
no_rival 242 197 189 223 210 264
brother 89 73 106 52 139 113
nonkin 142 177 238 133 139 274
many_rivals 0 0 0 0 0 0
Q values
no_rival 0.116502951699 0.111672809224 0.0774037881236 0.123326931961 0.107404359484 0.0822822920978
brother 0.0511169112309 0.0497552775471 0.0542493196632 0.0492489685221 0.0543098314844 0.0513156331824
nonkin 0.0778567084503 0.0863770115308 0.0931367139973 0.0784684704515 0.0809426313388 0.0950020935288
many_rivals 1 1 1 1 1 1
O' values
no_rival 2077.20058995 1764.08206589 2441.74096103 1808.20195925 1955.22789773 3208.46677054
brother 1741.10676598 1467.18104287 1953.94155462 1055.85967707 2559.3892708 2202.05798881
nonkin 1823.86338732 2049.15633064 2555.38326172 1694.94829241 1717.26564483 2884.14696795
many_rivals 0 0 0 0 0 0
