Parameter Female_0 Female_1 Female_2 Female_3 Female_4 Female_5
Size 19.5037625862 27.2659837451 34.536418871 24.4988495354 26.5617237039 32.9612822679
Profit 2.87284926034 3.5939375552 6.3257479646 3.21335323611 3.47765281219 5.38737455887
E values
no_rival 0.0614727628309 0.0769024932878 0.135357329647 0.0687588117144 0.0744142512048 0.115278167606
brother 0.0192323685793 0.02405971405 0.0423478941532 0.021511881833 0.0232812426319 0.0360659275171
nonkin 0.0348052635872 0.0435414226746 0.0766379664726 0.0389305516046 0.0421326048897 0.0652693457166
many_rivals 0.0 0.0 0.0 0.0 0.0 0.0
Observed values
no_rival 234 174 175 197 214 253
brother 69 116 140 107 119 217
nonkin 112 134 247 103 160 226
many_rivals 0 0 0 0 0 0
Q values
no_rival 0.123392025999 0.10743481454 0.0699607698318 0.123646466018 0.0981977370703 0.0915332650348
brother 0.0459906201035 0.0466913190627 0.0497245514461 0.062176685015 0.0560214232679 0.054741524476
nonkin 0.0826716524187 0.0814229597957 0.0922903874874 0.0601693455362 0.0796822839256 0.0836886931675
many_rivals 1 1 1 1 1 1
O' values
no_rival 1896.39482864 1619.58673029 2501.40186308 1593.25216761 2179.27628869 2764.0224557
brother 1500.30592857 2484.4018616 2815.51056628 1720.902296 2124.18737437 3964.08397605
nonkin 1354.75700223 1645.72745005 2676.33506289 1711.83513934 2007.97457248 2700.48427627
many_rivals 0 0 0 0 0 0
