Parameter Female_0 Female_1 Female_2 Female_3 Female_4 Female_5
Size 24.6155000889 29.0226715896 30.4372421883 20.0060043952 26.0277868155 34.2407765017
Profit 3.22573153042 3.96056301982 4.3572532834 2.89453553173 3.39916833654 6.12789283767
E values
no_rival 0.0716324540981 0.0879505458047 0.096759678502 0.0642777248066 0.0754838918064 0.136079521272
brother 0.0224109295891 0.0275162077604 0.0302722330161 0.020109928983 0.0236158903905 0.0425738390253
nonkin 0.0405575791858 0.0497967195291 0.0547843623711 0.0363934050083 0.0427382247019 0.0770468641492
many_rivals 0.0 0.0 0.0 0.0 0.0 0.0
Observed values
no_rival 184 204 224 182 247 230
brother 94 133 120 55 132 203
nonkin 78 136 220 135 136 283
many_rivals 0 0 0 0 0 0
Q values
no_rival 0.115939341405 0.0930325119579 0.0872325016286 0.117787478562 0.120209528265 0.0769287168262
brother 0.0485231435041 0.0615003544377 0.052851794848 0.0534619325636 0.0554527245343 0.0552779119901
nonkin 0.0793369757965 0.0782164714907 0.0878266080741 0.0833931800202 0.0726145012486 0.0911192700375
many_rivals 1 1 1 1 1 1
O' values
no_rival 1587.03678811 2192.78181043 2567.85023722 1545.15575189 2054.74560598 2989.78079304
brother 1937.21991635 2162.58916255 2270.49999617 1028.76939464 2380.4060325 3672.35289271
nonkin 983.148137636 1738.76419389 2504.93563197 1618.83741533 1872.90413983 3105.81943736
many_rivals 0 0 0 0 0 0
