Parameter Female_0 Female_1 Female_2 Female_3 Female_4 Female_5
Size 23.6609913321 27.3950831941 31.707114518 22.3541712106 28.4669985917 32.1562863897
Profit 3.13196565772 3.61696817322 4.81489618254 3.02797134153 3.83131152925 5.0046558032
E values
no_rival 0.0711455477665 0.0821628363973 0.109374898636 0.0687832189932 0.0870318474726 0.113685467024
brother 0.0222585960742 0.0257054649953 0.0342190307874 0.0215195178942 0.0272287838003 0.0355676352132
nonkin 0.0402818976899 0.0465197763398 0.0619269738589 0.0389443707618 0.0492765617205 0.0643675745744
many_rivals 0.0 0.0 0.0 0.0 0.0 0.0
Observed values
no_rival 259 222 208 202 212 234
brother 102 127 106 72 123 185
nonkin 117 168 199 113 175 175
many_rivals 0 0 0 0 0 0
Q values
no_rival 0.124766049523 0.103917250039 0.0847335053927 0.115877244186 0.101186544994 0.0932002878862
brother 0.0541549749363 0.0578265580183 0.0546739715512 0.0523290255363 0.0506667430367 0.0541211467997
nonkin 0.0752816831952 0.0858175526204 0.0851245625109 0.0819305544023 0.09011143852 0.081763600061
many_rivals 1 1 1 1 1 1
O' values
no_rival 2075.88523472 2136.3151923 2454.75504685 1743.22405938 2095.14021862 2510.72185835
brother 1883.48346795 2196.22271067 1938.76532091 1375.90943577 2427.62791978 3418.25720517
nonkin 1554.16291233 1957.64147159 2337.75063425 1379.21683582 1942.03979954 2140.31671636
many_rivals 0 0 0 0 0 0
