Parameter Female_0 Female_1 Female_2 Female_3 Female_4 Female_5
Size 19.5382238931 27.5394664393 34.2412888104 24.8871710647 26.7771023166 32.0432995402
Profit 2.8742729589 3.64339373304 6.12822630465 3.25563006594 3.51160144416 4.95540956676
E values
no_rival 0.0627711764572 0.0795679861272 0.133834183544 0.0710996249384 0.0766897775719 0.108221067651
brother 0.0196385902664 0.0248936401398 0.0418713626637 0.0222442286582 0.0239931638111 0.0338580432253
nonkin 0.0355404123983 0.0450505980654 0.0757755763811 0.0402558966439 0.0434209851634 0.0612736862933
many_rivals 0.0 0.0 0.0 0.0 0.0 0.0
Observed values
no_rival 205 243 243 224 195 188
brother 105 102 189 103 113 137
nonkin 92 187 228 109 115 221
many_rivals 0 0 0 0 0 0
Q values
no_rival 0.129387331378 0.10060660711 0.0814739607017 0.11327977674 0.106223941698 0.0811481244583
brother 0.052079485224 0.0536982127616 0.0543459748947 0.0555964317399 0.0561334150876 0.0534329040765
nonkin 0.0689077292086 0.0864410459023 0.0826149051919 0.0765365684945 0.077114184121 0.0920622159773
many_rivals 1 1 1 1 1 1
O' values
no_rival 1584.39004667 2415.34832533 2982.54801788 1977.40502714 1835.7443424 2316.75101865
brother 2016.14896054 1899.50455991 3477.71845783 1852.63688292 2013.06120114 2563.96320522
nonkin 1335.11873133 2163.32412511 2759.7925516 1424.155827 1491.2950362 2400.55051526
many_rivals 0 0 0 0 0 0
