Parameter Female_0 Female_1 Female_2 Female_3 Female_4 Female_5
Size 23.2850286898 28.7136903963 34.3253272908 23.5662735001 29.4705628919 34.1507984633
Profit 3.09939654687 3.88703603372 6.1833632613 3.123543019 4.07499274656 6.06981877424
E values
no_rival 0.0623889590874 0.0782436607939 0.124467325074 0.0628750128205 0.0820271146018 0.122181743913
brother 0.0195190097401 0.024479311716 0.0389408473225 0.019671076511 0.0256630030743 0.0382257804006
nonkin 0.0353240047457 0.0443007783049 0.0704721547835 0.0355992035088 0.0464429320164 0.069178081586
many_rivals 0.0 0.0 0.0 0.0 0.0 0.0
Observed values
no_rival 201 202 258 171 189 241
brother 63 100 170 44 93 151
nonkin 128 125 298 114 203 248
many_rivals 0 0 0 0 0 0
Q values
no_rival 0.12400722282 0.0996452774 0.0757616522352 0.126031492295 0.100503893087 0.0782943906802
brother 0.0520618356153 0.0611034549828 0.048243419414 0.0511969371903 0.0592267652746 0.0530805099004
nonkin 0.0758011038193 0.0785041422395 0.0999608827768 0.0702448870269 0.0823432287902 0.0881808239046
many_rivals 1 1 1 1 1 1
O' values
no_rival 1620.87332841 2027.19090428 3405.41675621 1356.80373918 1880.52416872 3078.12600502
brother 1210.09947604 1636.56866912 3523.7966559 859.426411319 1570.23601692 2844.73529518
nonkin 1688.6297633 1592.27266784 2981.16614942 1622.89391905 2465.29074682 2812.40284473
many_rivals 0 0 0 0 0 0
