Parameter Female_0 Female_1 Female_2 Female_3 Female_4 Female_5
Size 24.7895405445 27.4434145063 30.4740632949 21.9519816927 27.8728074393 30.6953541908
Profit 3.24470987245 3.62573449582 4.36904802303 3.00076113295 3.70720306975 4.44167260677
E values
no_rival 0.0771259153133 0.0861827721631 0.103851142651 0.0713273168057 0.0881192591159 0.105577410242
brother 0.0241296138649 0.026963142099 0.0324908684897 0.0223154643358 0.027568991407 0.0330309485682
nonkin 0.0436679219912 0.048795823771 0.0587994784574 0.0403848135022 0.0498922433188 0.0597768739047
many_rivals 0.0 0.0 0.0 0.0 0.0 0.0
Observed values
no_rival 270 198 239 232 225 266
brother 89 95 171 67 99 143
nonkin 143 121 166 76 149 246
many_rivals 0 0 0 0 0 0
Q values
no_rival 0.124623732523 0.0967759743986 0.0915260271787 0.132623990034 0.0981847435223 0.0935007272484
brother 0.0479886523954 0.0588170951373 0.0647294286873 0.0480061897549 0.044477446772 0.0556427470105
nonkin 0.0800102003673 0.0795518465745 0.0771743140778 0.0736548069358 0.0908283302341 0.0879017948464
many_rivals 1 1 1 1 1 1
O' values
no_rival 2166.52153272 2045.96234996 2611.27907948 1749.30644101 2291.59838818 2844.89765832
brother 1854.60511095 1615.17667233 2641.76593966 1395.65335933 2225.84719189 2569.96657575
nonkin 1787.2721146 1521.02063258 2150.97473795 1031.840326 1640.45732885 2798.57766761
many_rivals 0 0 0 0 0 0
