Parameter Female_0 Female_1 Female_2 Female_3 Female_4 Female_5
Size 23.9209558609 25.3229814454 33.0816783252 22.2274573076 25.5847720398 33.5234012411
Profit 3.15586544057 3.30688714053 5.4497387499 3.01917630811 3.33975013995 5.69097971557
E values
no_rival 0.0700890014966 0.0734430608993 0.121033914338 0.0670532558381 0.0741729192722 0.126391664446
brother 0.0219280450082 0.0229773960329 0.0378666704399 0.0209782816215 0.0232057395235 0.0395428961385
nonkin 0.0396836917574 0.0415827266506 0.0685281919592 0.037964882923 0.0419959651627 0.0715616964926
many_rivals 0.0 0.0 0.0 0.0 0.0 0.0
Observed values
no_rival 182 291 179 250 203 210
brother 93 82 201 80 58 99
nonkin 105 204 299 93 134 233
many_rivals 0 0 0 0 0 0
Q values
no_rival 0.126226234135 0.108093379414 0.0678318864385 0.121994092873 0.12193596786 0.0724492096777
brother 0.0528196801262 0.0479855392436 0.060672839536 0.0517266420748 0.0383338064204 0.0550552235693
nonkin 0.0673413490786 0.0805974974236 0.0926575431399 0.0684738829286 0.0870919081938 0.0804747667547
many_rivals 1 1 1 1 1 1
O' values
no_rival 1441.85557976 2692.11677512 2638.87692645 2049.27955209 1664.80820682 2898.58234388
brother 1760.7073685 1708.84815077 3312.84972876 1546.59179083 1513.02480541 1798.19449603
nonkin 1559.22032208 2531.09595857 3226.93641411 1358.18206917 1538.60447864 2895.31749387
many_rivals 0 0 0 0 0 0
