Parameter Female_0 Female_1 Female_2 Female_3 Female_4 Female_5
Size 21.3420160465 28.5984784648 34.4600536545 23.2677900407 25.6256730172 34.1969588959
Profit 2.96321441799 3.86069052987 6.27358728546 3.09795747674 3.34503162397 6.09948959464
E values
no_rival 0.0615045454552 0.0801325799243 0.130214719537 0.0643012754291 0.069429552015 0.12660114393
brother 0.0192423120911 0.0250702789551 0.0407389771542 0.0201172970307 0.0217217296434 0.0396084338899
nonkin 0.0348232585913 0.0453702654274 0.0737262720544 0.0364067391352 0.0393103180554 0.0716803016817
many_rivals 0.0 0.0 0.0 0.0 0.0 0.0
Observed values
no_rival 200 235 187 257 195 263
brother 63 130 152 90 78 157
nonkin 128 166 218 100 121 259
many_rivals 0 0 0 0 0 0
Q values
no_rival 0.118241373122 0.0994905416822 0.0669104323233 0.118176054552 0.115261562972 0.0771061714352
brother 0.0504728306108 0.0553728943116 0.0549538679951 0.0519569838538 0.047373902886 0.054533433888
nonkin 0.0811558159697 0.0803625557578 0.0863031063531 0.0765390276929 0.0854686010313 0.0897333997443
many_rivals 1 1 1 1 1 1
O' values
no_rival 1691.45532329 2362.03357652 2794.78092589 2174.72144399 1691.8042318 3410.88132253
brother 1248.1962917 2347.71907115 2765.95634749 1732.20216657 1646.47612395 2878.96779657
nonkin 1577.21290176 2065.63863524 2525.98092018 1306.52299897 1415.72458821 2886.32773012
many_rivals 0 0 0 0 0 0
