Parameter Female_0 Female_1 Female_2 Female_3 Female_4 Female_5
Size 21.8681279098 25.293796213 31.1675560953 19.664295763 26.7065048243 31.0042818021
Profit 2.99534166815 3.30332231486 4.60708391365 2.87956037276 3.50032242151 4.54822722049
E values
no_rival 0.0730091936348 0.0805159895741 0.112294195056 0.0701871118989 0.0853177185674 0.110859607559
brother 0.0228416563206 0.0251902324982 0.0351323618653 0.0219587398287 0.026692501431 0.0346835368209
nonkin 0.0413370753441 0.045587348137 0.0635798502988 0.0397392408861 0.0483060390756 0.0627676012037
many_rivals 0.0 0.0 0.0 0.0 0.0 0.0
Observed values
no_rival 173 196 229 201 312 229
brother 50 86 148 74 99 202
nonkin 136 129 185 99 209 241
many_rivals 0 0 0 0 0 0
Q values
no_rival 0.114732373708 0.109279378949 0.0860565213937 0.12086998974 0.118401863674 0.073572354844
brother 0.0454818634377 0.0512798554802 0.0573940588851 0.0549923128953 0.0506084292452 0.0629825340116
nonkin 0.0837411802081 0.0818303600117 0.0841932308787 0.0790667579031 0.08182482426 0.0877754636496
many_rivals 1 1 1 1 1 1
O' values
no_rival 1507.85688824 1793.56802615 2661.04179313 1662.94379963 2635.09365747 3112.58217146
brother 1099.33930188 1677.07180909 2578.66411394 1345.64261992 1956.19586453 3207.23837442
nonkin 1624.05162743 1576.43202329 2197.32629416 1252.10648097 2554.23707769 2745.64200495
many_rivals 0 0 0 0 0 0
