Parameter Female_0 Female_1 Female_2 Female_3 Female_4 Female_5
Size 21.092759279 29.0004993264 32.0873924186 22.8415623856 25.1904687619 33.037906965
Profit 2.94906400645 3.95514388429 4.97450390261 3.06381475781 3.29085688329 5.42690266279
E values
no_rival 0.0663324243412 0.0889618814274 0.111890044785 0.0689134790474 0.0740202704149 0.122065716274
brother 0.0207527622794 0.0278326142234 0.0350059194114 0.0215602710548 0.023157981802 0.0381894799936
nonkin 0.0375567553378 0.0503693276454 0.0633510244567 0.0390181227019 0.0419095369062 0.0691123878974
many_rivals 0.0 0.0 0.0 0.0 0.0 0.0
Observed values
no_rival 238 215 191 249 251 188
brother 56 99 117 60 122 224
nonkin 108 144 217 150 154 212
many_rivals 0 0 0 0 0 0
Q values
no_rival 0.125634967047 0.105331089457 0.0793774663742 0.12854486626 0.114294202138 0.0700644386833
brother 0.0441669066931 0.0532087870398 0.0547757090289 0.043295830433 0.0550139192944 0.0564116197842
nonkin 0.0756459760209 0.0777082870329 0.0834894336108 0.0827094823059 0.0749722227066 0.0889726819256
many_rivals 1 1 1 1 1 1
O' values
no_rival 1894.37706392 2041.18272305 2406.22444536 1937.06685646 2196.08689946 2683.24421822
brother 1267.91763773 1860.59494132 2135.98330491 1385.81474012 2217.62058702 3970.81312072
nonkin 1427.70317314 1853.08421403 2599.1312986 1813.57682116 2054.09409566 2382.75384547
many_rivals 0 0 0 0 0 0
