Parameter Female_0 Female_1 Female_2 Female_3 Female_4 Female_5
Size 20.5670662117 29.2942269486 34.5134320273 20.9980476392 25.0272010182 34.4834775087
Profit 2.92130075583 4.02879246591 6.30996841075 2.94385804117 3.2716454955 6.2895075153
E values
no_rival 0.0603401746158 0.0832156841087 0.130333925723 0.0608061008076 0.067576630063 0.129911300972
brother 0.0188780270303 0.0260348589303 0.0407762720017 0.0190237966987 0.0211420244815 0.0406440496221
nonkin 0.0341640034657 0.0471158881855 0.073793765405 0.0344278062162 0.0382612121754 0.0735544794974
many_rivals 0.0 0.0 0.0 0.0 0.0 0.0
Observed values
no_rival 222 273 192 225 218 197
brother 66 99 179 60 82 192
nonkin 93 157 250 132 117 243
many_rivals 0 0 0 0 0 0
Q values
no_rival 0.126394259155 0.100048004918 0.067122410398 0.131662314662 0.111544120187 0.065363812879
brother 0.040090980508 0.0466383255871 0.0595769495796 0.038364614787 0.0484055062004 0.0588199588822
nonkin 0.081427176899 0.0832494211324 0.0830276941 0.0815458384932 0.0754131924349 0.0777447223841
many_rivals 1 1 1 1 1 1
O' values
no_rival 1756.40888664 2728.69009455 2860.44554809 1708.91724467 1954.38360745 3013.90006677
brother 1646.2555708 2122.71771668 3004.51770799 1563.94115601 1694.0221565 3264.19813357
nonkin 1142.12482296 1885.89899923 3011.04351638 1618.72147542 1551.45268649 3125.61409377
many_rivals 0 0 0 0 0 0
