Parameter Female_0 Female_1 Female_2 Female_3 Female_4 Female_5
Size 21.1630299458 28.4621652215 34.2137672453 23.0755703186 28.7871441134 31.9510590782
Profit 2.95298665916 3.83024524624 6.11035747249 3.08222197824 3.90413191721 4.91597141362
E values
no_rival 0.0633786544907 0.0822068698899 0.131143916232 0.0661523753304 0.0837926670272 0.10550933332
brother 0.019828645844 0.0257192413137 0.0410296856324 0.0206964321459 0.0262153738061 0.0330096500224
nonkin 0.0358843603861 0.0465447076629 0.0742523739315 0.0374548133883 0.0474425701441 0.0597383294323
many_rivals 0.0 0.0 0.0 0.0 0.0 0.0
Observed values
no_rival 231 258 147 259 240 208
brother 66 112 129 105 135 183
nonkin 130 161 180 101 132 219
many_rivals 0 0 0 0 0 0
Q values
no_rival 0.120754843486 0.1117262429 0.0625931051732 0.129114020063 0.102514791542 0.086001131702
brother 0.05049800192 0.0465637396946 0.0537979310198 0.0547594161487 0.0515948118601 0.0569407467436
nonkin 0.0801034678712 0.0812564656666 0.0796101522077 0.070418736274 0.0800798410268 0.0875160867751
many_rivals 1 1 1 1 1 1
O' values
no_rival 1912.96674594 2309.21575184 2348.50147781 2005.97890046 2341.12557212 2418.57282438
brother 1306.98240506 2405.30508792 2397.86173101 1917.4784427 2616.5421509 3213.86722981
nonkin 1622.90102357 1981.38078834 2261.01816174 1434.27737196 1648.35492063 2502.39708001
many_rivals 0 0 0 0 0 0
