Parameter Female_0 Female_1 Female_2 Female_3 Female_4 Female_5
Size 22.732626312 25.0987762136 33.2530949365 21.8703619145 26.0355124995 32.8157738826
Profit 3.05551714179 3.27999532771 5.54099328844 2.9954849508 3.40024889158 5.31385549249
E values
no_rival 0.0689430262559 0.0740080299026 0.125023957661 0.0675884925623 0.0767213658869 0.119898944021
brother 0.0215695151944 0.0231541522353 0.0391149953939 0.0211457357831 0.0240030465314 0.0375115836264
nonkin 0.0390348520358 0.0419026064505 0.0707873145883 0.0382679286039 0.0434388701515 0.0678855831152
many_rivals 0.0 0.0 0.0 0.0 0.0 0.0
Observed values
no_rival 172 230 236 216 134 281
brother 76 80 233 75 83 150
nonkin 83 165 209 111 144 321
many_rivals 0 0 0 0 0 0
Q values
no_rival 0.115580362507 0.115525056465 0.073528690737 0.123552367772 0.102246666141 0.0829556108288
brother 0.0521155770235 0.0533204740854 0.0668808990267 0.0478476450104 0.0514484759932 0.0464906126701
nonkin 0.0787761660423 0.0759295703048 0.0811314905871 0.0798133415882 0.0803395395748 0.0985690820849
many_rivals 1 1 1 1 1 1
O' values
no_rival 1488.14207075 1990.91008512 3209.63147357 1748.24654433 1310.55617808 3387.35375694
brother 1458.29719905 1500.36175357 3483.804844 1567.47526411 1613.26450197 3226.45780266
nonkin 1053.6181712 2173.0664264 2576.06508259 1390.74492799 1792.39264703 3256.59926227
many_rivals 0 0 0 0 0 0
