Parameter Female_0 Female_1 Female_2 Female_3 Female_4 Female_5
Size 23.0688922098 25.9005932365 32.0034622342 19.7835095431 26.5626546631 30.2061025274
Profit 3.08168541277 3.38160133172 4.93829317983 2.88467633306 3.47779662533 4.28504282399
E values
no_rival 0.0743805154364 0.0816193791267 0.119192176648 0.0696254431526 0.0839411785847 0.103425123342
brother 0.0232706880594 0.0255354389536 0.0372904643861 0.0217830161447 0.026261837132 0.0323575840887
nonkin 0.042113504035 0.0462120762678 0.0674854184963 0.0394212296586 0.0475266559029 0.0585582705848
many_rivals 0.0 0.0 0.0 0.0 0.0 0.0
Observed values
no_rival 182 214 193 268 240 184
brother 108 90 127 113 94 140
nonkin 111 116 268 143 195 212
many_rivals 0 0 0 0 0 0
Q values
no_rival 0.11372063326 0.113150640822 0.0782345422277 0.130977624814 0.0968200478588 0.0911580503156
brother 0.0565528627538 0.0553423103901 0.0524118306448 0.0486755309503 0.050264583461 0.0580038335843
nonkin 0.0824443997095 0.0751208397649 0.0938667476629 0.0730455703002 0.0892441225979 0.0862278584379
many_rivals 1 1 1 1 1 1
O' values
no_rival 1600.4131773 1891.28403025 2466.94100208 2046.15101534 2478.8254634 2018.47230566
brother 1909.71764719 1626.24218912 2423.11704128 2321.49496459 1870.10402808 2413.63357125
nonkin 1346.36191653 1544.1786908 2855.11117273 1957.68202524 2185.01784009 2458.60217151
many_rivals 0 0 0 0 0 0
