Parameter Female_0 Female_1 Female_2 Female_3 Female_4 Female_5
Size 20.0006298498 28.6718949422 31.5170760506 20.003544947 27.1925228152 34.0917897798
Profit 2.89429249996 3.87741289164 4.73929499866 2.89442428749 3.58107901702 6.03226108579
E values
no_rival 0.0641288443499 0.0859118447122 0.105008568174 0.0641317643664 0.0793459744964 0.133656820191
brother 0.0200633502433 0.0268783797367 0.0328529806389 0.0200642637997 0.0248241815809 0.0418158727651
nonkin 0.0363091103825 0.0486424273576 0.0594548012144 0.0363107636666 0.0449248973001 0.0756751550242
many_rivals 0.0 0.0 0.0 0.0 0.0 0.0
Observed values
no_rival 250 213 164 144 249 230
brother 84 117 119 86 118 177
nonkin 128 162 192 95 179 291
many_rivals 0 0 0 0 0 0
Q values
no_rival 0.126707963797 0.101861234125 0.07892842776 0.124964535551 0.104450897459 0.0680625664629
brother 0.0484236483801 0.0596744319189 0.0543680834433 0.0486731838275 0.0523686151883 0.054278763506
nonkin 0.0754640257844 0.0796913138016 0.0871946335064 0.0794602095249 0.0862656675844 0.0877057024025
many_rivals 1 1 1 1 1 1
O' values
no_rival 1973.04094004 2091.08010353 2077.83183644 1152.32693312 2383.89526617 3379.24371579
brother 1734.68961572 1960.6386896 2188.78416275 1766.88667634 2253.25797858 3260.94384926
nonkin 1696.1724301 2032.84388564 2201.97037683 1195.56694562 2074.9853912 3317.91425219
many_rivals 0 0 0 0 0 0
