Parameter Female_0 Female_1 Female_2 Female_3 Female_4 Female_5
Size 22.3708321589 25.3294676749 34.4558167059 21.9523971021 27.2790397667 33.8869137271
Profit 3.02914336013 3.30768205029 6.2707150584 3.00078819328 3.59624144488 5.9050381512
E values
no_rival 0.0642009647028 0.0701044332711 0.132904226794 0.0635999931244 0.0762202849506 0.125153913448
brother 0.0200859138169 0.0219328729932 0.0415804163947 0.0198978938489 0.0238462783496 0.0391556533612
nonkin 0.0363499442051 0.0396924290737 0.0752490441684 0.0360096801071 0.0431551631362 0.0708608942549
many_rivals 0.0 0.0 0.0 0.0 0.0 0.0
Observed values
no_rival 249 204 166 285 215 201
brother 51 107 135 63 81 174
nonkin 160 136 232 107 163 270
many_rivals 0 0 0 0 0 0
Q values
no_rival 0.125084540926 0.113696231692 0.0622175191719 0.126888168474 0.115688669493 0.0640302416146
brother 0.0439669654268 0.0568719392437 0.0496656656152 0.0511660535842 0.0406355417194 0.0560413560002
nonkin 0.0733016976065 0.0718392267098 0.0828149955808 0.070884463328 0.0803238409845 0.08315721601
many_rivals 1 1 1 1 1 1
O' values
no_rival 1990.65366636 1794.25471683 2668.05880738 2246.07229679 1858.4361022 3139.14167636
brother 1159.96179188 1881.41993086 2718.17559128 1231.28511165 1993.32890796 3104.84992546
nonkin 2182.75981627 1893.11614599 2801.42501214 1509.49862602 2029.28542762 3246.86194362
many_rivals 0 0 0 0 0 0
