Parameter Female_0 Female_1 Female_2 Female_3 Female_4 Female_5
Size 20.8689942037 26.5239150669 33.9309250893 23.0539931384 25.8219014287 33.9407892286
Profit 2.93691146156 3.47183333285 5.931957878 3.08049073462 3.37094073279 5.93802182201
E values
no_rival 0.0632012492008 0.0747125701694 0.127653541145 0.0662910220916 0.072541398705 0.127784034979
brother 0.019773142825 0.0233745747032 0.0399376868825 0.0207398091716 0.0226953019989 0.0399785131834
nonkin 0.035783915285 0.0423015101042 0.0722761584607 0.0375333137981 0.0410722145328 0.0723500427645
many_rivals 0.0 0.0 0.0 0.0 0.0 0.0
Observed values
no_rival 185 228 201 199 250 208
brother 86 100 171 90 50 182
nonkin 100 146 269 98 170 264
many_rivals 0 0 0 0 0 0
Q values
no_rival 0.124073353586 0.114077696443 0.0692972554384 0.11211054936 0.111833600402 0.0710786627774
brother 0.0491245948956 0.0493363703262 0.0569335574116 0.0539175459494 0.0468799925539 0.0566657487594
nonkin 0.0724641782569 0.0831902990069 0.09019980019 0.0768607917594 0.0797371616418 0.0879272323644
many_rivals 1 1 1 1 1 1
O' values
no_rival 1491.05343455 1998.63783289 2900.54777391 1775.03367111 2235.46411008 2926.33530053
brother 1750.65056888 2026.90224957 3003.50105938 1669.21543656 1066.55307043 3211.81673206
nonkin 1379.99218932 1755.01232407 2982.26824709 1275.03240283 2132.00465755 3002.48276786
many_rivals 0 0 0 0 0 0
