Parameter Female_0 Female_1 Female_2 Female_3 Female_4 Female_5
Size 23.270387257 28.2258500922 32.6291031167 23.12255865 25.2120555994 33.3214240729
Profit 3.09817399331 3.77927215174 5.22242606246 3.08601638109 3.29344122212 5.57819330593
E values
no_rival 0.0685356531218 0.0836024334991 0.115526881913 0.0682667108687 0.0728552191269 0.123396917761
brother 0.0214420644357 0.0261558573445 0.0361437402752 0.0213579231624 0.0227934838561 0.0386059596906
nonkin 0.0388042014411 0.0473348618229 0.0654101652702 0.0386519290267 0.0412498965175 0.069866100867
many_rivals 0.0 0.0 0.0 0.0 0.0 0.0
Observed values
no_rival 185 200 253 254 255 186
brother 81 137 180 68 105 139
nonkin 90 126 250 109 149 230
many_rivals 0 0 0 0 0 0
Q values
no_rival 0.125662882544 0.104126920902 0.0877838389179 0.121745357215 0.108885707948 0.0704530081801
brother 0.0504156030754 0.0551266916341 0.0611542756081 0.0492896113258 0.0541519775452 0.0483579549738
nonkin 0.0751058868753 0.0740087188389 0.084845242019 0.0764415508637 0.0811298694715 0.0933256401703
many_rivals 1 1 1 1 1 1
O' values
no_rival 1472.19287235 1920.73287357 2882.07947065 2086.32185909 2341.90514812 2640.05760442
brother 1606.64546408 2485.18450752 2943.37555649 1379.60105935 1938.98736038 2874.39781263
nonkin 1198.30819852 1702.50211025 2946.54118547 1425.92606728 1836.56156445 2464.48885408
many_rivals 0 0 0 0 0 0
