Parameter Female_0 Female_1 Female_2 Female_3 Female_4 Female_5
Size 21.9935942725 27.804840454 32.7098468506 23.0235302648 28.4170533723 29.9263294866
Profit 3.00348231872 3.69386725285 5.26158150246 3.0780584298 3.82033959856 4.20171949988
E values
no_rival 0.0693178938171 0.0852514084774 0.121432959876 0.0710390489299 0.0881702858672 0.0969722193225
brother 0.0216867962596 0.0266717556562 0.0379915158268 0.0222252768482 0.0275849556364 0.0303387285372
nonkin 0.0392470983003 0.0482684949658 0.0687541275523 0.0402215991136 0.0499211341552 0.0549047008582
many_rivals 0.0 0.0 0.0 0.0 0.0 0.0
Observed values
no_rival 229 193 266 203 240 201
brother 89 100 201 82 109 71
nonkin 169 127 210 138 183 186
many_rivals 0 0 0 0 0 0
Q values
no_rival 0.123143240743 0.105757697434 0.0889406071019 0.12012806672 0.101084385087 0.0922108186628
brother 0.0512356371468 0.0558078664196 0.0572371321309 0.0466374462111 0.0522214793003 0.0509732184364
nonkin 0.0848854302039 0.0737497993429 0.0828643228117 0.0821656733015 0.0864398383867 0.0893226074153
many_rivals 1 1 1 1 1 1
O' values
no_rival 1859.62297743 1824.92626714 2990.75988649 1689.86320634 2374.25394429 2179.78760968
brother 1737.07218171 1791.86208711 3511.70634371 1758.24378609 2087.26373631 1392.88830837
nonkin 1990.91881368 1722.03858358 2534.263153 1679.53348953 2117.07938626 2082.33957093
many_rivals 0 0 0 0 0 0
