Parameter Female_0 Female_1 Female_2 Female_3 Female_4 Female_5
Size 23.0305024517 29.2707082964 30.8340763989 21.3506374857 26.8765887472 32.1693620996
Profit 3.0786138992 4.02274507573 4.48875844202 2.9637157799 3.52775124228 5.01042253635
E values
no_rival 0.0709504589835 0.0927091278223 0.103448981313 0.0683024899404 0.0813013836793 0.115471374552
brother 0.0221975605976 0.0290049777305 0.0323650482935 0.0213691170028 0.0254359508979 0.0361263742423
nonkin 0.0401714403719 0.0524909810817 0.0585717787294 0.0386721867794 0.0460320304254 0.0653787375576
many_rivals 0.0 0.0 0.0 0.0 0.0 0.0
Observed values
no_rival 217 206 165 198 246 249
brother 93 130 130 76 104 116
nonkin 106 188 158 115 168 331
many_rivals 0 0 0 0 0 0
Q values
no_rival 0.121265693915 0.0895128971518 0.0872632368411 0.133314485479 0.11428837158 0.0844368129158
brother 0.0503474692433 0.0555064200466 0.054565883574 0.0495482076775 0.0557156153213 0.0471523737387
nonkin 0.0763870170046 0.0868239997635 0.0865035331492 0.0727817233433 0.077192900062 0.0995533993369
many_rivals 1 1 1 1 1 1
O' values
no_rival 1789.45910417 2301.34434874 1890.83061749 1485.20994766 2152.44995269 2948.95071713
brother 1847.16335096 2342.07141968 2382.44103247 1533.85972091 1866.62212021 2460.10944524
nonkin 1387.67036804 2165.29992297 1826.51499017 1580.0670102 2176.36595937 3324.84879677
many_rivals 0 0 0 0 0 0
