Parameter Female_0 Female_1 Female_2 Female_3 Female_4 Female_5
Size 19.936339196 27.0833787249 34.6677495014 19.6545398293 27.978183103 33.6556222656
Profit 2.89140422705 3.56229829319 6.41721585769 2.87914674002 3.72821744753 5.76715836563
E values
no_rival 0.0609519374286 0.0750946480042 0.135277432247 0.0606935447847 0.0785922889839 0.121573964842
brother 0.0190694231439 0.0234941115746 0.0423228974528 0.0189885824213 0.0245883835315 0.0380356306404
nonkin 0.0345103774527 0.0425178387535 0.076592729364 0.0343640781216 0.0444981680998 0.0688339631537
many_rivals 0.0 0.0 0.0 0.0 0.0 0.0
Observed values
no_rival 172 234 203 245 216 259
brother 113 99 121 61 97 168
nonkin 63 150 289 151 129 229
many_rivals 0 0 0 0 0 0
Q values
no_rival 0.118039756266 0.117564410426 0.0629394518366 0.128026258964 0.0982954568735 0.0806723791937
brother 0.0570858866183 0.0468409416669 0.0451447407005 0.0504198497306 0.0484227239419 0.0564109494659
nonkin 0.0699358258975 0.0806508536764 0.0962545680586 0.0722572918794 0.0827820882 0.0859228471771
many_rivals 1 1 1 1 1 1
O' values
no_rival 1457.13618395 1990.39827745 3225.32202103 1913.66991415 2197.45659535 3210.51644427
brother 1979.47350377 2113.53564802 2680.26791432 1209.84097188 2003.19172702 2978.14522873
nonkin 900.825852723 1859.86872007 3002.45490504 2089.75448806 1558.30811719 2665.18170107
many_rivals 0 0 0 0 0 0
