Parameter Female_0 Female_1 Female_2 Female_3 Female_4 Female_5
Size 21.2282551513 25.3209407909 30.487907833 20.9961984852 26.2948654268 32.0708555451
Profit 2.95667415823 3.30663725096 4.37350386737 2.94375731605 3.43744579968 4.96732415374
E values
no_rival 0.0715701442339 0.0800414561483 0.105866350448 0.0712574752659 0.0832078472344 0.12024054296
brother 0.022391435325 0.0250417699706 0.0331213464012 0.0222936137117 0.0260324070858 0.0376184562704
nonkin 0.0405222999638 0.0453186720566 0.0599404689602 0.0403452699208 0.0471114510256 0.0680789930183
many_rivals 0.0 0.0 0.0 0.0 0.0 0.0
Observed values
no_rival 192 246 228 210 233 189
brother 124 144 120 95 83 229
nonkin 83 151 182 125 182 181
many_rivals 0 0 0 0 0 0
Q values
no_rival 0.116423177657 0.108003723283 0.085333360194 0.128983497281 0.106515240197 0.0737009520712
brother 0.0660572799014 0.0574808528653 0.0504082745323 0.0447303721707 0.0497678462905 0.0628412681353
nonkin 0.0660565343814 0.0837123926518 0.0867390475364 0.075786960635 0.0874811950636 0.0814931484046
many_rivals 1 1 1 1 1 1
O' values
no_rival 1649.15615484 2277.69925446 2671.87415897 1628.11525836 2187.48039782 2564.41734725
brother 1877.15873534 2505.18203579 2380.56154696 2123.8365654 1667.7434566 3644.1021449
nonkin 1256.49946333 1803.7950561 2098.24761937 1649.36024552 2080.44711629 2221.04561602
many_rivals 0 0 0 0 0 0
