Parameter Female_0 Female_1 Female_2 Female_3 Female_4 Female_5
Size 22.7916172095 28.5351478226 30.3738453914 21.0780068798 26.8616439553 32.4810542254
Profit 3.0599894306 3.84644905119 4.3371353067 2.94824703431 3.52530597917 5.1521524331
E values
no_rival 0.0712080532249 0.0895095081128 0.100928113893 0.0686077310071 0.0820362885205 0.119894121532
brother 0.0222781515319 0.0280039447082 0.0315763697125 0.0214646147229 0.0256658732265 0.0375100748624
nonkin 0.0403172876554 0.0506793883984 0.0571444888051 0.0388450112189 0.0464481261974 0.0678828526701
many_rivals 0.0 0.0 0.0 0.0 0.0 0.0
Observed values
no_rival 199 238 235 248 214 185
brother 88 116 140 120 143 123
nonkin 125 147 159 107 169 240
many_rivals 0 0 0 0 0 0
Q values
no_rival 0.119812098254 0.105022645353 0.104031284719 0.124093390927 0.102229123808 0.0793564339551
brother 0.0517453807093 0.0508589678132 0.0519653063191 0.0556249154778 0.0580944884715 0.0521043052233
nonkin 0.0801573366268 0.0847144329668 0.0801484983147 0.0691636649672 0.0774193920492 0.0850930372436
many_rivals 1 1 1 1 1 1
O' values
no_rival 1660.93410348 2266.17792001 2258.93586371 1998.49482835 2093.33692815 2331.25394854
brother 1700.63489327 2280.81703164 2694.10516202 2157.30664882 2461.50717155 2360.64946021
nonkin 1559.4330508 1735.24150315 1983.81758041 1547.055091 2182.91561748 2820.44228029
many_rivals 0 0 0 0 0 0
