Parameter Female_0 Female_1 Female_2 Female_3 Female_4 Female_5
Size 22.0276788233 25.6092985712 34.6384320254 21.3546385239 26.4610884922 34.5538382939
Profit 3.00572707731 3.34291235739 6.39660158255 2.96394872717 3.4622537877 6.33775103815
E values
no_rival 0.0627067743092 0.0697412790113 0.13344866033 0.0618351763546 0.0722310313886 0.132220894897
brother 0.0196184414104 0.0218192565515 0.0417507478707 0.0193457532743 0.0225982004802 0.0413666291774
nonkin 0.0355039485461 0.0394868147634 0.0755572969921 0.0350104585002 0.0408964876619 0.0748621484817
many_rivals 0.0 0.0 0.0 0.0 0.0 0.0
Observed values
no_rival 185 160 189 248 250 227
brother 90 64 175 62 98 229
nonkin 70 108 262 123 106 353
many_rivals 0 0 0 0 0 0
Q values
no_rival 0.122082090124 0.113994624911 0.0609764627943 0.11737428577 0.117769738004 0.0625818363738
brother 0.0569735447258 0.0505489892574 0.0487433773138 0.0474476819766 0.0537412612168 0.0579990744191
nonkin 0.0622298772404 0.0759032930286 0.0905008190763 0.0740710837483 0.069639864401 0.088492341135
many_rivals 1 1 1 1 1 1
O' values
no_rival 1515.37379326 1403.57495036 3099.55663774 2112.89890603 2122.78641556 3627.2505435
brother 1579.68054179 1266.09851038 3590.23132258 1306.70240183 1823.55229076 3948.33887081
nonkin 1124.86161156 1422.86316826 2895.00142291 1660.56703609 1522.11669152 3989.04578037
many_rivals 0 0 0 0 0 0
