Parameter Female_0 Female_1 Female_2 Female_3 Female_4 Female_5
Size 24.734583599 28.125606319 33.258580287 24.4991306949 27.9219019595 31.0901487457
Profit 3.23865009195 3.7583219252 5.54396209952 3.21338274718 3.71694207396 4.57895586239
E values
no_rival 0.0716649385414 0.0831642511976 0.122676946214 0.0711058220395 0.0822485967082 0.101323261589
brother 0.0224210926721 0.0260187676297 0.0383807093927 0.0222461674833 0.0257322959661 0.0316999956207
nonkin 0.0405759715528 0.0470867673856 0.0694584601772 0.0402594053806 0.0465683329702 0.057368217479
many_rivals 0.0 0.0 0.0 0.0 0.0 0.0
Observed values
no_rival 276 232 193 232 173 232
brother 132 126 198 73 60 167
nonkin 71 164 187 143 132 208
many_rivals 0 0 0 0 0 0
Q values
no_rival 0.123118879065 0.113625797154 0.0835098177658 0.118655248074 0.10050948301 0.0905051629371
brother 0.0567317430094 0.0529664553572 0.052079352066 0.051676897463 0.0526551691135 0.0574399146072
nonkin 0.0702750508842 0.0763751555582 0.0816959531311 0.0816351224803 0.0824809589418 0.0872370709391
many_rivals 1 1 1 1 1 1
O' values
no_rival 2241.73580929 2041.78985593 2311.10551027 1955.2443214 1721.23062241 2563.38967271
brother 2326.73972273 2378.86411598 3801.89061778 1412.62350458 1139.48926592 2907.38593785
nonkin 1010.31588176 2147.29513546 2288.97506955 1751.69701049 1600.36936638 2384.30747114
many_rivals 0 0 0 0 0 0
