Parameter Female_0 Female_1 Female_2 Female_3 Female_4 Female_5
Size 24.1886919472 28.6973334919 30.757797286 19.20084284 29.4268720838 31.0312063321
Profit 3.18172689154 3.88326098375 4.46271603125 2.86072238625 4.06340309232 4.55780939043
E values
no_rival 0.0735893151584 0.0898149106182 0.103216972317 0.0661648873201 0.0939813695423 0.105416361334
brother 0.0230231531405 0.028099492936 0.0322924619592 0.020700346647 0.029403011275 0.0329805628069
nonkin 0.0416655343495 0.0508523042429 0.0584404175564 0.0374618975517 0.0532113116211 0.0596856896236
many_rivals 0.0 0.0 0.0 0.0 0.0 0.0
Observed values
no_rival 248 225 251 211 230 219
brother 83 152 111 52 116 172
nonkin 101 176 187 92 142 227
many_rivals 0 0 0 0 0 0
Q values
no_rival 0.119691003032 0.102436658583 0.0922120500932 0.125604487297 0.100405435494 0.0874206054052
brother 0.0542670674621 0.0526748015043 0.0594877259942 0.0458477492117 0.0585814148281 0.0594087286266
nonkin 0.0778288498982 0.0875353640063 0.0830818598364 0.0775984360529 0.0803349536092 0.0840447626868
many_rivals 1 1 1 1 1 1
O' values
no_rival 2072.00201952 2196.47929866 2721.98698268 1679.87628898 2290.7126379 2505.13021484
brother 1529.47273331 2885.63023797 1865.93113361 1134.18872015 1980.15019508 2895.19745627
nonkin 1297.71929217 2010.61596074 2250.79217495 1185.59090466 1767.59920334 2700.94164994
many_rivals 0 0 0 0 0 0
