Parameter Female_0 Female_1 Female_2 Female_3 Female_4 Female_5
Size 22.1529736782 25.056430124 32.0398207104 20.0708699159 26.8721155421 30.5552200619
Profit 3.01410308518 3.27504179245 4.95390976745 2.897488065 3.52701861965 4.39533363984
E values
no_rival 0.0727038262556 0.0789979847168 0.119494318821 0.0698909303703 0.0850759717491 0.106020784378
brother 0.0227461190823 0.0247153094985 0.0373849925862 0.0218660764756 0.0266168685214 0.0331696626005
nonkin 0.0411641793876 0.0447278689668 0.067656488373 0.0395715458663 0.0481691644446 0.0600279079069
many_rivals 0.0 0.0 0.0 0.0 0.0 0.0
Observed values
no_rival 205 219 235 242 258 173
brother 78 93 165 76 121 182
nonkin 86 176 265 130 167 126
many_rivals 0 0 0 0 0 0
Q values
no_rival 0.122720752381 0.109015836221 0.0717092496463 0.133428167405 0.105626194257 0.079180346301
brother 0.0525112268592 0.0448705234155 0.0513907293829 0.0502790145801 0.052241294074 0.0634710078356
nonkin 0.0735841638447 0.0952068400367 0.0931924474746 0.0709050186351 0.0843070250791 0.0759860350956
many_rivals 1 1 1 1 1 1
O' values
no_rival 1670.45911977 2008.88244857 3277.12256312 1813.70998872 2442.57593312 2184.88561975
brother 1485.39664116 2072.63015719 3210.69581968 1511.56502638 2316.1753962 2867.45092297
nonkin 1168.72973078 1848.60667503 2843.57807077 1833.43862681 1980.85509296 1658.1994289
many_rivals 0 0 0 0 0 0
