Parameter Female_0 Female_1 Female_2 Female_3 Female_4 Female_5
Size 21.6502608551 27.1939850187 31.8459843501 24.1187812131 28.0627219962 34.5888797769
Profit 2.98165244246 3.58133323784 4.87186827957 3.17484839198 3.74537892905 6.36201577272
E values
no_rival 0.0641979586938 0.0771096858902 0.104896195854 0.06835766068 0.0806417536651 0.136980561507
brother 0.020084973357 0.0241245363276 0.0328178238349 0.0213863777204 0.0252295790517 0.042855738473
nonkin 0.0363482422329 0.0436587330541 0.0593911771306 0.0387034239004 0.0456585545077 0.0775570241196
many_rivals 0.0 0.0 0.0 0.0 0.0 0.0
Observed values
no_rival 187 287 217 219 259 163
brother 66 92 162 86 140 181
nonkin 124 149 166 88 155 254
many_rivals 0 0 0 0 0 0
Q values
no_rival 0.113763233751 0.123592929336 0.0923901842333 0.119524253704 0.100813783682 0.0629669410766
brother 0.0532243663719 0.0470579466465 0.0602246364545 0.0440283662245 0.060878408636 0.0546074783606
nonkin 0.0799693494063 0.0757898958482 0.0700665114382 0.0780986608226 0.0775392364309 0.0911659964713
many_rivals 1 1 1 1 1 1
O' values
no_rival 1643.76480726 2322.13931285 2348.73435745 1832.26410718 2569.09313926 2588.6599732
brother 1240.0335504 1955.03642969 2689.92906454 1953.28619648 2299.66589365 3314.56433137
nonkin 1550.59408286 1965.96127139 2369.17746571 1126.77988423 1998.98795932 2786.12651462
many_rivals 0 0 0 0 0 0
