Parameter Female_0 Female_1 Female_2 Female_3 Female_4 Female_5
Size 22.5031486516 27.2306692438 30.7250984907 20.9717747344 26.0718552087 30.9353189255
Profit 3.03858221186 3.58773404964 4.45166579002 2.94243020012 3.40535300694 4.52390330004
E values
no_rival 0.0736723779359 0.0869869170586 0.107933497157 0.0713411106362 0.0825649715033 0.109684941999
brother 0.023049140161 0.027214726871 0.0337680739207 0.0223197798737 0.0258312769845 0.0343160309537
nonkin 0.0417125636635 0.0492511225694 0.0611108667556 0.0403926234311 0.0467474612154 0.0621025173102
many_rivals 0.0 0.0 0.0 0.0 0.0 0.0
Observed values
no_rival 244 203 227 186 241 202
brother 64 104 116 107 105 134
nonkin 123 162 256 117 180 229
many_rivals 0 0 0 0 0 0
Q values
no_rival 0.120888727303 0.102547999165 0.0877118308818 0.121747253778 0.108645727842 0.0871492986836
brother 0.0536033929632 0.0531193653114 0.0457038036558 0.0608860876 0.0523210738296 0.0550244643617
nonkin 0.0795390572641 0.0851312401707 0.0979096782726 0.0693708757975 0.0862085263745 0.0865022961465
many_rivals 1 1 1 1 1 1
O' values
no_rival 2018.38505081 1979.56080716 2588.02031286 1527.75519963 2218.21883646 2317.86145214
brother 1193.95427159 1957.85471815 2538.08196958 1757.3801211 2006.83954503 2435.28040762
nonkin 1546.41008117 1902.94420327 2614.65469519 1686.58675064 2087.96052514 2647.32857047
many_rivals 0 0 0 0 0 0
