Parameter Female_0 Female_1 Female_2 Female_3 Female_4 Female_5
Size 22.0077702228 26.165414303 33.9638896709 22.2192352463 25.4585131337 30.9280464884
Profit 3.00441418561 3.4186537986 5.95226665444 3.01861280613 3.32369942574 4.52135650248
E values
no_rival 0.0688024603014 0.0782887370819 0.136309631394 0.0691276152114 0.0761142384724 0.103541133829
brother 0.0215255377299 0.0244934142835 0.0426458312779 0.0216272656951 0.0238131006485 0.0323938791298
nonkin 0.0389552649981 0.0443263000484 0.0771771501989 0.0391393644566 0.0430951206807 0.0586239545627
many_rivals 0.0 0.0 0.0 0.0 0.0 0.0
Observed values
no_rival 93 88 108 126 43 69
brother 112 40 132 97 110 45
nonkin 513 707 1070 881 307 908
many_rivals 0 0 0 0 0 0
Q values
no_rival 0.00466793244859 0.00273613089361 0.00397000226467 0.0037612350716 0.00254074717034 0.00258581857777
brother 0.00365841581043 0.00341845308206 0.00338228811772 0.00400733182842 0.00322672429332 0.00290129332829
nonkin 0.0193436754227 0.0229766754378 0.0302790002717 0.0230072828137 0.0194250746307 0.0269267827539
many_rivals 1 1 1 1 1 1
O' values
no_rival 19923.1674889 32162.2040106 27204.0147083 33499.6344556 16924.1554224 26684.0066017
brother 30614.3439684 11701.1990628 39026.8349134 24205.6321146 34090.3002551 15510.3241583
nonkin 26520.2961066 30770.3349822 35338.0227351 38292.2228207 15804.3150843 33721.0727438
many_rivals 0 0 0 0 0 0
