Parameter Female_0 Female_1 Female_2 Female_3 Female_4 Female_5
Size 24.6149762544 28.785413342 32.0315070096 20.4475899094 25.3761080952 30.7829389628
Profit 3.22567533736 3.90372637945 4.95032950595 2.91536314038 3.31342652313 4.471258562
E values
no_rival 0.0753585966469 0.0911993027451 0.115650164847 0.0681090475632 0.0774086498985 0.10445805459
brother 0.023576690547 0.0285326138568 0.036182310574 0.0213085966206 0.0242180702073 0.0326807469589
nonkin 0.0426672838355 0.0516361332212 0.0654799668347 0.0385626616398 0.043828003486 0.059143105928
many_rivals 0.0 0.0 0.0 0.0 0.0 0.0
Observed values
no_rival 95 82 104 103 72 50
brother 80 78 124 41 9 54
nonkin 697 684 996 649 871 717
many_rivals 0 0 0 0 0 0
Q values
no_rival 0.00322664245185 0.00263397254787 0.00360240702468 0.00394867194964 0.00364932917758 0.00230656858472
brother 0.00434377579436 0.00378171853103 0.00302233298983 0.00314470616931 0.00255785470188 0.00357765731182
nonkin 0.0215885680938 0.0221951166241 0.0296070209615 0.02262374878 0.0249999779282 0.023680497145
many_rivals 1 1 1 1 1 1
O' values
no_rival 29442.3697133 31131.6836109 28869.5861649 26084.7194483 19729.6534504 21677.2223168
brother 18417.156821 20625.5434824 41027.9080489 13037.7840703 3518.57358957 15093.6759151
nonkin 32285.6058342 30817.5898142 33640.6692621 28686.6693186 34840.0307592 30278.0805492
many_rivals 0 0 0 0 0 0
