Parameter Female_0 Female_1 Female_2 Female_3 Female_4 Female_5
Size 24.3631514626 28.8879718395 34.3234758732 20.1128553571 26.2695552878 32.6228136943
Profit 3.19928995068 3.92798527023 6.18213918818 2.89941836174 3.43373568533 5.21940089112
E values
no_rival 0.0684825208972 0.0840806358596 0.132332012 0.0620636083659 0.0735009578536 0.111724081314
brother 0.0214254414879 0.026305467735 0.0414013932742 0.0194172205133 0.0229955096741 0.0349539960799
nonkin 0.0387741185068 0.0476056152174 0.0749250618741 0.0351397944207 0.0416155073271 0.0632570575992
many_rivals 0.0 0.0 0.0 0.0 0.0 0.0
Observed values
no_rival 117 92 102 111 86 67
brother 14 86 57 70 184 122
nonkin 608 653 1083 567 500 935
many_rivals 0 0 0 0 0 0
Q values
no_rival 0.00438173891302 0.00322725910571 0.00423901494451 0.00349729305974 0.00280831287506 0.00289633604599
brother 0.00292329733994 0.00367653596376 0.00262264774235 0.003930806185 0.00338761389571 0.00353754778087
nonkin 0.0226756924097 0.0248218637941 0.0333613721535 0.0212277270851 0.0227585569752 0.0280244650386
many_rivals 1 1 1 1 1 1
O' values
no_rival 26701.7278579 28507.1625756 24062.1940085 31738.8328927 30623.368487 23132.6748471
brother 4789.1125575 23391.5840475 21733.7612976 17808.0517598 54315.5169581 34487.1666921
nonkin 26812.8526801 26307.4523903 32462.6935312 26710.3490509 21969.7584757 33363.7055591
many_rivals 0 0 0 0 0 0
