Parameter Female_0 Female_1 Female_2 Female_3 Female_4 Female_5
Size 19.9332918499 25.0726605298 33.2259476227 21.176035433 26.2415394263 32.2792991493
Profit 2.89126818578 3.27693574081 5.52634529273 2.95371833132 3.42964940764 5.05947034362
E values
no_rival 0.0665021558809 0.0753729081649 0.127111652221 0.0679385737592 0.0788854803041 0.11637304596
brother 0.0208058644889 0.0235811680485 0.0397681515139 0.0212552621863 0.0246801113679 0.036408471159
nonkin 0.0376528556382 0.0426753868739 0.0719693463711 0.0384661410767 0.0446641700934 0.065889254892
many_rivals 0.0 0.0 0.0 0.0 0.0 0.0
Observed values
no_rival 131 87 47 84 79 92
brother 139 91 93 69 33 41
nonkin 792 896 458 588 803 806
many_rivals 0 0 0 0 0 0
Q values
no_rival 0.00413127530033 0.00374311668843 0.00230478393803 0.00375054940801 0.00338491208726 0.00361481624514
brother 0.00316939697395 0.00186151431567 0.00383407537563 0.00547445700475 0.00399035111943 0.00173996437106
nonkin 0.0235672884228 0.026550758836 0.0235611982701 0.0231403941631 0.0231984479785 0.0276236665998
many_rivals 1 1 1 1 1 1
O' values
no_rival 31709.3368213 23242.6630644 20392.3670347 22396.7186836 23338.8631561 25450.8096016
brother 43856.923302 48884.9316032 24256.1741459 12603.9897546 8269.94893741 23563.7008907
nonkin 33605.9026304 33746.6814239 19438.7396918 25410.1116799 34614.3845805 29177.8789426
many_rivals 0 0 0 0 0 0
