Parameter Female_0 Female_1 Female_2 Female_3 Female_4 Female_5
Size 19.1262996019 28.3998548912 33.6636405494 20.0910594526 27.4856811717 32.3331088376
Profit 2.85784219045 3.81658514405 5.77183902637 2.89841439201 3.63346613272 5.0838479095
E values
no_rival 0.0632074512616 0.0844121555363 0.127656885733 0.0641047945304 0.0803620767662 0.112440452463
brother 0.0197750832017 0.0264091869811 0.0399387332704 0.0200558260168 0.0251420793371 0.0351781199575
nonkin 0.0357874268298 0.0477933183431 0.0722780521332 0.0362954936151 0.0455002042442 0.0636626597799
many_rivals 0.0 0.0 0.0 0.0 0.0 0.0
Observed values
no_rival 95 90 89 116 74 111
brother 131 86 183 95 28 101
nonkin 470 736 748 745 809 753
many_rivals 0 0 0 0 0 0
Q values
no_rival 0.00396159577064 0.00241871599567 0.00332542883765 0.00373408821939 0.00269407149129 0.00436050645879
brother 0.00390674954464 0.00437041640361 0.00436373390399 0.00208407161734 0.00299563094294 0.00282344871505
nonkin 0.0203191593022 0.0202951126192 0.0255023177883 0.0214565736197 0.0229456795147 0.0264405205007
many_rivals 1 1 1 1 1 1
O' values
no_rival 23980.2356172 37209.8254451 26763.4655093 31065.1471483 27467.7194867 25455.7586484
brother 33531.7118498 19677.7588353 41936.5625921 45583.8461642 9346.94577981 35771.8556961
nonkin 23130.8782518 36264.8886857 29330.6673616 34721.2939588 35257.1820539 28479.0157584
many_rivals 0 0 0 0 0 0
