Parameter Female_0 Female_1 Female_2 Female_3 Female_4 Female_5
Size 19.6554631097 27.0212483677 32.4271695433 24.3330138452 25.2447616092 31.5576586898
Profit 2.87918585295 3.55177759693 5.12705512734 3.19621480446 3.29737669267 4.75521439393
E values
no_rival 0.0671841061065 0.082878638312 0.119636811683 0.0745817899675 0.0769423430469 0.110960127174
brother 0.0210192194365 0.0259294107823 0.0374295729031 0.0233336588092 0.0240721814457 0.0347149853877
nonkin 0.0380389690365 0.0469250562259 0.0677371664068 0.0422274636617 0.0435639852097 0.0628245144048
many_rivals 0.0 0.0 0.0 0.0 0.0 0.0
Observed values
no_rival 101 107 82 118 94 103
brother 27 57 130 89 89 135
nonkin 635 716 1031 713 507 769
many_rivals 0 0 0 0 0 0
Q values
no_rival 0.00362351846856 0.00417881499849 0.00347152279063 0.00412236153935 0.00485021280552 0.00420364248373
brother 0.00338357929447 0.00238878844353 0.00406506345083 0.00249767905178 0.00434185913942 0.00541605676042
nonkin 0.0227341435084 0.0263850602275 0.0301649452962 0.0248826181755 0.0230682228634 0.0257582078149
many_rivals 1 1 1 1 1 1
O' values
no_rival 27873.4608023 25605.3450652 23620.7580781 28624.3695206 19380.5929284 24502.5594823
brother 7979.71545816 23861.468417 31979.8206282 35633.0810144 20498.1315935 24925.8835296
nonkin 27931.5558892 27136.5687183 34178.7458879 28654.5408917 21978.2860172 29854.5615256
many_rivals 0 0 0 0 0 0
