Parameter Female_0 Female_1 Female_2 Female_3 Female_4 Female_5
Size 22.5558467133 27.8551146389 34.4347593138 23.0358046973 26.4707463202 31.7301832424
Profit 3.04240707316 3.7037151997 6.25647402139 3.07903681138 3.46371905195 4.82425790831
E values
no_rival 0.0664401195802 0.0808817738199 0.136628949426 0.0672400402119 0.07564073527 0.105352197982
brother 0.0207864558119 0.0253046717573 0.0427457331174 0.0210367189807 0.0236649604366 0.0329604886607
nonkin 0.0376177313051 0.0457944515191 0.0773579448755 0.0380706383676 0.0428270279025 0.0596493609755
many_rivals 0.0 0.0 0.0 0.0 0.0 0.0
Observed values
no_rival 144 63 74 104 171 63
brother 107 94 91 185 265 54
nonkin 696 546 532 526 914 692
many_rivals 0 0 0 0 0 0
Q values
no_rival 0.00463908850117 0.00257818947264 0.00337549801054 0.00357361557331 0.00443433256198 0.00291054336274
brother 0.00325850466051 0.00288308560902 0.00304963359055 0.00315779361228 0.00390539204707 0.0037797390277
nonkin 0.0224077235402 0.0209456008576 0.0231318287341 0.02109105008 0.022915166954 0.022378300445
many_rivals 1 1 1 1 1 1
O' values
no_rival 31040.5804855 24435.7525576 21922.6910426 29102.1789744 38562.7369192 21645.4428429
brother 32837.1480626 32603.9572692 29839.6503377 58585.2093945 67854.9033762 14286.7006437
nonkin 31060.7188075 26067.5262415 22998.6139926 24939.4884563 39886.2465996 30922.8130037
many_rivals 0 0 0 0 0 0
