Parameter Female_0 Female_1 Female_2 Female_3 Female_4 Female_5
Size 20.03130305 29.2543030283 34.2363388056 21.7272669924 28.2101304351 34.6496897686
Profit 2.89568280461 4.01854250663 6.12500563437 2.986427262 3.77596079426 6.40450396071
E values
no_rival 0.0588044071961 0.0816070080323 0.124384247069 0.0606472105636 0.0766807523768 0.130060191052
brother 0.0183975468354 0.025531568533 0.038914855538 0.0189740862969 0.0239903401886 0.0406906313727
nonkin 0.0332944673103 0.0462050718778 0.070425116848 0.034337844149 0.0434158751882 0.073638779572
many_rivals 0.0 0.0 0.0 0.0 0.0 0.0
Observed values
no_rival 95 93 66 139 58 70
brother 95 55 51 38 32 190
nonkin 358 864 955 827 593 718
many_rivals 0 0 0 0 0 0
Q values
no_rival 0.00328317993718 0.00281287310457 0.00242356199355 0.00404618109765 0.00221618740726 0.00265469833848
brother 0.00340531852432 0.00213090519659 0.00241001824606 0.00267702353135 0.00272698309832 0.00283996305946
nonkin 0.0183914997577 0.0236551865263 0.0280581563028 0.019371298159 0.0202310114735 0.0244376794966
many_rivals 1 1 1 1 1 1
O' values
no_rival 28935.362002 33062.2806443 27232.6435947 34353.3807917 26171.0719093 26368.3443747
brother 27897.5371383 25810.6273746 21161.6655116 14194.869621 11734.5795138 66902.2786642
nonkin 19465.5142167 36524.7595506 34036.448785 42692.0278244 29311.4360978 29380.8583626
many_rivals 0 0 0 0 0 0
