Parameter Female_0 Female_1 Female_2 Female_3 Female_4 Female_5
Size 21.5189837086 25.5758690966 30.656528062 23.6311166841 26.4260561985 30.4393742553
Profit 2.97366962341 3.33860586822 4.42871169435 3.1292929498 3.45696095612 4.35793402231
E values
no_rival 0.0729779141849 0.0819339480858 0.108686633995 0.076797123175 0.0848385435996 0.10694965325
brother 0.0228318702319 0.0256338549981 0.0340037003115 0.0240267479565 0.0265425867506 0.0334602685159
nonkin 0.0413193652324 0.0463901820667 0.0615372853014 0.0434817631704 0.0480347350007 0.0605538241737
many_rivals 0.0 0.0 0.0 0.0 0.0 0.0
Observed values
no_rival 67 83 51 127 117 82
brother 47 95 97 44 69 61
nonkin 720 600 617 930 1003 651
many_rivals 0 0 0 0 0 0
Q values
no_rival 0.00280798432362 0.00368345093927 0.00241046004503 0.00448709474058 0.00454265005945 0.00374204177036
brother 0.00284313484135 0.00409279685635 0.00395482820864 0.00297543159097 0.00391267312998 0.00335153765703
nonkin 0.0240433573811 0.0216125923547 0.0227006119585 0.0252378086082 0.0247698680473 0.0240177110714
many_rivals 1 1 1 1 1 1
O' values
no_rival 23860.5320679 22533.2171837 21157.7869151 28303.3916916 25755.8910479 21913.1706785
brother 16531.0485161 23211.5111828 24526.9819276 14787.7706661 17635.0023904 18200.6011098
nonkin 29945.9010066 27761.5933412 27179.8840105 36849.4751045 40492.7469975 27104.9975605
many_rivals 0 0 0 0 0 0
