Parameter Female_0 Female_1 Female_2 Female_3 Female_4 Female_5
Size 21.1567263707 28.945998279 30.5037939983 20.5668283266 25.2856360752 31.6488320592
Profit 2.95263266884 3.94191851444 4.3786310633 2.92128880114 3.30232907725 4.791423476
E values
no_rival 0.070501056968 0.0941225858138 0.104550126161 0.0697526483272 0.078850882082 0.114406516938
brother 0.022056960683 0.0294471921977 0.0327095524708 0.0218228135556 0.0246692869682 0.0357932228892
nonkin 0.0399169934447 0.0532912668619 0.0591952359312 0.0394932519564 0.044644580926 0.0647758258251
many_rivals 0.0 0.0 0.0 0.0 0.0 0.0
Observed values
no_rival 92 55 89 117 163 64
brother 45 98 48 104 31 53
nonkin 511 662 825 663 1112 740
many_rivals 0 0 0 0 0 0
Q values
no_rival 0.00453491854824 0.00239553934649 0.00425251712555 0.00355849784054 0.00452849300823 0.00247523268613
brother 0.00279665114459 0.0034882733933 0.00392508189664 0.00409781914222 0.00282836300816 0.00343133279403
nonkin 0.0271781223219 0.0249477931095 0.0259214661015 0.0233052941049 0.0281934740105 0.0264363156696
many_rivals 1 1 1 1 1 1
O' values
no_rival 20287.0236855 22959.3390234 20928.7810895 32879.0420124 35994.3141579 25856.1550026
brother 16090.6733351 28094.1282264 12229.0441993 25379.3533562 10960.4035658 15445.8932378
nonkin 18801.8875604 26535.4132566 31826.9034926 28448.4717084 39441.7516474 27991.7976941
many_rivals 0 0 0 0 0 0
