Parameter Female_0 Female_1 Female_2 Female_3 Female_4 Female_5
Size 24.6743326333 27.6316420316 33.4323229739 22.8089863485 26.8741596131 32.323002646
Profit 3.23207786156 3.66064167196 5.6395920034 3.06131568535 3.52735332194 5.0792507116
E values
no_rival 0.0710761609148 0.0805006462319 0.124019459276 0.0673209543775 0.0775695212343 0.111697074256
brother 0.0222368877038 0.0251854321801 0.0388007280289 0.0210620337866 0.0242684004134 0.0349455466517
nonkin 0.0402426115483 0.0455786608901 0.0702185776472 0.038116451159 0.0439190872277 0.063241766473
many_rivals 0.0 0.0 0.0 0.0 0.0 0.0
Observed values
no_rival 105 82 56 85 42 92
brother 101 137 98 66 114 14
nonkin 775 733 619 813 600 863
many_rivals 0 0 0 0 0 0
Q values
no_rival 0.00299831863012 0.00264099454276 0.0024950866448 0.00302059274713 0.00218251918308 0.00389411715438
brother 0.00358507668968 0.00367074661144 0.0025805276117 0.00277763574325 0.0032024056669 0.00268659123603
nonkin 0.0202267474843 0.0221908333478 0.02315216941 0.0206580302659 0.0201509442406 0.025457218855
many_rivals 1 1 1 1 1 1
O' values
no_rival 35019.626982 31048.9092924 22444.1103545 28140.1721834 19243.8171108 23625.3806326
brother 28172.3401596 37322.1075987 37976.7298577 23761.2149686 35598.2382801 5211.06441957
nonkin 38315.6016855 33031.6571943 26736.1554349 39355.1558176 29775.2796512 33900.0110309
many_rivals 0 0 0 0 0 0
