Parameter Female_0 Female_1 Female_2 Female_3 Female_4 Female_5
Size 24.5048936554 27.4422666678 32.9467664613 24.5392144749 28.7573980428 29.6650865014
Profit 3.21398798171 3.6255253798 5.37995004928 3.21760596686 3.89718035743 4.12776001135
E values
no_rival 0.0729022111959 0.0822370271572 0.122032271729 0.0729842771898 0.0883989196921 0.0936291093265
brother 0.0228081857948 0.0257286763164 0.038179016533 0.0228338609616 0.0276564860149 0.0292928031439
nonkin 0.041276502957 0.0465617824062 0.06909345193 0.0413229679021 0.0500505843404 0.0530118654096
many_rivals 0.0 0.0 0.0 0.0 0.0 0.0
Observed values
no_rival 119 118 75 92 85 88
brother 91 84 137 94 79 135
nonkin 868 638 670 756 637 740
many_rivals 0 0 0 0 0 0
Q values
no_rival 0.00500207968359 0.00364261707239 0.0029649395434 0.00400612999162 0.00317001851459 0.00329018149847
brother 0.00338336855272 0.00478106202815 0.00329056824469 0.00330204112498 0.00229033159916 0.00469263112018
nonkin 0.0269148055773 0.0235308373955 0.0264037207608 0.0248503367442 0.0252184928848 0.0250425257678
many_rivals 1 1 1 1 1 1
O' values
no_rival 23790.1048219 32394.2917015 25295.6253921 22964.8064822 26813.7235189 26746.2448625
brother 26896.2717428 17569.3181777 41634.1463883 28467.2408496 34492.8219254 28768.508869
nonkin 32249.9078623 27113.3572204 25375.2115495 30422.1229588 25259.241419 29549.7349933
many_rivals 0 0 0 0 0 0
