Parameter Female_0 Female_1 Female_2 Female_3 Female_4 Female_5
Size 21.6001435111 28.6028633172 32.5962618238 24.0512948156 26.0141095963 31.2720988355
Profit 2.97858167504 3.86168284101 5.20666882231 3.16829332036 3.39725919857 4.64572550791
E values
no_rival 0.0681545514428 0.0883612707514 0.119136628372 0.0724954470437 0.0777345401515 0.106301378529
brother 0.0213228329644 0.0276447071673 0.0372730855525 0.0226809255621 0.0243200282318 0.0332574492865
nonkin 0.0385884254814 0.0500292678867 0.067453967618 0.0410461971617 0.0440125192884 0.0601867775092
many_rivals 0.0 0.0 0.0 0.0 0.0 0.0
Observed values
no_rival 100 90 80 126 74 110
brother 56 97 142 96 71 58
nonkin 525 699 811 686 525 1052
many_rivals 0 0 0 0 0 0
Q values
no_rival 0.0035082169537 0.00300234431057 0.00289167653467 0.00435871666712 0.00263476795001 0.0038382162281
brother 0.00374132171455 0.00358675419891 0.00335863159305 0.00377413031971 0.00352305421 0.00296065872833
nonkin 0.0213992388663 0.0225618859829 0.0267921570758 0.022281554052 0.021718981811 0.0302087920873
many_rivals 1 1 1 1 1 1
O' values
no_rival 28504.5085067 29976.5751993 27665.6116412 28907.5912987 28085.9648379 28659.1461926
brother 14967.9723565 27043.9496605 42279.1235257 25436.323568 20152.968353 19590.234918
nonkin 24533.5828662 30981.4525492 30270.0524525 30787.7986607 24172.4038709 34824.2987327
many_rivals 0 0 0 0 0 0
