Parameter Female_0 Female_1 Female_2 Female_3 Female_4 Female_5
Size 20.6080124627 27.4480037092 31.0135243506 22.9870248113 25.3411405049 33.8540526345
Profit 2.92336642807 3.62657101735 4.55151110501 3.07516187805 3.30911503096 5.88508274332
E values
no_rival 0.0665688703876 0.0825817570071 0.103643850428 0.0700254509717 0.0753528697185 0.134011017777
brother 0.0208267367895 0.0258365284972 0.0324260150449 0.021908162591 0.0235748988201 0.0419266870218
nonkin 0.0376906287248 0.0467569649998 0.0586821116739 0.0396477100857 0.0426640413059 0.0758756981552
many_rivals 0.0 0.0 0.0 0.0 0.0 0.0
Observed values
no_rival 63 108 117 122 70 56
brother 108 185 141 102 168 12
nonkin 534 773 859 817 424 700
many_rivals 0 0 0 0 0 0
Q values
no_rival 0.00300998550654 0.00353171925389 0.00394659238064 0.00424731796334 0.00247072969914 0.00293921755583
brother 0.00290691206353 0.00336216991324 0.00309455152673 0.00386147456576 0.0028482041349 0.00290933935872
nonkin 0.0231180805046 0.0232576524369 0.0268235271606 0.0229253361215 0.020509949164 0.0257109368768
many_rivals 1 1 1 1 1 1
O' values
no_rival 20930.3333399 30580.0071399 29645.828278 28724.0091401 28331.7110829 19052.6896823
brother 37152.8266559 55023.9889042 45563.9528966 26414.7797073 58984.5362351 4124.64773628
nonkin 23098.8035487 33236.3725056 32024.1254947 35637.427328 20672.8937556 27225.767904
many_rivals 0 0 0 0 0 0
