Parameter Female_0 Female_1 Female_2 Female_3 Female_4 Female_5
Size 20.4557168814 26.4266446922 32.5122022776 20.917913233 27.8086044621 30.4397904888
Profit 2.91576282833 3.45704958179 5.16677588947 2.93952489151 3.69460135733 4.3580669515
E values
no_rival 0.0688681358543 0.0816529238731 0.122035379705 0.0694293780033 0.0872637190282 0.102934279826
brother 0.0215460849834 0.0255459337629 0.0381799888945 0.0217216752021 0.0273013271352 0.0322040187865
nonkin 0.0389924498393 0.0462310689677 0.0690952116352 0.0393102195317 0.0494078450766 0.0582803598949
many_rivals 0.0 0.0 0.0 0.0 0.0 0.0
Observed values
no_rival 93 99 72 103 100 48
brother 119 134 108 29 97 126
nonkin 664 694 893 710 834 457
many_rivals 0 0 0 0 0 0
Q values
no_rival 0.0026628159831 0.00355139926285 0.00242692547267 0.00349211013807 0.00298653646733 0.00276778542501
brother 0.00333575699383 0.00273385680187 0.00311113196669 0.00314165189694 0.00345557151055 0.00399118316449
nonkin 0.0220095053461 0.0226212077988 0.0269172475294 0.0228341862302 0.0239119627544 0.0198013727619
many_rivals 1 1 1 1 1 1
O' values
no_rival 34925.4325459 27876.3362474 29667.1656426 29495.0605587 33483.6025255 17342.3848418
brother 35674.0614559 49015.0032396 34714.0530058 9230.81262703 28070.6099422 31569.5859617
nonkin 30168.7834215 30679.1753196 33175.7546542 31093.7290623 34877.9399068 23079.2079668
many_rivals 0 0 0 0 0 0
