Parameter Female_0 Female_1 Female_2 Female_3 Female_4 Female_5
Size 21.7129441769 27.2852615276 31.1243612398 22.3471245454 27.2024411314 30.4898502363
Profit 2.98553394429 3.5973413321 4.59133761804 3.02747674165 3.58280479631 4.37412995185
E values
no_rival 0.0717035868556 0.086397368601 0.110270183432 0.0727109272744 0.0860482445326 0.105053505595
brother 0.0224331841836 0.0270302807405 0.0344991295885 0.0227483407071 0.0269210537845 0.0328670397604
nonkin 0.0405978538417 0.0489173261282 0.0624338751573 0.0411681999135 0.0487196555719 0.0594802443327
many_rivals 0.0 0.0 0.0 0.0 0.0 0.0
Observed values
no_rival 63 69 71 91 81 69
brother 94 74 108 65 128 10
nonkin 547 822 669 821 976 554
many_rivals 0 0 0 0 0 0
Q values
no_rival 0.00386398408343 0.00297237563324 0.00305422424636 0.00280972533919 0.00264933367791 0.00254635957154
brother 0.0032273557559 0.00274588093489 0.00256362359785 0.00265906792372 0.00399023990308 0.00250367201971
nonkin 0.0193213526134 0.0239973151462 0.0237879735668 0.021554312651 0.0252369424554 0.0216499815375
many_rivals 1 1 1 1 1 1
O' values
no_rival 16304.4149872 23213.7550948 23246.4921607 32387.5073235 30573.7252636 27097.5084475
brother 29126.0112332 26949.4569337 42127.8693527 24444.6557458 32078.2717603 3994.13338539
nonkin 28310.6473416 34253.8319387 28123.4548257 38089.8251452 38673.4645739 25588.9363711
many_rivals 0 0 0 0 0 0
