Parameter Female_0 Female_1 Female_2 Female_3 Female_4 Female_5
Size 22.1373056437 26.260497756 32.9065732405 23.4551984566 25.2082070051 30.9969637653
Profit 3.01304488588 3.43241224482 5.35949714031 3.11385433693 3.29297970932 4.54563114612
E values
no_rival 0.0704602614809 0.0802671959565 0.125332208518 0.0728176974137 0.0770065565427 0.106299896378
brother 0.0220441974069 0.0251123949269 0.0392114347571 0.0227817448128 0.0240922712799 0.0332569855808
nonkin 0.0398938954479 0.0454464836786 0.070961843141 0.0412286520987 0.0436003422489 0.0601859383303
many_rivals 0.0 0.0 0.0 0.0 0.0 0.0
Observed values
no_rival 115 90 62 169 66 84
brother 67 122 72 136 70 117
nonkin 840 649 545 822 584 885
many_rivals 0 0 0 0 0 0
Q values
no_rival 0.00408182634956 0.00344259803903 0.00280294728654 0.00522820981809 0.00292080333132 0.00343314384006
brother 0.00318575802692 0.00372722968122 0.00278029104854 0.00340365274087 0.00287409436614 0.00317021825498
nonkin 0.0216283516421 0.0210045843553 0.0234841991263 0.0227846890525 0.0204590859073 0.0252254465718
many_rivals 1 1 1 1 1 1
O' values
no_rival 28173.6630007 26143.0463213 22119.5740276 32324.639959 22596.5231183 24467.3698258
brother 21031.1013686 32732.085338 25896.5693674 39957.0726964 24355.4981439 36905.9763681
nonkin 38837.9111779 30898.0167863 23207.0932915 36076.8583721 28544.774808 35083.6207192
many_rivals 0 0 0 0 0 0
