Parameter Female_0 Female_1 Female_2 Female_3 Female_4 Female_5
Size 20.4287150933 28.8719623274 33.0404594001 22.5165027671 26.721842415 33.9516144528
Profit 2.91443721297 3.92416766396 5.42822916697 3.03954789415 3.50276016892 5.94468949676
E values
no_rival 0.062657625824 0.0843658693572 0.116701759955 0.0653473863764 0.0753060093518 0.127805165426
brother 0.0196030648153 0.0263947058871 0.0365113126194 0.0204445833017 0.0235602380858 0.0399851240552
nonkin 0.0354761211653 0.0477671115713 0.0660753694687 0.0369990366924 0.0426375094349 0.0723620066126
many_rivals 0.0 0.0 0.0 0.0 0.0 0.0
Observed values
no_rival 142 65 55 99 85 89
brother 64 46 162 75 148 161
nonkin 794 580 834 618 565 783
many_rivals 0 0 0 0 0 0
Q values
no_rival 0.00435805015935 0.00289904615133 0.00296605897172 0.00362791116806 0.00393491413151 0.0036950152041
brother 0.00352006869754 0.00301256178441 0.00293998116893 0.00255805150665 0.00395889339353 0.0037996760179
nonkin 0.0231580012637 0.0212999681801 0.0273165774816 0.0251622202785 0.0201490335758 0.0286794233322
many_rivals 1 1 1 1 1 1
O' values
no_rival 32583.3789901 22421.1677245 18543.1242347 27288.4300121 21601.4879002 24086.5044077
brother 18181.4633461 15269.3963782 55102.393754 29319.1907219 37384.1842374 42372.0336264
nonkin 34286.205919 27230.0876272 30530.9111495 24560.6307059 28041.0471239 27301.8041866
many_rivals 0 0 0 0 0 0
