Parameter Female_0 Female_1 Female_2 Female_3 Female_4 Female_5
Size 21.4490193253 28.6666391777 31.8009650744 20.4334931179 28.0357730754 34.0654551148
Profit 2.96949467506 3.87620810843 4.85323629623 2.91467129551 3.73987873622 6.01563317323
E values
no_rival 0.0648491558361 0.0846503702424 0.105987149776 0.0636518982979 0.0816731483003 0.131372093838
brother 0.0202887068949 0.026483714834 0.0331591396788 0.0199141329015 0.0255522611772 0.0411010732781
nonkin 0.0367169435429 0.0479281931275 0.0600088643314 0.0360390682973 0.0462425198361 0.0743815658101
many_rivals 0.0 0.0 0.0 0.0 0.0 0.0
Observed values
no_rival 152 80 96 142 90 38
brother 94 64 111 97 123 26
nonkin 923 685 603 850 664 535
many_rivals 0 0 0 0 0 0
Q values
no_rival 0.00394773756034 0.00342973082736 0.00356465091968 0.00468980214502 0.00289838811278 0.00231759703407
brother 0.00375206748604 0.00468418502769 0.00353754202566 0.00265087723591 0.00250910965028 0.00273341396597
nonkin 0.025978419223 0.0224331709458 0.0241060313886 0.0230658004355 0.0246002055 0.022434558618
many_rivals 1 1 1 1 1 1
O' values
no_rival 38503.0660414 23325.4456477 26931.1083085 30278.4628453 31051.7420366 16396.2929885
brother 25052.8542863 13662.9957232 31377.719104 36591.6605589 49021.3729743 9511.91452289
nonkin 35529.4905389 30535.1393103 25014.4866353 36851.0948656 26991.6444398 23847.1373165
many_rivals 0 0 0 0 0 0
