Parameter Female_0 Female_1 Female_2 Female_3 Female_4 Female_5
Size 23.542756387 28.3677941417 29.8296490637 20.6914579196 28.8497201017 29.959008304
Profit 3.12147484993 3.80961844041 4.173925966 2.92762547853 3.91888277831 4.21122834591
E values
no_rival 0.0749545051459 0.0914785730221 0.100226518021 0.0702996915067 0.0941022860973 0.101122242498
brother 0.02345026648 0.0286199863557 0.0313568684279 0.0219939614848 0.0294408412284 0.0316371047878
nonkin 0.0424384912686 0.0517942532594 0.0567472522381 0.0398029823342 0.0532797733654 0.0572544024797
many_rivals 0.0 0.0 0.0 0.0 0.0 0.0
Observed values
no_rival 100 92 60 111 107 59
brother 37 95 92 28 104 44
nonkin 593 737 577 813 791 966
many_rivals 0 0 0 0 0 0
Q values
no_rival 0.0038210229635 0.00330361727964 0.00339348809843 0.00331293411218 0.00423155210301 0.00263120752395
brother 0.00212931015905 0.00281410066564 0.00409130814919 0.0041252971021 0.00410014467581 0.00242094093871
nonkin 0.024264570015 0.0246409628847 0.0247767761663 0.0239956656538 0.0254156675336 0.0287375324768
many_rivals 1 1 1 1 1 1
O' values
no_rival 26171.0020995 27848.2621358 17680.9224785 33505.0430347 25286.230063 22423.1648257
brother 17376.5197347 33758.5649156 22486.6953662 6787.38992781 25364.9586107 18174.7515176
nonkin 24438.9247216 29909.5454771 23287.9369022 33881.1188541 31122.5349071 33614.5770615
many_rivals 0 0 0 0 0 0
