Parameter Female_0 Female_1 Female_2 Female_3 Female_4 Female_5
Size 24.3028245142 28.1446392219 33.5931704598 19.4059076026 25.8276863553 31.5640806702
Profit 3.19315173653 3.76226946991 5.73094183027 2.86885632029 3.37171909301 4.7577446594
E values
no_rival 0.0717486347312 0.0845364455652 0.128771598086 0.0644618675228 0.075760960199 0.106904310186
brother 0.022447277862 0.0264480723595 0.0402874821773 0.0201675398732 0.0237025740079 0.0334460824847
nonkin 0.0406233594984 0.0478636901146 0.0729091911205 0.0364976647727 0.0428950980551 0.060528151384
many_rivals 0.0 0.0 0.0 0.0 0.0 0.0
Observed values
no_rival 127 45 106 132 125 39
brother 132 45 163 73 57 25
nonkin 824 630 817 769 853 442
many_rivals 0 0 0 0 0 0
Q values
no_rival 0.00313859918406 0.00202201636839 0.00409381932621 0.00468689988418 0.00469545163074 0.00167490996693
brother 0.00297321127652 0.00281652441908 0.00369323075426 0.00355987669812 0.00195725175718 0.00284215311763
nonkin 0.0228899123283 0.021097188446 0.0272826270056 0.0188128095835 0.0243114664509 0.0198156731579
many_rivals 1 1 1 1 1 1
O' values
no_rival 40463.9116218 22255.0127207 25892.6912874 28163.6056374 26621.5073288 23284.8336747
brother 44396.44133 15977.13824 44134.7998124 20506.3282216 29122.4671486 8796.14818952
nonkin 35998.3903906 29861.7989602 29945.7966358 40876.403739 35086.3244602 22305.5758175
many_rivals 0 0 0 0 0 0
