Parameter Female_0 Female_1 Female_2 Female_3 Female_4 Female_5
Size 20.8989904663 28.5176195142 30.777003405 22.4450531324 26.1697251138 32.6951246361
Profit 2.93851112852 3.84253713072 4.46923817458 3.03440912248 3.41927227855 5.254397975
E values
no_rival 0.0681158266898 0.0890714997488 0.103598672804 0.0703387793522 0.0792600564519 0.121798981243
brother 0.0213107175382 0.0278669094114 0.0324118807736 0.0220061905081 0.0247973012616 0.0381060292717
nonkin 0.0385664999135 0.0504313924427 0.0586565325551 0.0398251134814 0.0448762513625 0.06896136519
many_rivals 0.0 0.0 0.0 0.0 0.0 0.0
Observed values
no_rival 101 84 72 100 96 67
brother 83 146 38 78 189 108
nonkin 740 536 777 852 662 646
many_rivals 0 0 0 0 0 0
Q values
no_rival 0.0036324826789 0.00317373096662 0.00315129018294 0.0034458897709 0.00341123363836 0.00357719435883
brother 0.00245764472273 0.0031980540456 0.0023708650744 0.00413230198866 0.00459785065395 0.0041309041593
nonkin 0.0240520555674 0.0218223796544 0.0246265512178 0.0232777166936 0.0208203868576 0.0249687087982
many_rivals 1 1 1 1 1 1
O' values
no_rival 27804.6749092 26467.2717642 22847.7848183 29020.080922 28142.3116026 18729.7622883
brother 33772.1718817 45652.7619353 16027.904924 18875.6775797 41106.1633413 26144.3974092
nonkin 30766.60113 24561.9409289 31551.3119612 36601.5280286 31795.758865 25872.3831185
many_rivals 0 0 0 0 0 0
