Parameter Female_0 Female_1 Female_2 Female_3 Female_4 Female_5
Size 22.6591852818 29.0266079685 29.9085224402 22.8478914379 28.3420460299 32.5329665725
Profit 3.05001795688 3.96152746716 4.19656247229 3.06430206301 3.80405366651 5.17657185956
E values
no_rival 0.0698046582806 0.0906660468967 0.0960452080849 0.0701315734533 0.0870620009541 0.11847432862
brother 0.0218390853897 0.0283657794321 0.0300487038014 0.0219413640706 0.0272382176185 0.0370658784522
nonkin 0.0395226994719 0.0513342090925 0.0543798363656 0.0397077955735 0.0492936343202 0.0670789801216
many_rivals 0.0 0.0 0.0 0.0 0.0 0.0
Observed values
no_rival 114 77 86 153 84 82
brother 76 75 76 79 107 171
nonkin 755 756 571 767 590 702
many_rivals 0 0 0 0 0 0
Q values
no_rival 0.00360661165196 0.00355778778951 0.003882667789 0.00443172876597 0.00425513445756 0.00308858842115
brother 0.00407878221625 0.0037312808907 0.00348407257099 0.00381278093031 0.00330655850261 0.00391317471255
nonkin 0.0211014677413 0.0256707289322 0.0227552105146 0.0249678531095 0.0229326316297 0.0277844142804
many_rivals 1 1 1 1 1 1
O' values
no_rival 31608.6152326 21642.6623946 22149.7188721 34523.7734707 19740.856802 26549.3451437
brother 18633.0124951 20100.3361036 21813.5525169 20719.7847041 32359.9294903 43698.5344537
nonkin 35779.5016562 29449.8844188 25093.1539233 30719.501458 25727.5313852 25265.9636051
many_rivals 0 0 0 0 0 0
