Parameter Female_0 Female_1 Female_2 Female_3 Female_4 Female_5
Size 24.8599442445 26.9711160255 32.1628974327 20.6479824585 25.3648750343 33.3404612697
Profit 3.25256457774 3.54337735804 5.00756968235 2.92539818841 3.31203841057 5.5886426971
E values
no_rival 0.0732540074856 0.079803670398 0.112780096514 0.0658855914065 0.0745934725419 0.125866977944
brother 0.022918248782 0.0249673763207 0.0352843809954 0.0206129661274 0.0233373138195 0.0393787427196
nonkin 0.0414756864983 0.0451840401426 0.0638549628453 0.0373037629985 0.0422340782185 0.0712646242421
many_rivals 0.0 0.0 0.0 0.0 0.0 0.0
Observed values
no_rival 101 78 71 97 110 83
brother 91 77 73 84 92 102
nonkin 508 800 562 762 765 867
many_rivals 0 0 0 0 0 0
Q values
no_rival 0.00390438833784 0.00321705464221 0.00360094381691 0.00296313409029 0.00379311068121 0.00378426383105
brother 0.00452960180106 0.00326212957231 0.00274719706556 0.00294917751269 0.00366733957952 0.00297198866121
nonkin 0.0216294655167 0.0224112078705 0.0235430501759 0.0233698185536 0.0216463674418 0.0293313786928
many_rivals 1 1 1 1 1 1
O' values
no_rival 25868.3284706 24245.7802789 19717.0529755 32735.6093393 28999.9447011 21932.9316627
brother 20090.0661905 23604.2126142 26572.5385758 28482.5174608 25086.3052099 34320.4539544
nonkin 23486.4795714 35696.4249595 23871.1634984 32606.158163 35340.8026569 29558.7878456
many_rivals 0 0 0 0 0 0
