Parameter Female_0 Female_1 Female_2 Female_3 Female_4 Female_5
Size 22.71714268 28.0658050855 30.1244454562 20.889435749 25.6698678925 30.9279495403
Profit 3.05435144266 3.74600994989 4.26027047645 2.93800061037 3.3507841095 4.52132257482
E values
no_rival 0.0743219694078 0.0911521945404 0.103665769301 0.0714907880061 0.0815351077809 0.110017987254
brother 0.0232523713489 0.0285178755839 0.0324328725835 0.0223666079356 0.0255090738203 0.0344202274923
nonkin 0.042080355859 0.0516094610268 0.0586945219206 0.0404773692612 0.0461643626744 0.0622910842033
many_rivals 0.0 0.0 0.0 0.0 0.0 0.0
Observed values
no_rival 90 94 66 90 68 54
brother 82 135 146 121 103 72
nonkin 551 851 819 646 765 672
many_rivals 0 0 0 0 0 0
Q values
no_rival 0.00297387269144 0.00354659524111 0.00255525873964 0.00336080117806 0.00252996104612 0.00206536719333
brother 0.00282810978418 0.0033588600442 0.00353335844731 0.00317739575236 0.00343155721022 0.00267787186254
nonkin 0.0189451642573 0.0255278545399 0.0229859854588 0.0193923479882 0.021793506054 0.025120482263
many_rivals 1 1 1 1 1 1
O' values
no_rival 30263.568531 26504.2931628 25829.0868851 26779.3288658 26877.8841889 26145.4719405
brother 28994.6311344 40192.2075417 41320.4610223 38081.5011508 30015.527555 26887.022119
nonkin 29083.9389153 33336.1347961 35630.4062521 33312.108487 35102.1996233 26751.0787797
many_rivals 0 0 0 0 0 0
