Parameter Female_0 Female_1 Female_2 Female_3 Female_4 Female_5
Size 24.415063045 29.0700724504 31.1314349073 20.8483501547 27.2951429506 34.32127451
Profit 3.20462771625 3.9722240555 4.59390754442 2.93581574738 3.59909081353 6.18068429927
E values
no_rival 0.0696490491863 0.0863319090754 0.0998435140829 0.0638067175023 0.0782222695717 0.134330356872
brother 0.0217904015284 0.0270098010733 0.031237041816 0.0199625696378 0.0244726192582 0.0420265954508
nonkin 0.0394345951588 0.0488802635994 0.0565303992386 0.0361267253826 0.0442886668088 0.0760565047571
many_rivals 0.0 0.0 0.0 0.0 0.0 0.0
Observed values
no_rival 78 58 102 92 87 73
brother 122 73 119 47 144 177
nonkin 505 534 998 654 696 793
many_rivals 0 0 0 0 0 0
Q values
no_rival 0.00351961167835 0.00194431602938 0.00393989113343 0.00345649501345 0.00304600109214 0.00397070936465
brother 0.00255945326906 0.0025901765432 0.0030615606963 0.00283450815463 0.00222726155206 0.00381477040395
nonkin 0.0201317746963 0.0214675710112 0.0257415301313 0.0222533863218 0.0229873213135 0.0262252298069
many_rivals 1 1 1 1 1 1
O' values
no_rival 22161.5357398 29830.5414983 25889.040216 26616.5579994 28562.0383475 18384.6243318
brother 47666.4299656 28183.4071086 38869.0644428 16581.3599524 64653.3856191 46398.5984102
nonkin 25084.7234095 24874.7284786 38770.0340621 29388.7856231 30277.5599865 30238.0572388
many_rivals 0 0 0 0 0 0
