Parameter Female_0 Female_1 Female_2 Female_3 Female_4 Female_5
Size 22.4036299928 27.7527213052 30.9368634077 19.4327227562 25.0945819234 29.742988274
Profit 3.03146124642 3.68375533852 4.52444462234 2.86994323397 3.27950293562 4.14943705083
E values
no_rival 0.0749026760128 0.0910198449534 0.111791965042 0.0709118180162 0.0810313990191 0.102526113247
brother 0.0234340512174 0.0284764686921 0.034975234183 0.0221854713846 0.0253514834971 0.0320763197904
nonkin 0.0424091461317 0.0515345260141 0.063295492687 0.0401495622426 0.0458791678106 0.0580492600593
many_rivals 0.0 0.0 0.0 0.0 0.0 0.0
Observed values
no_rival 129 94 105 107 56 72
brother 114 54 90 120 102 81
nonkin 723 728 770 866 465 615
many_rivals 0 0 0 0 0 0
Q values
no_rival 0.00360365287861 0.00379120938776 0.00436266577868 0.00381605782662 0.00248231386022 0.0035262523218
brother 0.00288954754085 0.00272701252975 0.00381116149438 0.00391812543683 0.00522410939346 0.00341956328885
nonkin 0.0234649014138 0.0247980892066 0.0274670507938 0.0235971423187 0.0221630648162 0.0248358033985
many_rivals 1 1 1 1 1 1
O' values
no_rival 35797.0105184 24794.1989972 24067.8533096 28039.4073836 22559.5968735 20418.277942
brother 39452.5434825 19801.8892142 23614.8481592 30626.8908269 19524.8591325 23687.235228
nonkin 30811.9768863 29357.1006192 28033.5885269 36699.3591132 20980.8527772 24762.6376378
many_rivals 0 0 0 0 0 0
