Parameter Female_0 Female_1 Female_2 Female_3 Female_4 Female_5
Size 19.1027326805 26.6473683973 29.7618273044 20.3766364758 26.1047228854 32.8688753817
Profit 2.85693994866 3.49098859813 4.15472688858 2.91189934386 3.40999909114 5.34045346706
E values
no_rival 0.068595384682 0.0838189496848 0.0997553656332 0.0699149646954 0.0818743843501 0.128224767245
brother 0.0214607520516 0.0262235965984 0.031209463692 0.0218735958546 0.0256152198878 0.0401164006802
nonkin 0.0388380208531 0.047457451122 0.0564804904679 0.0395851538609 0.0463564576752 0.0725995809663
many_rivals 0.0 0.0 0.0 0.0 0.0 0.0
Observed values
no_rival 76 140 87 98 48 51
brother 54 112 44 67 10 74
nonkin 489 905 970 808 821 598
many_rivals 0 0 0 0 0 0
Q values
no_rival 0.00386206132855 0.00477875478512 0.0040093144553 0.00383954837265 0.00228695877628 0.00244464424883
brother 0.00401966213679 0.0041324697299 0.00260950542055 0.00279401016497 0.00279934626491 0.00243904428384
nonkin 0.0218364470024 0.0252630748861 0.0271005360477 0.0245129614004 0.0271399478081 0.0265523224398
many_rivals 1 1 1 1 1 1
O' values
no_rival 19678.6103416 29296.3347766 21699.4703134 25523.8352245 20988.5724648 20861.9311478
brother 13433.9648862 27102.4368768 16861.4326889 23979.8698086 3572.26261193 30339.7525376
nonkin 22393.7529739 35823.0343725 35792.6499422 32962.153646 30250.6108636 22521.5704334
many_rivals 0 0 0 0 0 0
