Parameter Female_0 Female_1 Female_2 Female_3 Female_4 Female_5
Size 24.508650865 27.6185979582 31.3381313568 22.7112564773 26.8107286255 31.2058912663
Profit 3.21438292131 3.65818273281 4.67052557099 3.05390918077 3.51702642376 4.62116576166
E values
no_rival 0.075242053183 0.0856304884868 0.109327339651 0.0714856949595 0.0823263113639 0.108171928646
brother 0.0235402287588 0.026790354628 0.0342041514831 0.022365014525 0.0257566097733 0.0338426695963
nonkin 0.0426012980917 0.0484831262763 0.0619000464368 0.0404744856291 0.0466123342311 0.0612458642803
many_rivals 0.0 0.0 0.0 0.0 0.0 0.0
Observed values
no_rival 128 52 106 82 47 75
brother 39 19 100 46 23 38
nonkin 928 551 1193 656 587 763
many_rivals 0 0 0 0 0 0
Q values
no_rival 0.00417991018617 0.00339403582008 0.00348542609148 0.00312906355174 0.0028231519881 0.00412109610206
brother 0.00316235741841 0.00471549904781 0.00286877476207 0.00270670942951 0.00363651895395 0.00289884879344
nonkin 0.0259713170676 0.0237924874684 0.0299217393146 0.0217045430777 0.0225384253477 0.0285942293503
many_rivals 1 1 1 1 1 1
O' values
no_rival 30622.6675453 15320.9932825 30412.3505184 26205.9234797 16648.058694 18199.0417458
brother 12332.5718254 4029.26600289 34858.0869165 16994.8053893 6324.72985601 13108.6519883
nonkin 35731.7265653 23158.570567 39870.6768834 30224.0870795 26044.4104211 26683.7056755
many_rivals 0 0 0 0 0 0
