Parameter Female_0 Female_1 Female_2 Female_3 Female_4 Female_5
Size 20.0136963543 25.276765163 31.4703892883 20.0726157706 25.3584920753 32.1892720744
Profit 2.89488378064 3.30125104626 4.72113019075 2.8975680292 3.31125094411 5.0192305317
E values
no_rival 0.0695682283728 0.0793338192841 0.113455560974 0.0696327347333 0.079574131238 0.120619341688
brother 0.0217651159287 0.0248203787012 0.0354957068063 0.0217852973886 0.0248955626991 0.0377369672405
nonkin 0.0393888352224 0.0449180151405 0.0642374040679 0.0394253580786 0.0450540773656 0.0682934650704
many_rivals 0.0 0.0 0.0 0.0 0.0 0.0
Observed values
no_rival 73 115 65 91 89 78
brother 45 68 109 119 113 59
nonkin 712 906 852 540 604 668
many_rivals 0 0 0 0 0 0
Q values
no_rival 0.0023117046418 0.00438532490127 0.00246237504979 0.00327789029921 0.003506617225 0.00300156547846
brother 0.00324519171785 0.00255499746522 0.00355570692259 0.00288678404172 0.00289038540533 0.00281209417314
nonkin 0.0208392365798 0.0241490793785 0.0254442614577 0.0205488201232 0.0231082627371 0.0243787970267
many_rivals 1 1 1 1 1 1
O' values
no_rival 31578.4286107 26223.8266466 26397.278516 27761.7588428 25380.5859862 25986.4395962
brother 13866.6691871 26614.5078128 30654.9449584 41222.3423299 39095.1323626 20980.8051819
nonkin 34166.3187744 37516.9581332 33484.9569683 26278.8810629 26137.8367934 27400.8598237
many_rivals 0 0 0 0 0 0
