Parameter Female_0 Female_1 Female_2 Female_3 Female_4 Female_5
Size 21.148145608 28.2326970134 33.5735038703 23.0298889594 28.7930585148 31.2162465798
Profit 2.95215146957 3.78071751187 5.71962437815 3.07856499357 3.90551871566 4.62498700815
E values
no_rival 0.0652944767147 0.0836203609768 0.12650430868 0.0680904392472 0.0863806628715 0.1022935678
brother 0.020428029985 0.0261614661352 0.0395781380135 0.0213027748229 0.027025054186 0.032003565622
nonkin 0.0369690797711 0.0473450121814 0.0716254745314 0.0385521257974 0.0489078675112 0.0579175951528
many_rivals 0.0 0.0 0.0 0.0 0.0 0.0
Observed values
no_rival 98 87 62 82 91 73
brother 152 92 91 113 87 126
nonkin 637 533 964 761 882 586
many_rivals 0 0 0 0 0 0
Q values
no_rival 0.00289817432667 0.0033743778998 0.00289230810644 0.0027751551309 0.00353404809675 0.00321260154184
brother 0.00425844099362 0.00376801621997 0.0036840481171 0.00284469156264 0.00287188383391 0.00331109299808
nonkin 0.0218949592096 0.0220078656814 0.0275680841501 0.0230122608338 0.0248798785246 0.0225490460915
many_rivals 1 1 1 1 1 1
O' values
no_rival 33814.3910455 25782.5301681 21436.1671434 29547.8977326 25749.5080736 22723.0171714
brother 35693.8138224 24416.0307783 24701.0888858 39723.1114558 30293.7044224 38053.8994445
nonkin 29093.4545209 24218.6138227 34967.9721939 33069.3279333 35450.3338562 25987.7955645
many_rivals 0 0 0 0 0 0
