Parameter Female_0 Female_1 Female_2 Female_3 Female_4 Female_5
Size 21.8588801977 27.2754353135 33.7675087649 23.609898136 27.9719779418 31.0468770727
Profit 2.99474918384 3.59560483329 5.83311159017 3.12740371499 3.72696846638 4.56340873843
E values
no_rival 0.0668487298967 0.0802610173875 0.130206597351 0.0698098416218 0.0831933137128 0.10186431632
brother 0.0209142936355 0.0251104618999 0.0407364360472 0.0218407070498 0.0260278601282 0.031869270004
nonkin 0.0378490823802 0.0454429854346 0.0737216733542 0.0395256342279 0.047103222291 0.0576745572574
many_rivals 0.0 0.0 0.0 0.0 0.0 0.0
Observed values
no_rival 73 72 50 83 57 111
brother 13 98 44 109 120 127
nonkin 644 620 643 789 804 952
many_rivals 0 0 0 0 0 0
Q values
no_rival 0.00339023962568 0.00245150762216 0.00221756280488 0.00346384836921 0.00254979063041 0.00398030638324
brother 0.00281935251154 0.00377241283566 0.00292558611231 0.00337757033392 0.00203616662654 0.00371258106362
nonkin 0.0222173388725 0.0202242493344 0.0219674366302 0.0196845447942 0.0227126151248 0.027457971212
many_rivals 1 1 1 1 1 1
O' values
no_rival 21532.4012636 29369.6822923 22547.2757254 23961.7879171 22354.7766315 27887.3004519
brother 4610.98778773 25978.0687505 15039.7213792 32271.7187871 58934.2730776 34208.0072661
nonkin 28986.3697762 30656.2676196 29270.5976953 40082.2070436 35398.829927 34671.1704462
many_rivals 0 0 0 0 0 0
