Parameter Female_0 Female_1 Female_2 Female_3 Female_4 Female_5
Size 23.5343745172 26.0526327786 32.459449652 20.2514966036 28.2133760626 33.5367155972
Profit 3.12073992126 3.40264900367 5.14205946558 2.90590135608 3.77664368961 5.69856558857
E values
no_rival 0.0690663175232 0.0753053578436 0.113800932065 0.0643116410897 0.0835823807238 0.126117187045
brother 0.0216080881003 0.023560034255 0.035603759606 0.0201205400313 0.0261495836332 0.0394570231387
nonkin 0.0391046583185 0.0426371405575 0.0644329497261 0.0364126080686 0.047323508142 0.0714062901327
many_rivals 0.0 0.0 0.0 0.0 0.0 0.0
Observed values
no_rival 115 128 84 98 67 39
brother 83 129 62 59 70 78
nonkin 626 662 831 695 805 832
many_rivals 0 0 0 0 0 0
Q values
no_rival 0.00488698432097 0.00417551222585 0.00371339288607 0.00436202534201 0.00293859394522 0.00169562567913
brother 0.00417826630295 0.00332814941118 0.00353253772693 0.0029731703157 0.00298593682304 0.00331803105615
nonkin 0.0227730804579 0.0249069240332 0.028171136312 0.0247608972877 0.023549541322 0.0286465035949
many_rivals 1 1 1 1 1 1
O' values
no_rival 23531.8946096 30654.9216184 22620.8221369 22466.6278429 22800.019754 23000.3593836
brother 19864.6984136 38760.2790809 17551.1218259 19844.1373131 23443.2287582 23507.9174004
nonkin 27488.595632 26578.9544754 29498.277627 28068.4496981 34183.2560131 29043.6840658
many_rivals 0 0 0 0 0 0
