Parameter Female_0 Female_1 Female_2 Female_3 Female_4 Female_5
Size 22.519896244 29.3738221865 33.9446311803 19.6349419175 25.4101430438 34.2788828138
Profit 3.03979367334 4.04945770035 5.94038668129 2.8783181072 3.31765022776 6.15278416487
E values
no_rival 0.0637443495213 0.0849169630447 0.124569666759 0.060358213476 0.0695709901505 0.129023633339
brother 0.0199430571912 0.0265671210582 0.0389728659422 0.0188836706681 0.0217659799785 0.0403663339264
nonkin 0.0360914132555 0.0480791353063 0.0705300996222 0.034174216888 0.0393903989133 0.0730518909601
many_rivals 0.0 0.0 0.0 0.0 0.0 0.0
Observed values
no_rival 174 109 43 102 86 41
brother 267 187 61 81 46 102
nonkin 784 892 524 741 626 605
many_rivals 0 0 0 0 0 0
Q values
no_rival 0.00444097664336 0.00345399521113 0.00239183273294 0.00321506330465 0.00394410312966 0.00227597804526
brother 0.00284194265206 0.0034058471288 0.00230957237375 0.0025107363331 0.00304391960035 0.00286843168627
nonkin 0.0230807468564 0.0223187930555 0.0213871486813 0.0209507783046 0.0206965350071 0.0246279574574
many_rivals 1 1 1 1 1 1
O' values
no_rival 39180.5708459 31557.658114 17977.8457781 31725.6583572 21804.7036735 18014.2335228
brother 93949.8197849 54905.5764772 26411.8157514 32261.4521215 15112.0942862 35559.5012035
nonkin 33967.7049827 39966.3188677 24500.6946839 35368.6144365 30246.6089026 24565.577598
many_rivals 0 0 0 0 0 0
