Parameter Female_0 Female_1 Female_2 Female_3 Female_4 Female_5
Size 23.3520316012 26.5752639785 30.7416969999 21.9549947146 29.4096312301 30.4977561588
Profit 3.10503424058 3.47974696486 4.45726663727 3.00095745304 4.05885572716 4.3766805773
E values
no_rival 0.0735122856835 0.0823836818429 0.10552664899 0.071048247626 0.0960941937011 0.103618758447
brother 0.0229990536989 0.0257745587014 0.0330150674029 0.0222281547523 0.0300640294413 0.0324181647677
nonkin 0.0416219210312 0.0466448168226 0.0597481333915 0.0402268073234 0.0544075715316 0.0586679048451
many_rivals 0.0 0.0 0.0 0.0 0.0 0.0
Observed values
no_rival 90 103 70 141 62 45
brother 123 127 247 47 191 76
nonkin 624 876 673 804 367 644
many_rivals 0 0 0 0 0 0
Q values
no_rival 0.00347649316171 0.00328315882583 0.00269228745061 0.00420419965871 0.00251441551756 0.0023038080025
brother 0.00302025133511 0.00308598630197 0.00386033842165 0.00208548631106 0.00435669442527 0.00272497995417
nonkin 0.0205885800431 0.0248423458967 0.0223147843185 0.0226875759866 0.0178149035357 0.0245213289823
many_rivals 1 1 1 1 1 1
O' values
no_rival 25888.1567757 31372.2257936 26000.1954785 33537.8934033 24657.8179171 19532.8777186
brother 40725.0875349 41153.7795612 63984.0275699 22536.7099034 43840.577593 27890.113424
nonkin 30308.0639215 35262.3702948 30159.3773165 35437.8978378 20600.7290056 26262.8506174
many_rivals 0 0 0 0 0 0
