Parameter Female_0 Female_1 Female_2 Female_3 Female_4 Female_5
Size 23.6086214161 28.8120337339 31.2162580325 22.868849728 25.7117481978 30.6247187881
Profit 3.12729027906 3.90997837739 4.62499123845 3.06591987607 3.35627944644 4.41816316471
E values
no_rival 0.0739599699579 0.0924704320748 0.109380384463 0.0725085686629 0.0793755311719 0.104488929959
brother 0.023139116201 0.0289302993789 0.0342207470831 0.0226850307919 0.0248334286824 0.0326904066271
nonkin 0.0418753953905 0.0523558339364 0.0619300798792 0.0410536264912 0.0449416319942 0.0591605872538
many_rivals 0.0 0.0 0.0 0.0 0.0 0.0
Observed values
no_rival 98 99 89 119 136 80
brother 85 65 44 81 91 84
nonkin 812 559 686 703 836 743
many_rivals 0 0 0 0 0 0
Q values
no_rival 0.0037588909764 0.0043533569703 0.00354271761792 0.0050174778196 0.00433739033782 0.00296761639924
brother 0.0032446809185 0.00283207250408 0.00238207361148 0.00470052582933 0.00194258046458 0.00278967202773
nonkin 0.022700088057 0.0223838766146 0.0265688590339 0.0233021886307 0.0262508510508 0.0243372851985
many_rivals 1 1 1 1 1 1
O' values
no_rival 26071.5196624 22741.0710115 25121.9570958 23717.0953771 31355.2595934 26957.6620551
brother 26196.720767 22951.389806 18471.3015534 17232.1146486 46844.9063805 30111.0665214
nonkin 35770.7863495 24973.3327977 25819.7011443 30168.8399808 31846.58655 30529.2884535
many_rivals 0 0 0 0 0 0
