Parameter Female_0 Female_1 Female_2 Female_3 Female_4 Female_5
Size 22.5836531378 27.0232639676 31.4131966541 23.70329146 28.5168231069 30.3831954313
Profit 3.0444405505 3.55211698567 4.69909317961 3.13577567167 3.84235969554 4.34008739725
E values
no_rival 0.0716463719517 0.0835937803842 0.110586156043 0.0737958079335 0.0904242100814 0.102137489896
brother 0.0224152839288 0.026153150131 0.0345979847797 0.0230877564701 0.0282901183661 0.0319547350889
nonkin 0.0405654593353 0.0473299625157 0.0626127756901 0.0417824484938 0.051197283506 0.0578292254043
many_rivals 0.0 0.0 0.0 0.0 0.0 0.0
Observed values
no_rival 123 71 62 124 90 67
brother 114 99 125 86 54 85
nonkin 823 511 628 624 916 766
many_rivals 0 0 0 0 0 0
Q values
no_rival 0.00427102022274 0.00298123035802 0.00288862826351 0.00339435751659 0.00333586269208 0.00266698992805
brother 0.00366140147588 0.00321916965662 0.00280084647441 0.00292042201158 0.00214401617722 0.00360483636912
nonkin 0.0209953581346 0.0210985166682 0.0233388902361 0.0219615398558 0.0262964053326 0.024676771816
many_rivals 1 1 1 1 1 1
O' values
no_rival 28798.7397824 23815.6705365 21463.4748206 36531.2137552 26979.5277287 25121.9546409
brother 31135.6186288 30753.2719801 44629.3651374 29447.7988657 25186.3771242 23579.4336542
nonkin 39199.1408161 24219.7121265 26907.8775232 28413.3081787 34833.6583809 31041.3374047
many_rivals 0 0 0 0 0 0
