Parameter Female_0 Female_1 Female_2 Female_3 Female_4 Female_5
Size 23.6413986142 25.4709726074 30.7255368813 23.6359440714 26.847204366 30.4075092295
Profit 3.13021112582 3.32526651372 4.45181349271 3.12972381512 3.52294987014 4.34778824555
E values
no_rival 0.0760391856681 0.0807774771953 0.108143591319 0.0760273479014 0.0855796074154 0.105616606791
brother 0.0237896196281 0.0252720415153 0.03383380398 0.0237859160644 0.026774435976 0.0330432116007
nonkin 0.0430526265334 0.0457353998132 0.0612298199688 0.0430459241083 0.0484543179225 0.0597990665991
many_rivals 0.0 0.0 0.0 0.0 0.0 0.0
Observed values
no_rival 73 89 113 103 96 73
brother 171 39 82 81 51 138
nonkin 703 733 804 710 779 593
many_rivals 0 0 0 0 0 0
Q values
no_rival 0.00286660140062 0.00344007824084 0.00390566145733 0.00432865595546 0.00358066583407 0.00320198378792
brother 0.00403691752702 0.00276303965717 0.00335119921893 0.00255276231182 0.0032256544698 0.00357263185657
nonkin 0.0220557960323 0.023125471098 0.0269986328323 0.0245422058533 0.0256309795906 0.0260116616554
many_rivals 1 1 1 1 1 1
O' values
no_rival 25465.6960623 25871.5045906 28932.3591496 23794.9148788 26810.65602 22798.3665237
brother 42359.052137 14114.8897008 24468.8526832 31730.3336958 15810.7449132 38626.9858021
nonkin 31873.7078893 31696.6515792 29779.2856769 28929.7548983 30392.9078186 22797.467069
many_rivals 0 0 0 0 0 0
