Parameter Female_0 Female_1 Female_2 Female_3 Female_4 Female_5
Size 19.3096392662 28.8383426535 30.4002039731 23.1500979401 28.1175605725 33.4192076634
Profit 2.86499889602 3.91618792859 4.34547078322 3.0882558062 3.75665741371 5.63226409537
E values
no_rival 0.0645956918067 0.0882963232007 0.0979751482133 0.06962935328 0.0846994687701 0.126987831019
brother 0.0202094081386 0.0276243876766 0.03065250487 0.0217842394672 0.0264990757994 0.0397294128128
nonkin 0.036573434744 0.049992495233 0.0554725491669 0.0394234435336 0.0479559922229 0.0718992400449
many_rivals 0.0 0.0 0.0 0.0 0.0 0.0
Observed values
no_rival 105 79 102 124 68 46
brother 58 36 105 112 144 45
nonkin 579 711 1067 615 609 642
many_rivals 0 0 0 0 0 0
Q values
no_rival 0.00372116166509 0.00372806878956 0.00360715545765 0.00311972639005 0.00254432539697 0.00210248332585
brother 0.00333353978516 0.00224305401209 0.00277163029398 0.003220788761 0.00323549102974 0.00258635809793
nonkin 0.0207825916041 0.023161744901 0.0263153969034 0.0208174592928 0.0215489093276 0.0244833590306
many_rivals 1 1 1 1 1 1
O' values
no_rival 28216.9949736 21190.5961127 28277.1289448 39747.0753832 26726.1412714 21878.8893279
brother 17398.9223882 16049.5466475 37883.8405064 34774.0905446 44506.3820844 17398.9827766
nonkin 27859.8555479 30697.1691054 40546.604861 29542.510032 28261.2911281 26221.8921513
many_rivals 0 0 0 0 0 0
