Parameter Female_0 Female_1 Female_2 Female_3 Female_4 Female_5
Size 23.1087331136 25.4500925626 33.8845888809 19.8187373681 25.5641113741 31.8661010545
Profit 3.08489647146 3.32264239918 5.90362231119 2.88621010224 3.33709760041 4.8802448396
E values
no_rival 0.0701153982231 0.0755190318788 0.134181108876 0.0655995339054 0.0758475784605 0.110921164947
brother 0.0219363034881 0.0236268843136 0.0419799017229 0.0205234701776 0.0237296733972 0.0347027956652
nonkin 0.0396986373199 0.0427581206594 0.0759720020344 0.0371418001019 0.0429441404486 0.0628024543812
many_rivals 0.0 0.0 0.0 0.0 0.0 0.0
Observed values
no_rival 169 61 71 32 92 83
brother 90 203 70 55 108 130
nonkin 1094 777 702 274 632 644
many_rivals 0 0 0 0 0 0
Q values
no_rival 0.0046807166624 0.00266158986286 0.00314474717166 0.00290596198678 0.00314701921354 0.0033496320645
brother 0.00284750093019 0.00275287169133 0.00457272298622 0.00434645745724 0.00367864236555 0.00317427691176
nonkin 0.0257478716871 0.0227884274383 0.0256558072082 0.0218601670792 0.0209319573342 0.0263499107635
many_rivals 1 1 1 1 1 1
O' values
no_rival 36105.5821553 22918.6325253 22577.3316977 11011.8439765 29234.0128094 24778.8409001
brother 31606.6621948 73741.177491 15308.1654434 12653.9832821 29358.6571534 40954.2089786
nonkin 42488.9487292 34096.2535525 27362.2261932 12534.2134398 30193.0674666 24440.3104731
many_rivals 0 0 0 0 0 0
