Parameter Female_0 Female_1 Female_2 Female_3 Female_4 Female_5
Size 19.3176673069 26.0711165785 33.5022244847 23.5569243383 29.4019812754 33.1460505395
Profit 2.86531792388 3.40524892448 5.6789531359 3.12271973311 4.05684271047 5.48366455053
E values
no_rival 0.061954719193 0.0736292608721 0.122791940089 0.0675203343304 0.0877182070594 0.118569354746
brother 0.0193831534467 0.0230356505564 0.0384166863763 0.0211244117986 0.0274435182606 0.0370956083259
nonkin 0.0350781424599 0.0416881512132 0.0695235685591 0.0382293380945 0.049665171655 0.0671327829637
many_rivals 0.0 0.0 0.0 0.0 0.0 0.0
Observed values
no_rival 134 104 90 74 83 51
brother 27 36 43 65 54 69
nonkin 836 1072 898 453 620 584
many_rivals 0 0 0 0 0 0
Q values
no_rival 0.00496240801409 0.00280267019948 0.00401749702395 0.00270653825083 0.00322749870693 0.0025919222425
brother 0.00232764368728 0.00184899677765 0.00319693255065 0.00307073082481 0.00313700275515 0.00325609672089
nonkin 0.0249252724069 0.0245934487743 0.0288708357613 0.0207789892606 0.023103251305 0.0225867682261
many_rivals 1 1 1 1 1 1
O' values
no_rival 27003.0194251 37107.4698761 22402.0078829 27341.1986612 25716.5091412 19676.5162025
brother 11599.7135419 19470.0177064 13450.39325 21167.5994115 17213.8835107 21191.0167033
nonkin 33540.2553021 43588.8439168 31104.0528034 21800.8679016 26836.0496891 25855.8459605
many_rivals 0 0 0 0 0 0
