Parameter Female_0 Female_1 Female_2 Female_3 Female_4 Female_5
Size 24.3918799508 27.4351901376 30.5481989893 20.9616567026 25.4512637343 34.0694142395
Profit 3.20223751894 3.62423715284 4.3930437841 2.94188219163 3.32278931549 6.01812775984
E values
no_rival 0.0725111031004 0.0820668149365 0.0994755850773 0.0666156466048 0.0752408643053 0.136273802266
brother 0.022685823716 0.025675423721 0.0311219315473 0.0208413711968 0.0235398568065 0.0426346217769
nonkin 0.0410550614644 0.0464654099489 0.0563220815149 0.0377171129512 0.042600624961 0.077156864105
many_rivals 0.0 0.0 0.0 0.0 0.0 0.0
Observed values
no_rival 105 110 78 87 128 79
brother 94 69 172 137 119 163
nonkin 796 949 610 477 864 532
many_rivals 0 0 0 0 0 0
Q values
no_rival 0.00460835158542 0.00419417612025 0.00404471171652 0.00448861679569 0.00569523428272 0.00314810593966
brother 0.00473743920103 0.00358007598236 0.00418730793185 0.00362606830368 0.00328369693713 0.0052494354833
nonkin 0.0240230277747 0.0264960389923 0.0226510291344 0.0220696660031 0.0244888134811 0.021507493451
many_rivals 1 1 1 1 1 1
O' values
no_rival 22784.7198838 26226.843329 19284.4398975 19382.3629773 22474.9314332 25094.4540985
brother 19841.943297 19273.3339571 41076.5109229 37781.9689334 36239.6415621 31050.9578637
nonkin 33134.874066 35816.6743442 26930.3437111 21613.3764749 35281.4153559 24735.5648956
many_rivals 0 0 0 0 0 0
