Parameter Female_0 Female_1 Female_2 Female_3 Female_4 Female_5
Size 21.6448830428 26.5208921976 30.4207429073 22.1267514505 26.058111813 30.3913779354
Profit 2.98132155321 3.4713698317 4.35199447778 3.01233381752 3.40341874311 4.34267510685
E values
no_rival 0.0735798696025 0.0856744014358 0.107408469858 0.0743452611658 0.0839973491123 0.107178465115
brother 0.0230201980038 0.0268040932332 0.0336038138799 0.0232596584083 0.0262794106433 0.033531854596
nonkin 0.0416601863702 0.0485079893489 0.0608136015491 0.0420935434195 0.0475584590939 0.0606833751637
many_rivals 0.0 0.0 0.0 0.0 0.0 0.0
Observed values
no_rival 82 102 66 149 99 82
brother 91 54 47 112 67 97
nonkin 558 782 686 892 770 613
many_rivals 0 0 0 0 0 0
Q values
no_rival 0.00320416078726 0.00415072126025 0.00295120677986 0.00462985455949 0.00398953864812 0.00416541965868
brother 0.00412433470311 0.00317162064371 0.00346484287717 0.00369140164958 0.00382977313246 0.00376900704452
nonkin 0.0232108047713 0.0266905794425 0.025986373139 0.0256619075074 0.0257392629633 0.0246818819076
many_rivals 1 1 1 1 1 1
O' values
no_rival 25591.7244622 24574.0423422 22363.7328467 32182.4364211 24814.8993485 19685.8916314
brother 22064.1646594 17025.995876 13564.8286708 30340.778553 17494.5088606 25736.2214647
nonkin 24040.5279136 29298.7269791 26398.4510779 34759.6919576 29915.3865088 24836.0316403
many_rivals 0 0 0 0 0 0
