Parameter Female_0 Female_1 Female_2 Female_3 Female_4 Female_5
Size 22.1714320993 29.0822954906 31.0973786903 23.2730649933 25.192219849 30.7486924231
Profit 3.01535373467 3.9752478615 4.58156582494 3.09839733274 3.29106613118 4.45963232897
E values
no_rival 0.0715714561961 0.0943551912058 0.108746557321 0.073542552049 0.0781156760277 0.105852383491
brother 0.0223918457855 0.0295199651207 0.0340224479233 0.023008522834 0.024439270402 0.033116976699
nonkin 0.0405230427837 0.0534229657088 0.0615712132893 0.0416390575446 0.0442283146101 0.0599325610088
many_rivals 0.0 0.0 0.0 0.0 0.0 0.0
Observed values
no_rival 100 96 82 122 96 69
brother 28 67 124 69 78 129
nonkin 910 831 787 772 499 501
many_rivals 0 0 0 0 0 0
Q values
no_rival 0.00354165527509 0.00328951833023 0.00284192526864 0.00420017879607 0.00316226414918 0.00266979748022
brother 0.00297846665252 0.00444094835521 0.00291884238467 0.00380308802368 0.00473634819567 0.00423065968092
nonkin 0.0224837698976 0.0236787585428 0.0259146278548 0.0233802025122 0.0213495614552 0.0210180964006
many_rivals 1 1 1 1 1 1
O' values
no_rival 28235.3849352 29183.6039088 28853.6791958 29046.3825288 30357.9952436 25844.6569491
brother 9400.81030496 15086.867633 42482.595378 18143.1509264 16468.3838218 30491.6986308
nonkin 40473.639614 35094.7452967 30368.9485494 33019.3889295 23372.8454351 23836.602062
many_rivals 0 0 0 0 0 0
