Parameter Female_0 Female_1 Female_2 Female_3 Female_4 Female_5
Size 24.2664108134 28.191622545 32.0040855737 22.5427286237 27.4799198187 33.89246861
Profit 3.18948010381 3.7720745704 4.93856001977 3.04145142099 3.63240862964 5.90842359317
E values
no_rival 0.0693310218307 0.0819951138982 0.107351480931 0.0661132623509 0.0789591387322 0.128433798547
brother 0.02169090349 0.0256529913342 0.033585984324 0.0206841952591 0.0247031561437 0.0401817982136
nonkin 0.0392545312503 0.046424813538 0.0607813349882 0.0374326680104 0.0447058747588 0.0727179323996
many_rivals 0.0 0.0 0.0 0.0 0.0 0.0
Observed values
no_rival 101 39 76 62 114 81
brother 69 80 167 76 222 206
nonkin 734 335 837 467 922 861
many_rivals 0 0 0 0 0 0
Q values
no_rival 0.00341590595127 0.00178392296212 0.00289098657193 0.00256621235922 0.00324094788022 0.00283692805133
brother 0.00252403643809 0.00280701298046 0.00384301462292 0.0031160369224 0.00312679750068 0.00420856744923
nonkin 0.0220769070937 0.0185572498467 0.0231335931706 0.0190201172876 0.0218649407269 0.0264467580247
many_rivals 1 1 1 1 1 1
O' values
no_rival 29567.5587797 21861.9306036 26288.6035991 24160.1205673 35174.894572 28552.010673
brother 27337.1647725 28500.0463328 43455.4682681 24389.9548987 70999.1612671 48947.7720115
nonkin 33247.4108299 18052.2438814 36181.1498035 24552.9505911 42167.9624709 32555.9752615
many_rivals 0 0 0 0 0 0
