Parameter Female_0 Female_1 Female_2 Female_3 Female_4 Female_5
Size 24.1038218539 27.5334985656 30.5736300388 20.3152065043 25.4628556007 30.0129850731
Profit 3.17338820692 3.64228725279 4.40135219788 2.90893741958 3.32424518357 4.22706247355
E values
no_rival 0.0779076716536 0.0894192896852 0.108054571173 0.0714153222261 0.081611257549 0.103775704003
brother 0.0243741941535 0.0279757189709 0.0338059531372 0.0223429977117 0.0255328980368 0.0324672667545
nonkin 0.0441105446136 0.0506283076269 0.0611794176524 0.0404346412912 0.0462074779117 0.0587567658496
many_rivals 0.0 0.0 0.0 0.0 0.0 0.0
Observed values
no_rival 82 72 66 99 98 89
brother 142 148 93 92 183 60
nonkin 780 717 805 572 657 658
many_rivals 0 0 0 0 0 0
Q values
no_rival 0.00301406664261 0.003275208814 0.00247482999568 0.00339837896733 0.00350442852865 0.00423454298611
brother 0.00243225426893 0.00278442818362 0.00261866592487 0.00328638815213 0.00301163775935 0.00348044351917
nonkin 0.0224225501892 0.0237838395116 0.0249256502348 0.0200780257779 0.0204898458301 0.0229038068801
many_rivals 1 1 1 1 1 1
O' values
no_rival 27205.7687248 21983.3311673 26668.4984888 29131.5362271 27964.6165413 21017.6163737
brother 58382.0539711 53152.7445637 35514.2666794 27994.2586637 60764.2799775 17239.1822104
nonkin 34786.408924 30146.5202728 32296.0481439 28488.8567395 32064.6629285 28728.8485903
many_rivals 0 0 0 0 0 0
