Parameter Female_0 Female_1 Female_2 Female_3 Female_4 Female_5
Size 22.9028418628 29.1931970633 31.4125063878 20.7777526688 27.5520247865 31.3519357674
Profit 3.06855733934 4.00300201795 4.69882865088 2.93210053707 3.64572617118 4.67574902033
E values
no_rival 0.0709276896901 0.0925267653689 0.108610341473 0.0677735802318 0.084268568571 0.108076870955
brother 0.0221904369964 0.0289479238133 0.0339798314333 0.0212036423113 0.0263642643631 0.033812929847
nonkin 0.0401585486256 0.0523877292842 0.0614940892388 0.0383727233914 0.0477120208392 0.0611920435661
many_rivals 0.0 0.0 0.0 0.0 0.0 0.0
Observed values
no_rival 124 84 58 125 83 70
brother 128 134 76 224 65 64
nonkin 803 639 579 744 907 507
many_rivals 0 0 0 0 0 0
Q values
no_rival 0.00362032922029 0.00301262297166 0.0025844222746 0.00358292911658 0.00319279009686 0.0031892641042
brother 0.0031717566359 0.00349747191184 0.00464617770978 0.00357525862714 0.00250929981362 0.00369614067377
nonkin 0.0241979533595 0.0256237978429 0.0237804469322 0.02188344437 0.0270769548383 0.0228633529408
many_rivals 1 1 1 1 1 1
O' values
no_rival 34251.0286924 27882.6792434 22442.1529601 34887.656421 25996.071612 21948.6369623
brother 40356.1857651 38313.3884639 16357.5318783 62652.810149 25903.6403889 17315.3582747
nonkin 33184.6246694 24937.7552819 24347.7341554 33998.3042624 33497.1197985 22175.2251873
many_rivals 0 0 0 0 0 0
