Parameter Female_0 Female_1 Female_2 Female_3 Female_4 Female_5
Size 21.3707411305 25.327271302 32.1578740263 23.9391067835 25.8461654791 34.4019766393
Profit 2.96488801556 3.30741276908 5.00535523974 3.15757800864 3.3742111115 6.2344147105
E values
no_rival 0.0656244641464 0.0732058646202 0.110787912982 0.0698894405891 0.0746843708587 0.137991763094
brother 0.0205312698528 0.0229031868051 0.0346611064556 0.0218656103827 0.0233657522669 0.0431721030015
nonkin 0.037155915355 0.0414484284893 0.0627270084514 0.0395707023672 0.0422855439365 0.078129556346
many_rivals 0.0 0.0 0.0 0.0 0.0 0.0
Observed values
no_rival 114 111 81 160 76 57
brother 50 105 150 55 177 147
nonkin 689 621 767 634 751 688
many_rivals 0 0 0 0 0 0
Q values
no_rival 0.00345681399848 0.00399278686472 0.00269476668295 0.00437677439536 0.00315603727541 0.00269281599768
brother 0.00319962918161 0.00350012368783 0.00392735742519 0.00247683819048 0.00360291663202 0.00508914622086
nonkin 0.0233902383549 0.0219801544291 0.0270030406197 0.0230813808608 0.0237559924601 0.0259618522169
many_rivals 1 1 1 1 1 1
O' values
no_rival 32978.3436569 27800.1315273 30058.2608923 36556.602088 24080.830918 21167.4321785
brother 15626.8108465 29998.9398561 38193.6207379 22205.729955 49126.8652811 28885.0022421
nonkin 29456.7327423 28252.758733 28404.208652 27468.027317 31613.0762065 26500.4204728
many_rivals 0 0 0 0 0 0
