Parameter Female_0 Female_1 Female_2 Female_3 Female_4 Female_5
Size 21.4436952522 28.085005916 29.6736457745 19.7709682596 29.1421678843 32.249874063
Profit 2.96917920892 3.74994802689 4.13012628677 2.88413274172 3.99015986074 5.04624335878
E values
no_rival 0.0693967383306 0.0876451516277 0.0965308164406 0.0674090013114 0.0932594701328 0.117942638447
brother 0.0217114635541 0.0274206621382 0.0302006312316 0.0210895801503 0.0291771578257 0.0368995338645
nonkin 0.0392917392754 0.0496238084001 0.0546547829605 0.0381663024525 0.0528025793945 0.0667779424623
many_rivals 0.0 0.0 0.0 0.0 0.0 0.0
Observed values
no_rival 68 94 71 96 110 55
brother 92 71 84 69 119 50
nonkin 653 813 665 590 905 837
many_rivals 0 0 0 0 0 0
Q values
no_rival 0.0023848954268 0.00329679166754 0.00260004187097 0.0035748122798 0.00331904277529 0.00234450331785
brother 0.00269821200763 0.00246144505484 0.00306187133674 0.00325768263612 0.00446732526365 0.00338437446163
nonkin 0.022572214269 0.0233993030139 0.024509530785 0.0209809541752 0.0247799781064 0.0251222763042
many_rivals 1 1 1 1 1 1
O' values
no_rival 28512.7805756 28512.5690305 27307.2525457 26854.556963 33142.0856697 23459.1265371
brother 34096.6535393 28844.84456 27434.2030614 21180.7004264 26637.8633695 14773.7788968
nonkin 28929.3727332 34744.6246377 27132.3023616 28120.7420346 36521.4204837 33317.0445967
many_rivals 0 0 0 0 0 0
