Parameter Female_0 Female_1 Female_2 Female_3 Female_4 Female_5
Size 20.3101730245 28.2942560516 30.006184852 21.5575855058 26.8460117788 33.3477050388
Profit 2.90869623126 3.79379599149 4.22505879841 2.97599661728 3.52275556032 5.59262855059
E values
no_rival 0.0672473022483 0.0877102747844 0.0976808107287 0.0688032465754 0.0814439835159 0.129298198437
brother 0.0210389909814 0.027441036569 0.0305604184446 0.0215257837236 0.0254805646828 0.0404522343632
nonkin 0.03807475006 0.0496606804802 0.0553058982265 0.0389557101785 0.0461127690269 0.0732073469733
many_rivals 0.0 0.0 0.0 0.0 0.0 0.0
Observed values
no_rival 85 40 107 110 80 75
brother 72 84 312 116 24 129
nonkin 445 474 847 603 515 1256
many_rivals 0 0 0 0 0 0
Q values
no_rival 0.00339139584857 0.00195054472595 0.00405026747978 0.00422342790208 0.00370973653745 0.00307082267735
brother 0.00327371108973 0.00339648251264 0.00431988907456 0.00304197919426 0.00325571967311 0.00276238229914
nonkin 0.0224922031866 0.0199428927887 0.0246939930221 0.0213255377131 0.0217031089419 0.0339432252717
many_rivals 1 1 1 1 1 1
O' values
no_rival 25063.4263281 20507.0919255 26418.0083252 26045.1942238 21564.8737295 24423.422607
brother 21993.3885509 24731.4684199 72224.0767332 38133.0681745 7371.64203607 46698.8222594
nonkin 19784.6336487 23767.8658268 34299.8396105 28275.9575919 23729.3192131 37002.965686
many_rivals 0 0 0 0 0 0
